3 0.4626736111111111 0.38916015625 0.8854166666666666 0.287109375
3 0.3802083333333333 0.50341796875 0.7013888888888888 0.146484375
3 0.3072916666666667 0.54931640625 0.609375 0.126953125
3 0.2907986111111111 0.60302734375 0.5086805555555556 0.1064453125
3 0.2569444444444444 0.63916015625 0.4652777777777778 0.0859375
3 0.2760416666666667 0.6796875 0.3263888888888889 0.072265625
3 0.2465277777777778 0.71240234375 0.3402777777777778 0.0712890625
3 0.2387152777777778 0.7412109375 0.3125 0.0625
3 0.2526041666666667 0.765625 0.2881944444444444 0.05859375
3 0.24913194444444445 0.7880859375 0.2534722222222222 0.0478515625
3 0.2465277777777778 0.806640625 0.2708333333333333 0.0576171875
3 0.21180555555555555 0.82373046875 0.2361111111111111 0.0546875