2 0.5416666666666666 0.603515625 0.3177083333333333 0.1640625
2 0.5052083333333334 0.7158203125 0.19618055555555555 0.017578125
2 0.5078125 0.72900390625 0.1684027777777778 0.0107421875
2 0.5130208333333334 0.74267578125 0.16493055555555555 0.0126953125
2 0.5052083333333334 0.7548828125 0.13541666666666666 0.0068359375
2 0.5416666666666666 0.76318359375 0.11458333333333333 0.0078125
2 0.5529513888888888 0.77294921875 0.08506944444444445 0.01171875
2 0.5737847222222222 0.7822265625 0.0798611111111111 0.0107421875
0 0.3576388888888889 0.1123046875 0.3732638888888889 0.14453125
0 0.4166666666666667 0.19580078125 0.11284722222222222 0.025390625
0 0.4418402777777778 0.21826171875 0.1111111111111111 0.01953125
0 0.4279513888888889 0.23828125 0.08159722222222222 0.0126953125
0 0.4288194444444444 0.2529296875 0.09722222222222222 0.013671875
0 0.4366319444444444 0.26904296875 0.0954861111111111 0.009765625
0 0.4340277777777778 0.28173828125 0.08333333333333333 0.0166015625
0 0.4383680555555556 0.30419921875 0.08159722222222222 0.0166015625
0 0.4244791666666667 0.3212890625 0.0625 0.009765625
0 0.4157986111111111 0.3369140625 0.06597222222222222 0.009765625
0 0.4409722222222222 0.359375 0.09722222222222222 0.015625
0 0.4357638888888889 0.376953125 0.08854166666666667 0.0185546875
0 0.4340277777777778 0.3916015625 0.08854166666666667 0.0087890625
0 0.4262152777777778 0.4072265625 0.07465277777777778 0.025390625
0 0.4288194444444444 0.4208984375 0.08159722222222222 0.0068359375
0 0.4262152777777778 0.43115234375 0.06770833333333333 0.015625
0 0.4279513888888889 0.44580078125 0.0642361111111111 0.017578125
0 0.4348958333333333 0.4609375 0.06944444444444445 0.015625
0 0.4305555555555556 0.47412109375 0.052083333333333336 0.021484375
0 0.1684027777777778 0.24072265625 0.3125 0.1494140625
0 0.1362847222222222 0.33984375 0.2361111111111111 0.0244140625
0 0.13020833333333334 0.35986328125 0.22916666666666666 0.017578125
0 0.13975694444444445 0.37939453125 0.25 0.0205078125
0 0.1171875 0.40087890625 0.21180555555555555 0.0205078125
0 0.1284722222222222 0.4208984375 0.21006944444444445 0.017578125
0 0.12413194444444445 0.435546875 0.18055555555555555 0.0107421875
0 0.11979166666666667 0.45361328125 0.19270833333333334 0.0185546875
0 0.1293402777777778 0.4736328125 0.1753472222222222 0.013671875
0 0.125 0.48828125 0.15625 0.0126953125
0 0.1519097222222222 0.50244140625 0.19791666666666666 0.0126953125
0 0.12239583333333333 0.517578125 0.1388888888888889 0.0166015625
0 0.1345486111111111 0.53369140625 0.14930555555555555 0.0146484375