2 0.5729166666666666 0.59765625 0.3454861111111111 0.1806640625
2 0.5720486111111112 0.7119140625 0.19791666666666666 0.0283203125
2 0.578125 0.724609375 0.1684027777777778 0.0205078125
2 0.5876736111111112 0.7373046875 0.16666666666666666 0.0224609375
2 0.5842013888888888 0.75048828125 0.13541666666666666 0.0146484375
2 0.6223958333333334 0.7548828125 0.11458333333333333 0.0146484375
2 0.6362847222222222 0.763671875 0.08680555555555555 0.0166015625
2 0.6597222222222222 0.7705078125 0.0798611111111111 0.015625
0 0.23958333333333334 0.1318359375 0.3958333333333333 0.1640625
0 0.3237847222222222 0.20849609375 0.11631944444444445 0.0322265625
0 0.3559027777777778 0.22802734375 0.11458333333333333 0.0263671875
0 0.3480902777777778 0.2490234375 0.08333333333333333 0.0166015625
0 0.3541666666666667 0.263671875 0.09722222222222222 0.01953125
0 0.3663194444444444 0.27880859375 0.0954861111111111 0.015625
0 0.3680555555555556 0.29150390625 0.08680555555555555 0.0205078125
0 0.3784722222222222 0.3134765625 0.08333333333333333 0.0205078125
0 0.3706597222222222 0.33154296875 0.0625 0.0126953125
0 0.3671875 0.34765625 0.06597222222222222 0.013671875
0 0.3984375 0.3671875 0.09895833333333333 0.0205078125
0 0.3984375 0.384765625 0.0920138888888889 0.0234375
0 0.4010416666666667 0.39990234375 0.08854166666666667 0.0146484375
0 0.3984375 0.416015625 0.078125 0.029296875
0 0.4053819444444444 0.4287109375 0.08159722222222222 0.01171875
0 0.40625 0.439453125 0.07118055555555555 0.01953125
0 0.4123263888888889 0.45361328125 0.06597222222222222 0.0205078125
0 0.4244791666666667 0.4677734375 0.07118055555555555 0.01953125
0 0.4236111111111111 0.4814453125 0.05555555555555555 0.0244140625
0 0.13020833333333334 0.2763671875 0.2604166666666667 0.166015625
0 0.10503472222222222 0.37744140625 0.21006944444444445 0.0380859375
0 0.1032986111111111 0.3974609375 0.2065972222222222 0.03125
0 0.11631944444444445 0.41650390625 0.2326388888888889 0.0341796875
0 0.09895833333333333 0.43994140625 0.19791666666666666 0.0322265625
0 0.109375 0.4580078125 0.21006944444444445 0.029296875
0 0.11024305555555555 0.47314453125 0.18055555555555555 0.021484375
0 0.1111111111111111 0.4912109375 0.19270833333333334 0.029296875
0 0.1267361111111111 0.51025390625 0.1753472222222222 0.0234375
0 0.1267361111111111 0.52490234375 0.15625 0.021484375
0 0.1579861111111111 0.5361328125 0.19791666666666666 0.0244140625
0 0.13368055555555555 0.55419921875 0.140625 0.0244140625
0 0.1501736111111111 0.56884765625 0.14930555555555555 0.0224609375