3 0.6944444444444444 0.31982421875 0.4322916666666667 0.0888671875
3 0.7170138888888888 0.34619140625 0.4322916666666667 0.080078125
3 0.7204861111111112 0.37744140625 0.421875 0.0810546875
3 0.7352430555555556 0.4072265625 0.4027777777777778 0.087890625
3 0.7274305555555556 0.4365234375 0.390625 0.0830078125
3 0.75 0.46630859375 0.3975694444444444 0.080078125
3 0.7647569444444444 0.49169921875 0.3871527777777778 0.08203125
3 0.7803819444444444 0.52197265625 0.375 0.0732421875
3 0.8038194444444444 0.5458984375 0.3923611111111111 0.083984375
3 0.7786458333333334 0.583984375 0.2847222222222222 0.068359375
2 0.5234375 0.0263671875 0.4704861111111111 0.052734375
2 0.5538194444444444 0.0400390625 0.4618055555555556 0.080078125
2 0.5894097222222222 0.0625 0.4184027777777778 0.0908203125
2 0.6128472222222222 0.0947265625 0.4079861111111111 0.0859375
2 0.6267361111111112 0.125 0.3993055555555556 0.0869140625
2 0.6293402777777778 0.16015625 0.3611111111111111 0.0791015625
2 0.6475694444444444 0.18994140625 0.3680555555555556 0.0908203125
2 0.6762152777777778 0.220703125 0.3888888888888889 0.087890625
2 0.6866319444444444 0.25390625 0.3697916666666667 0.08203125
2 0.7092013888888888 0.28466796875 0.3645833333333333 0.08203125
1 0.8203125 0.61083984375 0.3090277777777778 0.064453125
1 0.8185763888888888 0.63623046875 0.3628472222222222 0.0830078125
1 0.8350694444444444 0.66455078125 0.3298611111111111 0.0693359375
1 0.8411458333333334 0.69189453125 0.3177083333333333 0.0751953125
1 0.8489583333333334 0.71923828125 0.3020833333333333 0.0654296875
1 0.8611111111111112 0.74267578125 0.2777777777777778 0.0634765625
0 0.8611111111111112 0.76904296875 0.2777777777777778 0.0693359375
0 0.8611111111111112 0.79736328125 0.2777777777777778 0.0751953125
0 0.8671875 0.82861328125 0.265625 0.0712890625
0 0.8585069444444444 0.85498046875 0.2829861111111111 0.0849609375
0 0.8810763888888888 0.88916015625 0.2378472222222222 0.0810546875
0 0.8975694444444444 0.9169921875 0.2048611111111111 0.0625
0 0.8949652777777778 0.93896484375 0.21006944444444445 0.0654296875