2 0.4175347222222222 0.595703125 0.3559027777777778 0.1884765625
2 0.4088541666666667 0.7099609375 0.19791666666666666 0.0341796875
2 0.4010416666666667 0.72216796875 0.1684027777777778 0.025390625
2 0.390625 0.734375 0.16493055555555555 0.02734375
2 0.3923611111111111 0.74755859375 0.13368055555555555 0.0185546875
2 0.3541666666666667 0.7509765625 0.11458333333333333 0.017578125
2 0.3394097222222222 0.75927734375 0.08680555555555555 0.0185546875
2 0.3151041666666667 0.765625 0.0798611111111111 0.017578125
0 0.7942708333333334 0.14013671875 0.4045138888888889 0.173828125
0 0.703125 0.21435546875 0.11805555555555555 0.03515625
0 0.6692708333333334 0.23291015625 0.11458333333333333 0.029296875
0 0.6753472222222222 0.25390625 0.08333333333333333 0.01953125
0 0.6675347222222222 0.2685546875 0.09722222222222222 0.021484375
0 0.6536458333333334 0.283203125 0.0954861111111111 0.017578125
0 0.6510416666666666 0.29541015625 0.08680555555555555 0.0234375
0 0.6380208333333334 0.3173828125 0.08333333333333333 0.0234375
0 0.6449652777777778 0.33544921875 0.0625 0.0146484375
0 0.6467013888888888 0.35205078125 0.06597222222222222 0.015625
0 0.6137152777777778 0.3701171875 0.09895833333333333 0.0234375
0 0.6119791666666666 0.38818359375 0.0920138888888889 0.025390625
0 0.6076388888888888 0.40283203125 0.08854166666666667 0.0166015625
0 0.609375 0.4189453125 0.0798611111111111 0.03125
0 0.6006944444444444 0.431640625 0.08159722222222222 0.013671875
0 0.5989583333333334 0.44189453125 0.07118055555555555 0.0205078125
0 0.5920138888888888 0.45654296875 0.06770833333333333 0.0224609375
0 0.5789930555555556 0.47021484375 0.07118055555555555 0.0205078125
0 0.578125 0.4833984375 0.057291666666666664 0.025390625
0 0.8767361111111112 0.2890625 0.2465277777777778 0.173828125
0 0.9001736111111112 0.3896484375 0.1996527777777778 0.044921875
0 0.9010416666666666 0.40966796875 0.19791666666666666 0.0380859375
0 0.8871527777777778 0.42822265625 0.22569444444444445 0.0419921875
0 0.9027777777777778 0.45166015625 0.19444444444444445 0.0380859375
0 0.8940972222222222 0.4697265625 0.21006944444444445 0.03515625
0 0.8923611111111112 0.48486328125 0.17881944444444445 0.0263671875
0 0.8888888888888888 0.5029296875 0.19270833333333334 0.03515625
0 0.8715277777777778 0.52099609375 0.1753472222222222 0.0283203125
0 0.8697916666666666 0.5361328125 0.15625 0.0263671875
0 0.8385416666666666 0.54638671875 0.19618055555555555 0.0302734375
0 0.8611111111111112 0.56494140625 0.140625 0.0283203125
0 0.8428819444444444 0.5791015625 0.14930555555555555 0.02734375