1 0.8638888888888889 0.453125 0.2652777777777778 0.0390625
1 0.8666666666666667 0.478125 0.2652777777777778 0.03515625
1 0.8791666666666667 0.5015625 0.24166666666666667 0.0390625
1 0.8923611111111112 0.525390625 0.2152777777777778 0.03203125
1 0.9055555555555556 0.549609375 0.18888888888888888 0.03203125
1 0.9118055555555555 0.572265625 0.1763888888888889 0.02890625
1 0.9145833333333333 0.594140625 0.17083333333333334 0.03046875
1 0.9222222222222223 0.613671875 0.15555555555555556 0.02734375
1 0.9277777777777778 0.634375 0.14444444444444443 0.0296875
1 0.9319444444444445 0.65390625 0.1361111111111111 0.028125
1 0.9402777777777778 0.674609375 0.11944444444444445 0.01953125
0 0.9555555555555556 0.69609375 0.08888888888888889 0.0296875
0 0.9722222222222222 0.71953125 0.05555555555555555 0.0171875
0 0.9694444444444444 0.740234375 0.06111111111111111 0.01953125
0 0.9736111111111111 0.7609375 0.05277777777777778 0.0171875
0 0.9583333333333334 0.78203125 0.08333333333333333 0.0203125
0 0.9472222222222222 0.803515625 0.10555555555555556 0.02265625
0 0.9527777777777777 0.8265625 0.09444444444444444 0.025
0 0.9548611111111112 0.844921875 0.09027777777777778 0.02109375
0 0.95625 0.86171875 0.0875 0.021875
0 0.9597222222222223 0.880859375 0.08055555555555556 0.02109375
0 0.9541666666666667 0.898046875 0.09166666666666666 0.02421875
0 0.8923611111111112 0.916015625 0.11805555555555555 0.0328125