1 0.13819444444444445 0.449609375 0.26666666666666666 0.04140625
1 0.13402777777777777 0.474609375 0.2652777777777778 0.0375
1 0.12083333333333333 0.498046875 0.24166666666666667 0.04140625
1 0.10694444444444444 0.521875 0.21388888888888888 0.034375
1 0.09375 0.544921875 0.1875 0.03359375
1 0.08680555555555555 0.568359375 0.1736111111111111 0.03046875
1 0.08333333333333333 0.590234375 0.16666666666666666 0.03203125
1 0.07569444444444444 0.609765625 0.15138888888888888 0.02890625
1 0.07013888888888889 0.6296875 0.14027777777777778 0.03125
1 0.06527777777777778 0.64921875 0.13055555555555556 0.0296875
1 0.05694444444444444 0.669921875 0.11388888888888889 0.02109375
0 0.041666666666666664 0.69140625 0.08333333333333333 0.03125
0 0.024305555555555556 0.714453125 0.04861111111111111 0.01796875
0 0.02638888888888889 0.73515625 0.05277777777777778 0.0203125
0 0.022222222222222223 0.755859375 0.044444444444444446 0.01796875
0 0.0375 0.777734375 0.075 0.02109375
0 0.04791666666666667 0.798828125 0.09583333333333334 0.02421875
0 0.041666666666666664 0.822265625 0.08333333333333333 0.02578125
0 0.03958333333333333 0.83984375 0.07916666666666666 0.021875
0 0.0375 0.857421875 0.075 0.02265625
0 0.034027777777777775 0.876171875 0.06805555555555555 0.02265625
0 0.03958333333333333 0.893359375 0.07916666666666666 0.02578125
0 0.09513888888888888 0.912109375 0.11805555555555555 0.03359375