2 0.5520833333333334 0.222265625 0.6444444444444445 0.125
2 0.48194444444444445 0.444921875 0.6166666666666667 0.1203125
2 0.44166666666666665 0.479296875 0.5388888888888889 0.11796875
2 0.41597222222222224 0.61328125 0.4777777777777778 0.10078125
2 0.37083333333333335 0.64453125 0.45555555555555555 0.09765625
2 0.30694444444444446 0.7953125 0.4111111111111111 0.084375
2 0.30277777777777776 0.832421875 0.4013888888888889 0.0859375
2 0.30486111111111114 0.864453125 0.3236111111111111 0.065625
2 0.25277777777777777 0.962109375 0.31805555555555554 0.05859375
3 0.6472222222222223 0.04609375 0.7 0.0921875
3 0.6263888888888889 0.069921875 0.6625 0.13203125
3 0.6166666666666667 0.1140625 0.6305555555555555 0.10859375
3 0.6069444444444444 0.140625 0.6569444444444444 0.1109375
3 0.5833333333333334 0.168359375 0.6569444444444444 0.11875
3 0.5284722222222222 0.2734375 0.6666666666666666 0.12421875
3 0.5298611111111111 0.316796875 0.6833333333333333 0.1296875
3 0.49027777777777776 0.357421875 0.6347222222222222 0.11796875
3 0.45416666666666666 0.527734375 0.5638888888888889 0.103125
3 0.40902777777777777 0.559375 0.4861111111111111 0.096875
3 0.39652777777777776 0.68828125 0.475 0.09296875
3 0.36666666666666664 0.716796875 0.46805555555555556 0.0875
3 0.3333333333333333 0.745703125 0.43472222222222223 0.0875
3 0.2826388888888889 0.89609375 0.375 0.07734375
3 0.2604166666666667 0.92734375 0.3527777777777778 0.07421875
3 0.03611111111111111 0.931640625 0.07222222222222222 0.03828125
3 0.4736111111111111 0.991015625 0.09444444444444444 0.01796875
0 0.4888888888888889 0.405859375 0.5541666666666667 0.09765625