1 0.5824652777777778 0.53125 0.3072916666666667 0.0205078125
1 0.5833333333333334 0.54833984375 0.2934027777777778 0.025390625
1 0.5789930555555556 0.568359375 0.2829861111111111 0.02734375
1 0.578125 0.58740234375 0.265625 0.021484375
1 0.5659722222222222 0.60693359375 0.25 0.0244140625
1 0.5746527777777778 0.6259765625 0.22569444444444445 0.0205078125
0 0.5885416666666666 0.6494140625 0.2725694444444444 0.0205078125
0 0.5824652777777778 0.666015625 0.2534722222222222 0.021484375
0 0.5894097222222222 0.68505859375 0.24305555555555555 0.025390625
0 0.5911458333333334 0.705078125 0.2309027777777778 0.0185546875
0 0.5963541666666666 0.72509765625 0.2222222222222222 0.01953125
0 0.5868055555555556 0.744140625 0.21875 0.017578125
0 0.5824652777777778 0.7626953125 0.24131944444444445 0.0185546875
0 0.5842013888888888 0.7802734375 0.2378472222222222 0.0185546875
0 0.5772569444444444 0.7998046875 0.2309027777777778 0.0224609375
2 0.5989583333333334 0.103515625 0.3333333333333333 0.03515625
2 0.5755208333333334 0.13671875 0.328125 0.0234375
2 0.5703125 0.154296875 0.3055555555555556 0.01953125
2 0.5772569444444444 0.1767578125 0.3020833333333333 0.0205078125
2 0.5633680555555556 0.2001953125 0.2899305555555556 0.02734375
2 0.5625 0.22265625 0.2690972222222222 0.029296875
2 0.578125 0.24267578125 0.28125 0.0244140625
2 0.5902777777777778 0.267578125 0.2899305555555556 0.02734375
2 0.5876736111111112 0.2861328125 0.2760416666666667 0.029296875
2 0.5850694444444444 0.3076171875 0.2777777777777778 0.0244140625
3 0.5815972222222222 0.330078125 0.265625 0.0224609375
3 0.5677083333333334 0.34814453125 0.2847222222222222 0.025390625
3 0.5815972222222222 0.36865234375 0.28125 0.025390625
3 0.578125 0.38818359375 0.2916666666666667 0.0205078125
3 0.5885416666666666 0.40673828125 0.2934027777777778 0.0283203125
3 0.5902777777777778 0.4287109375 0.296875 0.0234375
3 0.5763888888888888 0.44921875 0.2760416666666667 0.01953125
3 0.5755208333333334 0.46533203125 0.2743055555555556 0.015625
3 0.5789930555555556 0.48388671875 0.2777777777777778 0.0244140625
3 0.5885416666666666 0.50244140625 0.2708333333333333 0.0234375