3 0.5477430555555556 0.39013671875 0.8784722222222222 0.265625
3 0.6197916666666666 0.5068359375 0.7048611111111112 0.126953125
3 0.6875 0.5546875 0.6128472222222222 0.1103515625
3 0.6987847222222222 0.60888671875 0.5104166666666666 0.0927734375
3 0.7300347222222222 0.64599609375 0.46875 0.072265625
3 0.7074652777777778 0.68603515625 0.3263888888888889 0.0625
3 0.7326388888888888 0.7197265625 0.3420138888888889 0.0615234375
3 0.7387152777777778 0.74853515625 0.3142361111111111 0.0537109375
3 0.7222222222222222 0.7724609375 0.2899305555555556 0.0498046875
3 0.7239583333333334 0.794921875 0.2552083333333333 0.041015625
3 0.7239583333333334 0.8134765625 0.2725694444444444 0.0498046875
3 0.7578125 0.83154296875 0.2361111111111111 0.0478515625