3 0.5677083333333334 0.3935546875 0.8576388888888888 0.2197265625
3 0.6171875 0.513671875 0.7048611111111112 0.0869140625
3 0.6762152777777778 0.5654296875 0.6128472222222222 0.0751953125
3 0.6779513888888888 0.6201171875 0.5104166666666666 0.0634765625
3 0.7013888888888888 0.65869140625 0.4704861111111111 0.044921875
3 0.671875 0.69677734375 0.3263888888888889 0.044921875
3 0.6909722222222222 0.73193359375 0.3420138888888889 0.0419921875
3 0.6909722222222222 0.76123046875 0.3142361111111111 0.03515625
3 0.6710069444444444 0.7841796875 0.2899305555555556 0.0341796875
3 0.6675347222222222 0.806640625 0.2569444444444444 0.0263671875
3 0.6649305555555556 0.8251953125 0.2725694444444444 0.0341796875
3 0.6944444444444444 0.84521484375 0.2361111111111111 0.0341796875