3 0.7378472222222222 0.3369140625 0.4375 0.0556640625
3 0.7526041666666666 0.36474609375 0.4392361111111111 0.0458984375
3 0.7482638888888888 0.39599609375 0.4288194444444444 0.048828125
3 0.7560763888888888 0.4267578125 0.40625 0.0576171875
3 0.7413194444444444 0.455078125 0.3940972222222222 0.0537109375
3 0.7560763888888888 0.486328125 0.4027777777777778 0.0498046875
3 0.7638888888888888 0.51220703125 0.3923611111111111 0.052734375
3 0.7717013888888888 0.5439453125 0.3802083333333333 0.044921875
3 0.7916666666666666 0.5693359375 0.4010416666666667 0.0537109375
3 0.7552083333333334 0.60498046875 0.2847222222222222 0.046875
2 0.6458333333333334 0.0205078125 0.4756944444444444 0.041015625
2 0.6701388888888888 0.0419921875 0.4670138888888889 0.0595703125
2 0.6970486111111112 0.07373046875 0.421875 0.0595703125
2 0.7118055555555556 0.10791015625 0.4131944444444444 0.0556640625
2 0.7178819444444444 0.138671875 0.4027777777777778 0.056640625
2 0.7126736111111112 0.173828125 0.3645833333333333 0.0517578125
2 0.7230902777777778 0.20458984375 0.3680555555555556 0.0634765625
2 0.7430555555555556 0.23681640625 0.390625 0.0595703125
2 0.7456597222222222 0.27099609375 0.3732638888888889 0.0546875
2 0.7604166666666666 0.30322265625 0.3663194444444444 0.0546875
1 0.7899305555555556 0.634765625 0.3125 0.041015625
1 0.7873263888888888 0.66015625 0.3784722222222222 0.0546875
1 0.7925347222222222 0.689453125 0.3350694444444444 0.0439453125
1 0.8012152777777778 0.71826171875 0.3402777777777778 0.0498046875
1 0.7994791666666666 0.74462890625 0.3246527777777778 0.041015625
1 0.8064236111111112 0.76953125 0.296875 0.041015625
0 0.8246527777777778 0.79736328125 0.3489583333333333 0.0439453125
0 0.8220486111111112 0.826171875 0.3559027777777778 0.048828125
0 0.8133680555555556 0.857421875 0.3315972222222222 0.046875
0 0.8125 0.8828125 0.375 0.056640625
0 0.8307291666666666 0.919921875 0.3385416666666667 0.0546875
0 0.8420138888888888 0.94873046875 0.3125 0.0390625
0 0.8376736111111112 0.970703125 0.3246527777777778 0.041015625