1 0.4160590277777778 0.529541015625 0.30595486111111103 0.014150390625000009
1 0.41359375000000004 0.54681640625 0.29166666666666674 0.019267578125000018
1 0.4168055555555556 0.566728515625 0.28204861111111107 0.021523437499999964
1 0.416875 0.585888671875 0.2648263888888888 0.01626953125000008
1 0.4272916666666667 0.605419921875 0.2482638888888889 0.01927734375000001
1 0.41760416666666667 0.624609375 0.22489583333333338 0.016357421875
0 0.4025694444444444 0.647509765625 0.2709722222222223 0.015566406250000053
0 0.4068576388888888 0.664296875 0.25281249999999994 0.01685546874999999
0 0.39883680555555556 0.683310546875 0.24211805555555552 0.020312499999999956
0 0.39649305555555553 0.70318359375 0.23076388888888882 0.014228515624999938
0 0.3895486111111111 0.723017578125 0.2222222222222222 0.014833984375000053
0 0.3981076388888889 0.74228515625 0.21795138888888888 0.013564453125000098
0 0.4010416666666667 0.761142578125 0.23984374999999997 0.013720703124999956
0 0.3988368055555555 0.77865234375 0.23677083333333326 0.014179687499999982
0 0.4042534722222222 0.797958984375 0.23024305555555552 0.018242187500000062
2 0.4258854166666667 0.10173828125 0.3322569444444444 0.02904296875000001
2 0.44725694444444447 0.135615234375 0.3269270833333333 0.017177734374999976
2 0.45112847222222224 0.15318359375 0.30529513888888893 0.013251953124999993
2 0.4427083333333333 0.175634765625 0.3018229166666667 0.014589843749999998
2 0.4552604166666667 0.19896484375 0.28953124999999996 0.021425781249999998
2 0.45499999999999996 0.221845703125 0.26762152777777776 0.02436523437499999
2 0.4382986111111111 0.24119140625 0.27965277777777775 0.018740234374999998
2 0.4241493055555556 0.26572265625 0.28873263888888895 0.02197265625
2 0.4255555555555556 0.2846484375 0.2741666666666666 0.023779296875000022
2 0.4265451388888889 0.305947265625 0.27751736111111114 0.01905273437499999
3 0.4293576388888889 0.328583984375 0.26442708333333337 0.016992187499999978
3 0.4413715277777778 0.347099609375 0.28312499999999996 0.020224609375000036
3 0.4266840277777778 0.367158203125 0.28045138888888893 0.01978515624999999
3 0.4288194444444444 0.386474609375 0.2900694444444445 0.014824218749999951
3 0.4173958333333333 0.404912109375 0.2926041666666667 0.022421875000000036
3 0.4139930555555556 0.427041015625 0.29513888888888895 0.017841796874999982
3 0.4269444444444444 0.4477734375 0.2756423611111112 0.014248046875000031
3 0.4264236111111111 0.463662109375 0.2745659722222222 0.010712890625000027
3 0.42248263888888893 0.48224609375 0.27604166666666674 0.018583984374999973
3 0.41098958333333335 0.50080078125 0.26909722222222227 0.018134765624999993