2 0.6111111111111112 0.227734375 0.65 0.06953125
2 0.5486111111111112 0.451171875 0.6222222222222222 0.0671875
2 0.5673611111111111 0.491015625 0.5402777777777777 0.07265625
2 0.5138888888888888 0.62265625 0.4791666666666667 0.06015625
2 0.5381944444444444 0.66015625 0.45694444444444443 0.059375
2 0.5118055555555555 0.814453125 0.41388888888888886 0.04921875
2 0.49375 0.850390625 0.4027777777777778 0.0515625
2 0.4736111111111111 0.88046875 0.3263888888888889 0.03828125
2 0.46597222222222223 0.98203125 0.32222222222222224 0.03046875
3 0.6354166666666666 0.03046875 0.7069444444444445 0.0609375
3 0.6298611111111111 0.0703125 0.6680555555555555 0.075
3 0.6131944444444445 0.113671875 0.6402777777777777 0.053125
3 0.6069444444444444 0.140625 0.6680555555555555 0.053125
3 0.6131944444444445 0.17109375 0.6666666666666666 0.06171875
3 0.6041666666666666 0.28046875 0.675 0.0671875
3 0.5777777777777777 0.321484375 0.6902777777777778 0.07109375
3 0.5916666666666667 0.366796875 0.6430555555555556 0.06328125
3 0.5270833333333333 0.534765625 0.5708333333333333 0.0546875
3 0.5513888888888889 0.57265625 0.49027777777777776 0.05546875
3 0.4888888888888889 0.696875 0.4791666666666667 0.05234375
3 0.5006944444444444 0.729296875 0.475 0.046875
3 0.5152777777777777 0.762890625 0.4375 0.05078125
3 0.47638888888888886 0.914453125 0.3763888888888889 0.0453125
3 0.4791666666666667 0.948046875 0.3541666666666667 0.04453125
3 0.6979166666666666 0.989453125 0.0875 0.02109375
3 0.23819444444444443 0.973828125 0.09166666666666666 0.01953125
0 0.5652777777777778 0.412890625 0.5625 0.04921875