3 0.4149305555555556 0.39990234375 0.8298611111111112 0.2041015625
3 0.3871527777777778 0.52294921875 0.7048611111111112 0.0732421875
3 0.3411458333333333 0.57861328125 0.6111111111111112 0.0634765625
3 0.3541666666666667 0.6328125 0.5104166666666666 0.0537109375
3 0.3402777777777778 0.6728515625 0.4704861111111111 0.0361328125
3 0.3784722222222222 0.70849609375 0.3246527777777778 0.0380859375
3 0.3680555555555556 0.74462890625 0.3402777777777778 0.0361328125
3 0.375 0.7734375 0.3142361111111111 0.029296875
3 0.4010416666666667 0.79443359375 0.2899305555555556 0.0283203125
3 0.4097222222222222 0.81689453125 0.2569444444444444 0.021484375
3 0.4175347222222222 0.8349609375 0.2708333333333333 0.029296875
3 0.3932291666666667 0.85693359375 0.234375 0.0302734375