3 0.6753472222222222 0.7223958333333333 0.4270833333333333 0.18333333333333332
3 0.6590277777777778 0.8138020833333334 0.3375 0.0953125
0 0.21458333333333332 0.60859375 0.3770833333333333 0.17135416666666667
0 0.17430555555555555 0.6869791666666667 0.32083333333333336 0.08333333333333333
0 0.14756944444444445 0.7182291666666667 0.2951388888888889 0.08125
1 0.7447916666666666 0.5747395833333333 0.2923611111111111 0.11614583333333334
1 0.7322916666666667 0.6221354166666667 0.24930555555555556 0.05520833333333333
1 0.8138888888888889 0.6557291666666667 0.08958333333333333 0.03333333333333333
2 0.4690972222222222 0.5026041666666666 0.25555555555555554 0.1078125
2 0.4440972222222222 0.5544270833333333 0.2625 0.06354166666666666
2 0.4878472222222222 0.5864583333333333 0.13541666666666666 0.04583333333333333
2 0.4861111111111111 0.6057291666666667 0.09652777777777778 0.04583333333333333
2 0.36041666666666666 0.5098958333333333 0.01597222222222222 0.053125