3 0.7288194444444445 0.6932291666666667 0.4041666666666667 0.12864583333333332
3 0.7361111111111112 0.78515625 0.3333333333333333 0.0484375
0 0.24756944444444445 0.64765625 0.3548611111111111 0.1234375
0 0.22777777777777777 0.7302083333333333 0.31875 0.0390625
0 0.19652777777777777 0.7669270833333334 0.32083333333333336 0.036458333333333336
1 0.7590277777777777 0.53828125 0.2791666666666667 0.07760416666666667
1 0.7590277777777777 0.58671875 0.25 0.019791666666666666
1 0.8475694444444445 0.6080729166666666 0.08611111111111111 0.021354166666666667
2 0.4704861111111111 0.50703125 0.24305555555555555 0.075
2 0.45902777777777776 0.5611979166666666 0.26180555555555557 0.0265625
2 0.5100694444444445 0.58671875 0.13194444444444445 0.027604166666666666
2 0.5131944444444444 0.6059895833333333 0.09027777777777778 0.033854166666666664
2 0.36527777777777776 0.5296875 0.0020833333333333333 0.05416666666666667