2 0.6048611111111111 0.47760416666666666 0.21597222222222223 0.0375
2 0.6152777777777778 0.51640625 0.19722222222222222 0.036458333333333336
2 0.6149305555555555 0.534375 0.1736111111111111 0.03333333333333333
2 0.6225694444444444 0.5703125 0.1798611111111111 0.033854166666666664
2 0.6434027777777778 0.6440104166666667 0.1638888888888889 0.030729166666666665
2 0.6614583333333334 0.6973958333333333 0.15625 0.03229166666666667
0 0.6020833333333333 0.4544270833333333 0.21875 0.04375
0 0.6222222222222222 0.5520833333333334 0.22361111111111112 0.036458333333333336
0 0.6253472222222223 0.5903645833333333 0.19375 0.03802083333333333
0 0.6666666666666666 0.7333333333333333 0.18888888888888888 0.03177083333333333
0 0.6680555555555555 0.7700520833333333 0.16458333333333333 0.03333333333333333
3 0.6111111111111112 0.49661458333333336 0.18125 0.035416666666666666
3 0.6579861111111112 0.71640625 0.16944444444444445 0.0296875
1 0.6371527777777778 0.6075520833333333 0.1673611111111111 0.035416666666666666
1 0.6402777777777777 0.6244791666666667 0.16666666666666666 0.034895833333333334
1 0.6475694444444444 0.659375 0.1909722222222222 0.0421875
1 0.6586805555555556 0.6796875 0.1597222222222222 0.03333333333333333
1 0.6746527777777778 0.7494791666666667 0.15486111111111112 0.035416666666666666