2 0.6072916666666667 0.48463541666666665 0.21666666666666667 0.023958333333333335
2 0.6131944444444445 0.5236979166666667 0.19722222222222222 0.023958333333333335
2 0.6104166666666667 0.5419270833333333 0.1736111111111111 0.022395833333333334
2 0.6138888888888889 0.578125 0.18055555555555555 0.022395833333333334
2 0.6263888888888889 0.6528645833333333 0.16458333333333333 0.019791666666666666
2 0.6378472222222222 0.7072916666666667 0.15625 0.022395833333333334
0 0.6069444444444444 0.46119791666666665 0.21875 0.0296875
0 0.615625 0.5596354166666667 0.22430555555555556 0.021875
0 0.6142361111111111 0.5981770833333333 0.19375 0.025520833333333333
0 0.6388888888888888 0.7432291666666667 0.18958333333333333 0.019270833333333334
0 0.6361111111111111 0.7799479166666666 0.16458333333333333 0.022916666666666665
3 0.6111111111111112 0.50390625 0.18125 0.023958333333333335
3 0.6322916666666667 0.72578125 0.1701388888888889 0.01875
1 0.6243055555555556 0.6161458333333333 0.1673611111111111 0.025
1 0.6253472222222223 0.6330729166666667 0.16666666666666666 0.023958333333333335
1 0.6284722222222222 0.6682291666666667 0.19027777777777777 0.030208333333333334
1 0.6375 0.6893229166666667 0.1597222222222222 0.022916666666666665
1 0.6447916666666667 0.7598958333333333 0.15416666666666667 0.025520833333333333