2 0.39131944444444444 0.50859375 0.21388888888888888 0.0484375
2 0.4010416666666667 0.54765625 0.19583333333333333 0.04635416666666667
2 0.4107638888888889 0.5643229166666667 0.17222222222222222 0.0421875
2 0.4215277777777778 0.5997395833333333 0.17916666666666667 0.042708333333333334
2 0.4388888888888889 0.6736979166666667 0.16319444444444445 0.03854166666666667
2 0.44895833333333335 0.7286458333333333 0.15555555555555556 0.04010416666666667
0 0.38263888888888886 0.4864583333333333 0.21736111111111112 0.0546875
0 0.4128472222222222 0.5825520833333333 0.22152777777777777 0.04791666666666667
0 0.4288194444444444 0.61875 0.19236111111111112 0.04739583333333333
0 0.4621527777777778 0.7630208333333334 0.18680555555555556 0.04114583333333333
0 0.4791666666666667 0.7973958333333333 0.1638888888888889 0.041666666666666664
3 0.3954861111111111 0.528125 0.1798611111111111 0.044270833333333336
3 0.46145833333333336 0.7450520833333333 0.16805555555555557 0.03854166666666667
1 0.4263888888888889 0.63828125 0.16666666666666666 0.04375
1 0.43194444444444446 0.6546875 0.16597222222222222 0.043229166666666666
1 0.4427083333333333 0.6890625 0.19027777777777777 0.052083333333333336
1 0.4423611111111111 0.7111979166666667 0.15902777777777777 0.04114583333333333
1 0.46284722222222224 0.7802083333333333 0.15486111111111112 0.042708333333333334