2 0.6083888888888889 0.49016145833333336 0.21570833333333342 0.012531249999999971
2 0.6106319444444444 0.529625 0.19668750000000002 0.013729166666666615
2 0.60625 0.54753125 0.17297222222222217 0.013177083333333428
2 0.6063541666666666 0.5839531250000001 0.1795972222222223 0.012770833333333323
2 0.61175 0.6589895833333334 0.16367361111111114 0.011411458333333258
2 0.618375 0.714046875 0.15555555555555556 0.014145833333333257
0 0.610201388888889 0.4669270833333333 0.21720138888888887 0.018624999999999996
0 0.6098263888888888 0.5656510416666667 0.2239305555555555 0.010302083333333437
0 0.6049166666666667 0.6038385416666666 0.19273611111111108 0.015364583333333333
0 0.6158125 0.7499479166666667 0.18888888888888888 0.009666666666666638
0 0.6096180555555556 0.7863333333333333 0.16367361111111114 0.014484374999999971
3 0.6103611111111111 0.5097135416666666 0.18012499999999992 0.014458333333333328
3 0.6109513888888889 0.73215625 0.16954861111111116 0.009984375000000038
1 0.6130347222222222 0.6223333333333334 0.1662361111111112 0.016140624999999888
1 0.6126041666666666 0.63928125 0.1653819444444445 0.015583333333333371
1 0.6125 0.6746145833333334 0.18867361111111114 0.020541666666666694
1 0.6193888888888889 0.6961302083333333 0.1586527777777778 0.014692708333333353
1 0.6204027777777777 0.7668489583333333 0.15320833333333342 0.017510416666666608