2 0.5423611111111111 0.34817708333333336 0.38680555555555557 0.0796875
2 0.5434027777777778 0.38359375 0.3541666666666667 0.07239583333333334
2 0.5579861111111111 0.4171875 0.35138888888888886 0.07291666666666667
2 0.55 0.44765625 0.3284722222222222 0.059375
2 0.5489583333333333 0.47552083333333334 0.325 0.05625
2 0.5652777777777778 0.5057291666666667 0.30833333333333335 0.059895833333333336
2 0.5746527777777778 0.5385416666666667 0.29375 0.06145833333333333
2 0.5829861111111111 0.56640625 0.2798611111111111 0.0609375
2 0.5979166666666667 0.5963541666666666 0.25277777777777777 0.05364583333333333
2 0.609375 0.6286458333333333 0.24444444444444444 0.052083333333333336
2 0.6170138888888889 0.6611979166666667 0.2465277777777778 0.0546875
2 0.6291666666666667 0.6916666666666667 0.2298611111111111 0.05
2 0.6256944444444444 0.7200520833333334 0.25 0.0484375
2 0.6402777777777777 0.7481770833333333 0.23402777777777778 0.05520833333333333
1 0.8694444444444445 0.45677083333333335 0.25416666666666665 0.05364583333333333
1 0.8725694444444444 0.4903645833333333 0.2548611111111111 0.05260416666666667
1 0.8791666666666667 0.5174479166666667 0.24166666666666667 0.05364583333333333
1 0.8868055555555555 0.54375 0.2263888888888889 0.05
1 0.8875 0.5700520833333333 0.225 0.0484375
1 0.8913194444444444 0.5963541666666666 0.21736111111111112 0.04791666666666667
1 0.8930555555555556 0.6192708333333333 0.21388888888888888 0.04479166666666667
1 0.8954861111111111 0.64296875 0.20902777777777778 0.04739583333333333
1 0.9003472222222222 0.6721354166666667 0.19930555555555557 0.0515625
0 0.25243055555555555 0.6838541666666667 0.44513888888888886 0.128125
0 0.25729166666666664 0.7513020833333334 0.41875 0.0859375
3 0.2548611111111111 0.8033854166666666 0.39166666666666666 0.08229166666666667
3 0.25243055555555555 0.8393229166666667 0.3729166666666667 0.0796875
3 0.24895833333333334 0.88125 0.3506944444444444 0.08854166666666667