2 0.4045138888888889 0.6723419041000694 0.44375 0.07227241139680333
2 0.38298611111111114 0.7380125086865879 0.36666666666666664 0.0660180681028492
2 0.4232638888888889 0.8012508686587908 0.3645833333333333 0.0660180681028492
2 0.4326388888888889 0.8516330785267547 0.3861111111111111 0.06532314107018763
2 0.4149305555555556 0.9100069492703267 0.33819444444444446 0.059763724808895066
2 0.4111111111111111 0.9565670604586518 0.33958333333333335 0.04933981931897151
2 0.4013888888888889 0.9833217512161223 0.35555555555555557 0.03335649756775538
0 0.35659722222222223 0.023280055594162612 0.5965277777777778 0.046560111188325225
0 0.35555555555555557 0.06011118832522585 0.5708333333333333 0.08061153578874218
1 0.3645833333333333 0.13029881862404447 0.5486111111111112 0.09867963863794302
1 0.3607638888888889 0.19145239749826268 0.5430555555555555 0.103544127866574
1 0.36527777777777776 0.25747046560111186 0.5305555555555556 0.08825573314801946
1 0.3736111111111111 0.3068102849200834 0.5298611111111111 0.08617095205003475
3 0.3798611111111111 0.3801250868658791 0.47708333333333336 0.07574704656011119
3 0.3645833333333333 0.4367616400277971 0.41875 0.08061153578874218
3 0.3697916666666667 0.4906184850590688 0.4444444444444444 0.061153578874218205
3 0.37881944444444443 0.542043085476025 0.4638888888888889 0.0660180681028492
3 0.37777777777777777 0.6018068102849201 0.40625 0.06949270326615706