2 0.5802083333333333 0.6799861014593468 0.4444444444444444 0.11049339819318972
2 0.5958333333333333 0.747394023627519 0.36736111111111114 0.09728978457261987
2 0.5503472222222222 0.8068102849200834 0.3659722222222222 0.0965948575399583
2 0.5364583333333334 0.8561501042390549 0.38680555555555557 0.09798471160528145
2 0.5489583333333333 0.9159138290479499 0.33958333333333335 0.08895066018068103
2 0.5489583333333333 0.9614315496872828 0.33958333333333335 0.07713690062543432
2 0.5555555555555556 0.9788047255038221 0.35555555555555557 0.0423905489923558
0 0.684375 0.04343293954134816 0.59375 0.08686587908269632
0 0.6819444444444445 0.07435719249478805 0.5708333333333333 0.1292564280750521
1 0.6670138888888889 0.14350243224461431 0.5506944444444445 0.14523974982626825
1 0.665625 0.2050034746351633 0.5451388888888888 0.14940931202223767
1 0.6555555555555556 0.27032661570535094 0.53125 0.13342599027102153
1 0.6427083333333333 0.3186240444753301 0.5305555555555556 0.13134120917303682
3 0.6302083333333334 0.39089645587213345 0.47708333333333336 0.11605281445448228
3 0.640625 0.44857539958304377 0.42083333333333334 0.11605281445448228
3 0.6305555555555555 0.5020847810979847 0.4444444444444444 0.09937456567060458
3 0.6170138888888889 0.5524669909659485 0.46319444444444446 0.1063238359972203
3 0.6128472222222222 0.6118832522585128 0.40694444444444444 0.10423905489923559