2 0.4166666666666667 0.6785962473940236 0.4444444444444444 0.10284920083391244
2 0.4 0.7456567060458652 0.36736111111111114 0.09103544127866574
2 0.4444444444444444 0.8061153578874218 0.3659722222222222 0.09034051424600417
2 0.45729166666666665 0.8558026407227242 0.38680555555555557 0.0917303683113273
2 0.44375 0.9148714384989576 0.33958333333333335 0.08269631688672689
2 0.44305555555555554 0.9617790132036136 0.33958333333333335 0.0729673384294649
2 0.4354166666666667 0.9798471160528145 0.35555555555555557 0.04030576789437109
0 0.3236111111111111 0.039263377345378735 0.5944444444444444 0.07852675469075747
0 0.32534722222222223 0.07123002084781098 0.5708333333333333 0.11952744961779013
1 0.3392361111111111 0.14072272411396802 0.5506944444444445 0.13620569840166782
1 0.33958333333333335 0.20222376650451704 0.5451388888888888 0.14037526059763725
1 0.3486111111111111 0.2675469075747047 0.53125 0.12439193884642112
1 0.36041666666666666 0.3161917998610146 0.5305555555555556 0.12230715774843641
3 0.371875 0.38881167477414874 0.4777777777777778 0.10840861709520501
3 0.36041666666666666 0.4461431549687283 0.42083333333333334 0.10910354412786658
3 0.36944444444444446 0.4996525364836692 0.4444444444444444 0.0917303683113273
3 0.38229166666666664 0.5503822098679638 0.4638888888888889 0.09798471160528145
3 0.38506944444444446 0.610145934676859 0.40694444444444444 0.09728978457261987