3 0.683206106870229 0.48723958333333334 0.5739070090215128 0.14427083333333332
3 0.6658570437196392 0.5609375 0.5024288688410826 0.08541666666666667
0 0.6922276197085357 0.6244791666666667 0.5170020818875781 0.07447916666666667
0 0.6880638445523942 0.6682291666666667 0.4961832061068702 0.090625
0 0.684941013185288 0.7177083333333333 0.45246356696738377 0.08177083333333333
0 0.6679389312977099 0.76015625 0.3518390006939625 0.0609375
2 0.659264399722415 0.8078125 0.45107564191533656 0.06770833333333333
2 0.6686328938237335 0.8546875 0.42817487855655795 0.07916666666666666
2 0.6675919500346982 0.9 0.3789035392088827 0.06614583333333333
2 0.6724496877168633 0.94375 0.37682165163081194 0.0640625
2 0.6668979875086746 0.9763020833333333 0.35392088827203333 0.04739583333333333
2 0.6564885496183206 0.9877604166666667 0.3553088133240805 0.024479166666666666