3 0.45729166666666665 0.7768229166666667 0.3590277777777778 0.06666666666666667
3 0.45381944444444444 0.80546875 0.2923611111111111 0.05520833333333333
2 0.5982638888888889 0.15078125 0.49722222222222223 0.11458333333333333
2 0.5899305555555555 0.19296875 0.46875 0.08333333333333333
2 0.5708333333333333 0.28463541666666664 0.45 0.07864583333333333
2 0.5697916666666667 0.31796875 0.4326388888888889 0.07864583333333333
2 0.5649305555555556 0.35833333333333334 0.42291666666666666 0.07239583333333334
2 0.5604166666666667 0.3953125 0.42777777777777776 0.07291666666666667
2 0.5277777777777778 0.48125 0.38333333333333336 0.06822916666666666
2 0.5131944444444444 0.50546875 0.3840277777777778 0.06770833333333333
2 0.521875 0.5455729166666666 0.35555555555555557 0.06927083333333334
2 0.5097222222222222 0.5755208333333334 0.3451388888888889 0.06458333333333334
2 0.5034722222222222 0.6111979166666667 0.325 0.0625
2 0.5034722222222222 0.6489583333333333 0.3111111111111111 0.058333333333333334
2 0.48541666666666666 0.6778645833333333 0.31319444444444444 0.06041666666666667
2 0.4826388888888889 0.74609375 0.2923611111111111 0.0578125
2 0.4600694444444444 0.84140625 0.2513888888888889 0.053125
2 0.43506944444444445 0.8700520833333333 0.2791666666666667 0.06510416666666667
2 0.4371527777777778 0.9046875 0.25416666666666665 0.059895833333333336
1 0.5767361111111111 0.24244791666666668 0.45416666666666666 0.08958333333333333
1 0.5447916666666667 0.4440104166666667 0.3701388888888889 0.06666666666666667
1 0.47673611111111114 0.7140625 0.275 0.052083333333333336