2 0.4267361111111111 0.18229166666666666 0.2902777777777778 0.059375
2 0.42256944444444444 0.20989583333333334 0.25763888888888886 0.049479166666666664
2 0.41770833333333335 0.22864583333333333 0.24930555555555556 0.043229166666666666
2 0.41180555555555554 0.2526041666666667 0.24444444444444444 0.043229166666666666
2 0.40381944444444445 0.27682291666666664 0.2388888888888889 0.050520833333333334
2 0.40069444444444446 0.30078125 0.2388888888888889 0.04739583333333333
2 0.4 0.3216145833333333 0.24305555555555555 0.049479166666666664
2 0.3972222222222222 0.34375 0.2569444444444444 0.050520833333333334
2 0.3958333333333333 0.3640625 0.27152777777777776 0.053125
2 0.3784722222222222 0.40677083333333336 0.24583333333333332 0.052083333333333336
2 0.38055555555555554 0.4265625 0.24583333333333332 0.04583333333333333
2 0.3763888888888889 0.4453125 0.2388888888888889 0.0453125
2 0.3611111111111111 0.4864583333333333 0.23472222222222222 0.041666666666666664
2 0.3607638888888889 0.5067708333333333 0.2361111111111111 0.042708333333333334
2 0.3524305555555556 0.5236979166666667 0.225 0.043229166666666666
2 0.3486111111111111 0.5442708333333334 0.22777777777777777 0.043229166666666666
2 0.33368055555555554 0.5635416666666667 0.20069444444444445 0.04635416666666667
2 0.3190972222222222 0.6294270833333333 0.19375 0.03854166666666667
2 0.29375 0.6885416666666667 0.19305555555555556 0.0421875
2 0.3107638888888889 0.7143229166666667 0.2125 0.034375
2 0.30104166666666665 0.7359375 0.18055555555555555 0.03802083333333333
2 0.28923611111111114 0.7557291666666667 0.1763888888888889 0.034895833333333334
2 0.2829861111111111 0.77421875 0.16041666666666668 0.03333333333333333
2 0.284375 0.8145833333333333 0.16319444444444445 0.03333333333333333
2 0.27534722222222224 0.83671875 0.1486111111111111 0.0296875
1 0.37222222222222223 0.38385416666666666 0.22777777777777777 0.04479166666666667
1 0.309375 0.65234375 0.18819444444444444 0.03854166666666667
3 0.2673611111111111 0.8609375 0.1625 0.0390625
3 0.28229166666666666 0.7953125 0.15486111111111112 0.034895833333333334
3 0.3315972222222222 0.61171875 0.18958333333333333 0.03854166666666667
3 0.33368055555555554 0.5869791666666667 0.2152777777777778 0.0453125
3 0.36041666666666666 0.46901041666666665 0.2222222222222222 0.0453125
0 0.31875 0.6708333333333333 0.17708333333333334 0.033854166666666664