2 0.30625 0.21223958333333334 0.2902777777777778 0.05572916666666667
2 0.3128472222222222 0.23958333333333334 0.25763888888888886 0.04635416666666667
2 0.315625 0.25859375 0.25 0.04010416666666667
2 0.3190972222222222 0.2828125 0.24444444444444444 0.04010416666666667
2 0.3211805555555556 0.30755208333333334 0.23958333333333334 0.04739583333333333
2 0.32743055555555556 0.33125 0.2388888888888889 0.04479166666666667
2 0.3347222222222222 0.35130208333333335 0.24305555555555555 0.04635416666666667
2 0.340625 0.3731770833333333 0.2569444444444444 0.04739583333333333
2 0.34756944444444443 0.3927083333333333 0.27152777777777776 0.049479166666666664
2 0.3472222222222222 0.4375 0.24583333333333332 0.04895833333333333
2 0.3572916666666667 0.45598958333333334 0.24583333333333332 0.042708333333333334
2 0.3607638888888889 0.4747395833333333 0.23958333333333334 0.0421875
2 0.36180555555555555 0.5177083333333333 0.23541666666666666 0.03854166666666667
2 0.36944444444444446 0.5369791666666667 0.2361111111111111 0.03958333333333333
2 0.3680555555555556 0.5549479166666667 0.225 0.04010416666666667
2 0.37256944444444445 0.5755208333333334 0.22777777777777777 0.040625
2 0.365625 0.5971354166666667 0.20069444444444445 0.04375
2 0.37743055555555555 0.6635416666666667 0.19444444444444445 0.0359375
2 0.3763888888888889 0.7255208333333333 0.19305555555555556 0.03958333333333333
2 0.40243055555555557 0.7466145833333333 0.2125 0.03125
2 0.4017361111111111 0.7690104166666667 0.18055555555555555 0.035416666666666666
2 0.39826388888888886 0.790625 0.1763888888888889 0.0328125
2 0.3996527777777778 0.8098958333333334 0.16041666666666668 0.03125
2 0.41631944444444446 0.8479166666666667 0.16319444444444445 0.03125
2 0.4166666666666667 0.8713541666666667 0.1486111111111111 0.027604166666666666
1 0.3326388888888889 0.41692708333333334 0.22847222222222222 0.041666666666666664
1 0.3770833333333333 0.6875 0.18819444444444444 0.0359375
3 0.4184027777777778 0.89609375 0.1625 0.03697916666666667
3 0.40694444444444444 0.8302083333333333 0.15486111111111112 0.0328125
3 0.38229166666666664 0.64375 0.18958333333333333 0.0359375
3 0.3746527777777778 0.61953125 0.2152777777777778 0.0421875
3 0.3541666666666667 0.50078125 0.22291666666666668 0.0421875
0 0.39340277777777777 0.703125 0.17708333333333334 0.03177083333333333