2 0.29930555555555555 0.21484375 0.2902777777777778 0.059375
2 0.30694444444444446 0.2421875 0.25763888888888886 0.049479166666666664
2 0.31006944444444445 0.2609375 0.24930555555555556 0.043229166666666666
2 0.3142361111111111 0.28515625 0.24444444444444444 0.043229166666666666
2 0.31666666666666665 0.3098958333333333 0.2388888888888889 0.050520833333333334
2 0.3236111111111111 0.33359375 0.2388888888888889 0.04739583333333333
2 0.33125 0.3536458333333333 0.24305555555555555 0.049479166666666664
2 0.33784722222222224 0.37526041666666665 0.2569444444444444 0.050520833333333334
2 0.34479166666666666 0.39479166666666665 0.27152777777777776 0.053125
2 0.3458333333333333 0.4393229166666667 0.24583333333333332 0.052083333333333336
2 0.35625 0.4578125 0.24583333333333332 0.04583333333333333
2 0.36006944444444444 0.4765625 0.2388888888888889 0.0453125
2 0.36215277777777777 0.51953125 0.23472222222222222 0.041666666666666664
2 0.3704861111111111 0.5385416666666667 0.2361111111111111 0.042708333333333334
2 0.36909722222222224 0.5567708333333333 0.225 0.043229166666666666
2 0.37430555555555556 0.57734375 0.22777777777777777 0.043229166666666666
2 0.3680555555555556 0.5989583333333334 0.20069444444444445 0.04635416666666667
2 0.38125 0.6651041666666667 0.19375 0.03854166666666667
2 0.3815972222222222 0.7270833333333333 0.19305555555555556 0.0421875
2 0.4083333333333333 0.74765625 0.2125 0.034375
2 0.4079861111111111 0.7703125 0.18055555555555555 0.03802083333333333
2 0.4048611111111111 0.7919270833333333 0.1763888888888889 0.034895833333333334
2 0.4065972222222222 0.8111979166666666 0.16041666666666668 0.03333333333333333
2 0.42465277777777777 0.8489583333333334 0.16319444444444445 0.03333333333333333
2 0.425 0.8723958333333334 0.1486111111111111 0.0296875
1 0.33055555555555555 0.4192708333333333 0.22777777777777777 0.04479166666666667
1 0.38125 0.6890625 0.18819444444444444 0.03854166666666667
3 0.42743055555555554 0.8971354166666666 0.1625 0.0390625
3 0.4149305555555556 0.83125 0.15486111111111112 0.034895833333333334
3 0.3857638888888889 0.6453125 0.18958333333333333 0.03854166666666667
3 0.37743055555555555 0.6213541666666667 0.2152777777777778 0.0453125
3 0.3545138888888889 0.5028645833333333 0.2222222222222222 0.0453125
0 0.39791666666666664 0.7044270833333334 0.17708333333333334 0.033854166666666664