0 0.25069444444444444 0.4315104166666667 0.22708333333333333 0.05260416666666667
0 0.08611111111111111 0.44921875 0.09236111111111112 0.051041666666666666
0 0.20277777777777778 0.46197916666666666 0.13541666666666666 0.034895833333333334
1 0.34479166666666666 0.47578125 0.09236111111111112 0.0265625
1 0.20451388888888888 0.5049479166666667 0.15763888888888888 0.03958333333333333
1 0.0642361111111111 0.5114583333333333 0.05138888888888889 0.0484375
1 0.3211805555555556 0.5111979166666667 0.07013888888888889 0.023958333333333335
1 0.1388888888888889 0.53203125 0.09236111111111112 0.028125
3 0.3017361111111111 0.5572916666666666 0.11041666666666666 0.03229166666666667
3 0.14895833333333333 0.5653645833333333 0.14444444444444443 0.030729166666666665
3 0.3079861111111111 0.5828125 0.10833333333333334 0.03177083333333333
3 0.14583333333333334 0.59609375 0.1673611111111111 0.03333333333333333
3 0.3072916666666667 0.6098958333333333 0.12569444444444444 0.03697916666666667
3 0.14548611111111112 0.62421875 0.15833333333333333 0.0265625
3 0.3315972222222222 0.6338541666666667 0.09930555555555555 0.0390625
3 0.1527777777777778 0.6497395833333334 0.14722222222222223 0.028125
3 0.3295138888888889 0.66171875 0.10902777777777778 0.030729166666666665
3 0.15138888888888888 0.6796875 0.14930555555555555 0.024479166666666666
3 0.3423611111111111 0.68515625 0.11736111111111111 0.03958333333333333
3 0.18090277777777777 0.709375 0.12916666666666668 0.028645833333333332
3 0.1829861111111111 0.7317708333333334 0.12708333333333333 0.025520833333333333
3 0.18958333333333333 0.75625 0.13194444444444445 0.027083333333333334
3 0.20208333333333334 0.7809895833333333 0.13333333333333333 0.025520833333333333
3 0.19479166666666667 0.8028645833333333 0.1 0.024479166666666666
3 0.40069444444444446 0.5606770833333333 0.04791666666666667 0.103125
3 0.36666666666666664 0.7286458333333333 0.1486111111111111 0.0703125
3 0.38472222222222224 0.784375 0.07916666666666666 0.041666666666666664
3 0.3017361111111111 0.7786458333333334 0.07291666666666667 0.028125
2 0.3954861111111111 0.19244791666666666 0.26944444444444443 0.04375
2 0.39826388888888886 0.23020833333333332 0.1486111111111111 0.0390625
2 0.3638888888888889 0.26171875 0.15833333333333333 0.0375
2 0.4534722222222222 0.28619791666666666 0.11736111111111111 0.03802083333333333
2 0.3819444444444444 0.31796875 0.12916666666666668 0.0421875
2 0.44375 0.35989583333333336 0.13680555555555557 0.0453125
2 0.4621527777777778 0.40208333333333335 0.11041666666666666 0.03958333333333333
2 0.46875 0.4401041666666667 0.08263888888888889 0.034375
2 0.46041666666666664 0.46380208333333334 0.06527777777777778 0.021354166666666667
2 0.4673611111111111 0.4861979166666667 0.075 0.03177083333333333
2 0.4684027777777778 0.5065104166666666 0.05486111111111111 0.025
2 0.4652777777777778 0.5333333333333333 0.06041666666666667 0.026041666666666668
2 0.47638888888888886 0.5575520833333333 0.052083333333333336 0.025
2 0.4791666666666667 0.5768229166666666 0.06111111111111111 0.024479166666666666
2 0.48541666666666666 0.6109375 0.05138888888888889 0.0265625
2 0.4864583333333333 0.6364583333333333 0.04027777777777778 0.022916666666666665