0 0.7631944444444444 0.4752604166666667 0.22777777777777777 0.0609375
0 0.9184027777777778 0.5203125 0.09513888888888888 0.05416666666666667
0 0.8010416666666667 0.5130208333333334 0.1361111111111111 0.04010416666666667
1 0.6586805555555556 0.5026041666666666 0.09305555555555556 0.0296875
1 0.7864583333333334 0.5546875 0.15902777777777777 0.0453125
1 0.9211805555555556 0.5846354166666666 0.05416666666666667 0.05
1 0.6708333333333333 0.5408854166666667 0.07083333333333333 0.0265625
1 0.8423611111111111 0.5921875 0.09305555555555556 0.03177083333333333
3 0.6760416666666667 0.5893229166666667 0.11180555555555556 0.036458333333333336
3 0.8222222222222222 0.6229166666666667 0.1451388888888889 0.036458333333333336
3 0.6621527777777778 0.6130208333333333 0.10902777777777778 0.0359375
3 0.8163194444444445 0.6533854166666667 0.16805555555555557 0.03958333333333333
3 0.6548611111111111 0.6395833333333333 0.12638888888888888 0.041666666666666664
3 0.8079861111111111 0.6807291666666667 0.15833333333333333 0.03229166666666667
3 0.6239583333333333 0.6588541666666666 0.10138888888888889 0.042708333333333334
3 0.79375 0.7044270833333334 0.14791666666666667 0.033854166666666664
3 0.6177083333333333 0.6861979166666666 0.10972222222222222 0.034895833333333334
3 0.7861111111111111 0.7338541666666667 0.14930555555555555 0.030208333333333334
3 0.5979166666666667 0.70703125 0.11944444444444445 0.044270833333333336
3 0.7479166666666667 0.7578125 0.12986111111111112 0.03333333333333333
3 0.7392361111111111 0.7794270833333333 0.12777777777777777 0.030208333333333334
3 0.7253472222222223 0.8020833333333334 0.1326388888888889 0.03229166666666667
3 0.7059027777777778 0.8239583333333333 0.13333333333333333 0.030729166666666665
3 0.7065972222222222 0.8466145833333333 0.10069444444444445 0.028125
3 0.5788194444444444 0.57578125 0.05486111111111111 0.10416666666666667
3 0.5614583333333333 0.7453125 0.15208333333333332 0.07552083333333333
3 0.5270833333333333 0.7963541666666667 0.08125 0.044270833333333336
3 0.6097222222222223 0.8049479166666667 0.07361111111111111 0.030729166666666665
2 0.6940972222222223 0.21796875 0.26944444444444443 0.05416666666666667
2 0.6802083333333333 0.25442708333333336 0.15 0.044270833333333336
2 0.7038194444444444 0.290625 0.1597222222222222 0.04375
2 0.609375 0.2994791666666667 0.11875 0.0421875
2 0.6694444444444444 0.3424479166666667 0.13125 0.046875
2 0.596875 0.3729166666666667 0.1388888888888889 0.05
2 0.5663194444444445 0.41119791666666666 0.11180555555555556 0.043229166666666666
2 0.5482638888888889 0.446875 0.08472222222222223 0.0375
2 0.5496527777777778 0.4713541666666667 0.06597222222222222 0.0234375
2 0.5361111111111111 0.4921875 0.0763888888888889 0.034375
2 0.5288194444444444 0.51171875 0.05625 0.027083333333333334
2 0.5239583333333333 0.53828125 0.06111111111111111 0.028125
2 0.5055555555555555 0.5598958333333334 0.05347222222222222 0.0265625
2 0.49722222222222223 0.5783854166666667 0.0625 0.027083333333333334
2 0.4809027777777778 0.6104166666666667 0.05277777777777778 0.028645833333333332
2 0.4722222222222222 0.63515625 0.041666666666666664 0.024479166666666666