0 0.24513888888888888 0.44479166666666664 0.22430555555555556 0.040625
0 0.08229166666666667 0.47109375 0.08888888888888889 0.04635416666666667
0 0.2 0.47760416666666666 0.13333333333333333 0.028125
1 0.34305555555555556 0.48411458333333335 0.09097222222222222 0.021875
1 0.20555555555555555 0.5205729166666667 0.15555555555555556 0.03177083333333333
1 0.06631944444444444 0.5341145833333333 0.04722222222222222 0.04583333333333333
1 0.3229166666666667 0.5203125 0.06875 0.020833333333333332
1 0.14270833333333333 0.55078125 0.09027777777777778 0.023958333333333335
3 0.3072916666666667 0.5674479166666667 0.10833333333333334 0.0265625
3 0.15590277777777778 0.58359375 0.14305555555555555 0.0234375
3 0.31631944444444443 0.5927083333333333 0.10625 0.0265625
3 0.15555555555555556 0.6145833333333334 0.16597222222222222 0.025
3 0.31805555555555554 0.6197916666666666 0.12291666666666666 0.030729166666666665
3 0.1579861111111111 0.6424479166666667 0.15763888888888888 0.018229166666666668
3 0.34444444444444444 0.6424479166666667 0.09652777777777778 0.034375
3 0.1673611111111111 0.6674479166666667 0.14652777777777778 0.0203125
3 0.3451388888888889 0.6700520833333333 0.10694444444444444 0.025520833333333333
3 0.16875 0.6973958333333333 0.1486111111111111 0.016666666666666666
3 0.36006944444444444 0.69296875 0.11527777777777778 0.033854166666666664
3 0.20104166666666667 0.7255208333333333 0.12777777777777777 0.021875
3 0.20520833333333333 0.7479166666666667 0.12569444444444444 0.01875
3 0.2142361111111111 0.771875 0.13125 0.0203125
3 0.22916666666666666 0.7958333333333333 0.13194444444444445 0.01875
3 0.22395833333333334 0.8182291666666667 0.09861111111111111 0.019270833333333334
3 0.40625 0.565625 0.03888888888888889 0.1015625
3 0.38819444444444445 0.73515625 0.14375 0.06302083333333333
3 0.4114583333333333 0.7895833333333333 0.07569444444444444 0.03802083333333333
3 0.328125 0.78828125 0.07083333333333333 0.025
2 0.36701388888888886 0.19869791666666667 0.2673611111111111 0.030208333333333334
2 0.3732638888888889 0.23619791666666667 0.14652777777777778 0.03125
2 0.3423611111111111 0.26927083333333335 0.15625 0.0296875
2 0.43368055555555557 0.2890625 0.11527777777777778 0.03229166666666667
2 0.36527777777777776 0.32447916666666665 0.12638888888888888 0.035416666666666666
2 0.4309027777777778 0.36302083333333335 0.13402777777777777 0.03802083333333333
2 0.453125 0.4044270833333333 0.1076388888888889 0.033854166666666664
2 0.46319444444444446 0.44166666666666665 0.08055555555555556 0.030208333333333334
2 0.45694444444444443 0.46588541666666666 0.06388888888888888 0.017708333333333333
2 0.46597222222222223 0.48802083333333335 0.07291666666666667 0.028125
2 0.4690972222222222 0.5080729166666667 0.05347222222222222 0.022395833333333334
2 0.4684027777777778 0.53515625 0.058333333333333334 0.022916666666666665
2 0.48194444444444445 0.55859375 0.05 0.022395833333333334
2 0.4861111111111111 0.5776041666666667 0.059722222222222225 0.021875
2 0.49583333333333335 0.6111979166666667 0.049305555555555554 0.024479166666666666
2 0.49930555555555556 0.63671875 0.03888888888888889 0.020833333333333332