3 0.7579861111111111 0.3078125 0.34930555555555554 0.050520833333333334
3 0.7822916666666667 0.4859375 0.30416666666666664 0.0546875
3 0.7711805555555555 0.5171875 0.28125 0.042708333333333334
3 0.8260416666666667 0.7546875 0.22569444444444445 0.033854166666666664
3 0.8208333333333333 0.8372395833333334 0.2388888888888889 0.0375
2 0.7232638888888889 0.019270833333333334 0.34375 0.03854166666666667
2 0.7315972222222222 0.050520833333333334 0.3326388888888889 0.065625
2 0.7225694444444445 0.08619791666666667 0.325 0.0625
2 0.7295138888888889 0.12265625 0.33958333333333335 0.059375
2 0.7427083333333333 0.20208333333333334 0.31319444444444444 0.0609375
2 0.7430555555555556 0.24114583333333334 0.2951388888888889 0.05572916666666667
2 0.7315972222222222 0.2747395833333333 0.3055555555555556 0.05677083333333333
2 0.7472222222222222 0.3455729166666667 0.30069444444444443 0.04739583333333333
2 0.7451388888888889 0.37994791666666666 0.2722222222222222 0.053125
2 0.7659722222222223 0.4153645833333333 0.25625 0.04114583333333333
2 0.7663194444444444 0.4471354166666667 0.24722222222222223 0.0484375
2 0.7822916666666667 0.5471354166666667 0.21180555555555555 0.026041666666666668
2 0.8388888888888889 0.628125 0.19722222222222222 0.0453125
2 0.8479166666666667 0.65703125 0.1840277777777778 0.028645833333333332
2 0.8326388888888889 0.6817708333333333 0.19930555555555557 0.036458333333333336
2 0.8451388888888889 0.7078125 0.1527777777777778 0.03229166666666667
2 0.83125 0.7356770833333334 0.1625 0.020833333333333332
2 0.821875 0.7859375 0.18611111111111112 0.030729166666666665
2 0.8177083333333334 0.809375 0.175 0.028125
1 0.7381944444444445 0.165625 0.32083333333333336 0.05572916666666667
1 0.7979166666666667 0.5690104166666666 0.2847222222222222 0.03958333333333333
0 0.8017361111111111 0.5924479166666666 0.23333333333333334 0.0375