3 0.8184027777777778 0.3684895833333333 0.34791666666666665 0.07708333333333334
3 0.7763888888888889 0.5447916666666667 0.30486111111111114 0.07760416666666667
3 0.7545138888888889 0.57265625 0.28055555555555556 0.0640625
3 0.7201388888888889 0.8122395833333333 0.225 0.051041666666666666
3 0.684375 0.8903645833333333 0.23819444444444443 0.05572916666666667
2 0.8614583333333333 0.07421875 0.27708333333333335 0.08489583333333334
2 0.8604166666666667 0.11536458333333334 0.2791666666666667 0.09010416666666667
2 0.8513888888888889 0.1484375 0.2972222222222222 0.08645833333333333
2 0.8447916666666667 0.18463541666666666 0.3104166666666667 0.08489583333333334
2 0.8427083333333333 0.2635416666666667 0.3145833333333333 0.084375
2 0.8288194444444444 0.3015625 0.29583333333333334 0.07760416666666667
2 0.8055555555555556 0.33125 0.30625 0.0796875
2 0.7944444444444444 0.40286458333333336 0.30069444444444443 0.0703125
2 0.7798611111111111 0.43515625 0.27361111111111114 0.0734375
2 0.7868055555555555 0.47369791666666666 0.25625 0.06041666666666667
2 0.7753472222222222 0.5041666666666667 0.24791666666666667 0.06666666666666667
2 0.7541666666666667 0.6036458333333333 0.21041666666666667 0.042708333333333334
2 0.7788194444444444 0.6932291666666667 0.1986111111111111 0.059895833333333336
2 0.7767361111111111 0.7229166666666667 0.18333333333333332 0.042708333333333334
2 0.753125 0.7434895833333334 0.19930555555555557 0.0515625
2 0.7555555555555555 0.77109375 0.15347222222222223 0.04375
2 0.7315972222222222 0.7950520833333333 0.16180555555555556 0.03333333333333333
2 0.7041666666666667 0.84140625 0.18611111111111112 0.04479166666666667
2 0.6916666666666667 0.86328125 0.17430555555555555 0.04114583333333333
1 0.8458333333333333 0.22786458333333334 0.30833333333333335 0.0796875
1 0.7611111111111111 0.628125 0.28402777777777777 0.06145833333333333
0 0.75625 0.6513020833333333 0.23333333333333334 0.05520833333333333