3 0.7295138888888889 0.28854166666666664 0.34791666666666665 0.07708333333333334
3 0.7788194444444444 0.46380208333333334 0.30486111111111114 0.07760416666666667
3 0.7722222222222223 0.49583333333333335 0.28055555555555556 0.0640625
3 0.8597222222222223 0.7276041666666667 0.225 0.051041666666666666
3 0.8659722222222223 0.81015625 0.23819444444444443 0.05572916666666667
2 0.6538194444444444 0.018229166666666668 0.34375 0.036458333333333336
2 0.6677083333333333 0.03984375 0.33402777777777776 0.0796875
2 0.6638888888888889 0.07109375 0.32569444444444445 0.08645833333333333
2 0.6756944444444445 0.10677083333333333 0.33958333333333335 0.08489583333333334
2 0.7 0.18463541666666666 0.3145833333333333 0.084375
2 0.7059027777777778 0.2234375 0.29583333333333334 0.07760416666666667
2 0.6989583333333333 0.2578125 0.30625 0.0796875
2 0.7243055555555555 0.32708333333333334 0.30069444444444443 0.0703125
2 0.7270833333333333 0.3614583333333333 0.27361111111111114 0.0734375
2 0.7527777777777778 0.39505208333333336 0.25625 0.06041666666666667
2 0.7576388888888889 0.4265625 0.24791666666666667 0.06666666666666667
2 0.7875 0.5247395833333334 0.21041666666666667 0.042708333333333334
2 0.8548611111111111 0.60078125 0.1986111111111111 0.059895833333333336
2 0.8680555555555556 0.62890625 0.18333333333333332 0.042708333333333334
2 0.85625 0.6546875 0.19930555555555557 0.0515625
2 0.8722222222222222 0.6794270833333333 0.15347222222222223 0.04375
2 0.8621527777777778 0.7083333333333334 0.16180555555555556 0.03333333333333333
2 0.8597222222222223 0.7591145833333334 0.18611111111111112 0.04479166666666667
2 0.8590277777777777 0.7828125 0.17430555555555555 0.04114583333333333
1 0.6902777777777778 0.14869791666666668 0.32083333333333336 0.0796875
1 0.8059027777777777 0.5453125 0.28402777777777777 0.06145833333333333
0 0.8131944444444444 0.5684895833333333 0.23333333333333334 0.05520833333333333