2 0.19427083333333334 0.15234375 0.3885416666666667 0.22760416666666666
2 0.18723958333333332 0.27682291666666664 0.37447916666666664 0.10989583333333333
2 0.18463541666666666 0.33489583333333334 0.25416666666666665 0.0890625
2 0.20703125 0.38229166666666664 0.2328125 0.07083333333333333
2 0.22213541666666667 0.4140625 0.21875 0.07291666666666667
2 0.23229166666666667 0.45364583333333336 0.19583333333333333 0.06302083333333333
2 0.259375 0.4895833333333333 0.19635416666666666 0.0609375
2 0.2557291666666667 0.5190104166666667 0.18229166666666666 0.0484375
2 0.38255208333333335 0.37083333333333335 0.1171875 0.19895833333333332
3 0.7424479166666667 0.09557291666666666 0.37552083333333336 0.19114583333333332
3 0.7838541666666666 0.1859375 0.28020833333333334 0.08177083333333333
3 0.8015625 0.22135416666666666 0.23229166666666667 0.07395833333333333
3 0.8072916666666666 0.2596354166666667 0.20052083333333334 0.06041666666666667
3 0.7770833333333333 0.29713541666666665 0.26666666666666666 0.0734375
3 0.80078125 0.32135416666666666 0.21197916666666666 0.059895833333333336
3 0.7984375 0.3528645833333333 0.20208333333333334 0.0609375
3 0.6109375 0.2640625 0.09114583333333333 0.18072916666666666