2 0.8057291666666667 0.15234375 0.3885416666666667 0.22760416666666666
2 0.8125 0.27682291666666664 0.375 0.10989583333333333
2 0.8153645833333333 0.33489583333333334 0.25416666666666665 0.0890625
2 0.79296875 0.38229166666666664 0.2328125 0.07083333333333333
2 0.7778645833333333 0.4140625 0.21875 0.07291666666666667
2 0.7677083333333333 0.45364583333333336 0.19583333333333333 0.06302083333333333
2 0.740625 0.4895833333333333 0.19635416666666666 0.0609375
2 0.7442708333333333 0.5190104166666667 0.18229166666666666 0.0484375
2 0.6174479166666667 0.37083333333333335 0.1171875 0.19895833333333332
3 0.25703125 0.09557291666666666 0.37552083333333336 0.19114583333333332
3 0.21614583333333334 0.1859375 0.28020833333333334 0.08177083333333333
3 0.1984375 0.22135416666666666 0.23229166666666667 0.07395833333333333
3 0.19270833333333334 0.2596354166666667 0.20052083333333334 0.06041666666666667
3 0.22291666666666668 0.29713541666666665 0.26666666666666666 0.0734375
3 0.19921875 0.32135416666666666 0.21197916666666666 0.059895833333333336
3 0.2015625 0.3528645833333333 0.20208333333333334 0.0609375
3 0.3890625 0.2640625 0.09114583333333333 0.18072916666666666