2 0.79453125 0.12994791666666666 0.4109375 0.19947916666666668
2 0.80390625 0.2546875 0.3921875 0.08333333333333333
2 0.8028645833333333 0.31328125 0.25364583333333335 0.071875
2 0.7838541666666666 0.36223958333333334 0.23333333333333334 0.05520833333333333
2 0.77109375 0.39479166666666665 0.21875 0.058333333333333334
2 0.7638020833333333 0.4348958333333333 0.19635416666666666 0.05
2 0.7393229166666667 0.47265625 0.196875 0.04791666666666667
2 0.7450520833333333 0.5020833333333333 0.18333333333333332 0.0359375
2 0.6083333333333333 0.36302083333333335 0.10520833333333333 0.1953125
3 0.22942708333333334 0.10807291666666667 0.3697916666666667 0.17864583333333334
3 0.19505208333333332 0.20651041666666667 0.28125 0.06302083333333333
3 0.17994791666666668 0.24296875 0.2328125 0.058333333333333334
3 0.1765625 0.28151041666666665 0.20104166666666667 0.04739583333333333
3 0.209375 0.31692708333333336 0.2682291666666667 0.05520833333333333
3 0.1875 0.34270833333333334 0.21302083333333333 0.0453125
3 0.19192708333333333 0.37421875 0.20260416666666667 0.04739583333333333
3 0.3729166666666667 0.27239583333333334 0.08020833333333334 0.17864583333333334