2 0.7067708333333333 0.08229166666666667 0.45 0.16458333333333333
2 0.73046875 0.184375 0.3927083333333333 0.08958333333333333
2 0.7442708333333333 0.24140625 0.25416666666666665 0.07604166666666666
2 0.7385416666666667 0.29322916666666665 0.23333333333333334 0.059375
2 0.7346354166666667 0.328125 0.21875 0.06197916666666667
2 0.7380208333333333 0.3690104166666667 0.19635416666666666 0.053125
2 0.72421875 0.41171875 0.196875 0.051041666666666666
2 0.7372395833333333 0.43854166666666666 0.1828125 0.0390625
2 0.5690104166666666 0.33958333333333335 0.10833333333333334 0.19635416666666666
3 0.16145833333333334 0.19166666666666668 0.3229166666666667 0.184375
3 0.13489583333333333 0.2953125 0.26979166666666665 0.06770833333333333
3 0.12421875 0.3346354166666667 0.2328125 0.06197916666666667
3 0.13125 0.37265625 0.20104166666666667 0.050520833333333334
3 0.171875 0.3984375 0.2677083333333333 0.059895833333333336
3 0.15755208333333334 0.42890625 0.21302083333333333 0.04895833333333333
3 0.17005208333333333 0.45807291666666666 0.20260416666666667 0.050520833333333334
3 0.3182291666666667 0.31302083333333336 0.0828125 0.17916666666666667