2 0.8028645833333333 0.146875 0.39427083333333335 0.22083333333333333
2 0.8104166666666667 0.2708333333333333 0.37916666666666665 0.103125
2 0.8122395833333333 0.3294270833333333 0.25416666666666665 0.08489583333333334
2 0.7908854166666667 0.3770833333333333 0.2328125 0.0671875
2 0.7763020833333333 0.40911458333333334 0.21875 0.06927083333333334
2 0.7669270833333334 0.44895833333333335 0.19583333333333333 0.059895833333333336
2 0.7403645833333333 0.48541666666666666 0.19635416666666666 0.0578125
2 0.74453125 0.51484375 0.18229166666666666 0.0453125
2 0.6153645833333333 0.36875 0.11458333333333333 0.19791666666666666
3 0.25 0.09609375 0.37395833333333334 0.1921875
3 0.2109375 0.19088541666666667 0.28020833333333334 0.07708333333333334
3 0.19375 0.2265625 0.2328125 0.06979166666666667
3 0.18854166666666666 0.26510416666666664 0.20052083333333334 0.057291666666666664
3 0.21953125 0.3020833333333333 0.2671875 0.06875
3 0.19609375 0.3265625 0.2125 0.05625
3 0.19895833333333332 0.35833333333333334 0.20260416666666667 0.057291666666666664
3 0.3848958333333333 0.26614583333333336 0.08854166666666667 0.18020833333333333