1 0.5577651515151515 0.35972568578553615 0.48863636363636365 0.13840399002493767
1 0.4384469696969697 0.6870324189526185 0.2935606060606061 0.07356608478802992
2 0.5454545454545454 0.43453865336658354 0.4375 0.08728179551122195
2 0.5435606060606061 0.4688279301745636 0.4166666666666667 0.09102244389027432
2 0.5198863636363636 0.5006234413965087 0.36742424242424243 0.07855361596009976
2 0.4895833333333333 0.6041147132169576 0.36174242424242425 0.0885286783042394
2 0.4744318181818182 0.6620947630922693 0.3409090909090909 0.0798004987531172
2 0.4649621212121212 0.7263092269326683 0.3143939393939394 0.07605985037406483
0 0.5066287878787878 0.5411471321695761 0.4053030303030303 0.09102244389027432
3 0.49053030303030304 0.5679551122194514 0.32196969696969696 0.06733167082294264
3 0.46117424242424243 0.6296758104738155 0.3409090909090909 0.07605985037406483