1 0.5028409090909091 0.35473815461346636 0.48295454545454547 0.08603491271820449
1 0.4810606060606061 0.6913965087281796 0.2935606060606061 0.04114713216957606
2 0.48390151515151514 0.428927680798005 0.4412878787878788 0.03740648379052369
2 0.4715909090909091 0.4625935162094763 0.4185606060606061 0.04488778054862843
2 0.48011363636363635 0.49688279301745636 0.3693181818181818 0.03740648379052369
2 0.4668560606060606 0.6022443890274314 0.35984848484848486 0.048628428927680795
2 0.4564393939393939 0.6602244389027432 0.3409090909090909 0.04114713216957606
2 0.4393939393939394 0.7244389027431422 0.3143939393939394 0.04114713216957606
0 0.47632575757575757 0.5380299251870324 0.4053030303030303 0.04488778054862843
3 0.4810606060606061 0.5673316708229427 0.32386363636363635 0.03117206982543641
3 0.48295454545454547 0.6315461346633416 0.3428030303030303 0.03740648379052369