3 0.4148264984227129 0.01858736059479554 0.47318611987381703 0.03345724907063197
3 0.4195583596214511 0.04151177199504337 0.42586750788643535 0.02973977695167286
3 0.42113564668769715 0.06133828996282528 0.39747634069400634 0.026022304832713755
3 0.4116719242902208 0.13073110285006195 0.416403785488959 0.027261462205700124
3 0.4085173501577287 0.15055762081784388 0.3753943217665615 0.027261462205700124
3 0.32334384858044163 0.7224287484510533 0.35646687697160884 0.026022304832713755
3 0.32334384858044163 0.7410161090458488 0.3470031545741325 0.027261462205700124
3 0.3249211356466877 0.7633209417596035 0.3280757097791798 0.022304832713754646
3 0.305993690851735 0.7788104089219331 0.3785488958990536 0.028500619578686492
3 0.30441640378548895 0.8035935563816605 0.3438485804416404 0.022304832713754646
3 0.2981072555205047 0.822180916976456 0.3217665615141956 0.021065675340768277
2 0.41798107255520506 0.08674101610904585 0.41009463722397477 0.030978934324659233
2 0.41798107255520506 0.10842627013630732 0.38801261829652994 0.028500619578686492
2 0.3990536277602524 0.17286245353159851 0.41324921135646686 0.030978934324659233
2 0.39589905362776023 0.1939281288723668 0.4227129337539432 0.030978934324659233
2 0.3801261829652997 0.21437422552664187 0.38485804416403785 0.028500619578686492
2 0.38958990536277605 0.23605947955390336 0.38801261829652994 0.03593556381660471
2 0.38801261829652994 0.25650557620817843 0.3753943217665615 0.030978934324659233
2 0.3864353312302839 0.2781908302354399 0.3943217665615142 0.02973977695167286
2 0.38485804416403785 0.30607187112763323 0.3911671924290221 0.028500619578686492
2 0.38958990536277605 0.32094175960346966 0.4037854889589905 0.02973977695167286
2 0.38485804416403785 0.34572490706319703 0.39747634069400634 0.03345724907063197
2 0.37697160883280756 0.36864931846344484 0.39747634069400634 0.028500619578686492
2 0.38485804416403785 0.38661710037174724 0.41324921135646686 0.030978934324659233
2 0.37697160883280756 0.4076827757125155 0.3943217665615142 0.030978934324659233
2 0.3785488958990536 0.42874845105328374 0.39747634069400634 0.0322180916976456
2 0.3753943217665615 0.44919454770755884 0.40063091482649843 0.027261462205700124
2 0.37066246056782337 0.4721189591078067 0.3943217665615142 0.024783147459727387
2 0.33753943217665616 0.5359355638166047 0.35962145110410093 0.023543990086741014
2 0.3264984227129338 0.5557620817843866 0.3753943217665615 0.024783147459727387
2 0.32965299684542587 0.5762081784386617 0.334384858044164 0.023543990086741014
2 0.3217665615141956 0.5978934324659232 0.334384858044164 0.024783147459727387
2 0.30757097791798105 0.6177199504337051 0.3438485804416404 0.024783147459727387
2 0.30126182965299686 0.6369268897149938 0.3470031545741325 0.022304832713754646
2 0.305993690851735 0.6548946716232962 0.3627760252365931 0.027261462205700124
2 0.29652996845425866 0.677819083023544 0.3438485804416404 0.023543990086741014
2 0.3138801261829653 0.6970260223048327 0.35331230283911674 0.022304832713754646
2 0.29652996845425866 0.8444857496902106 0.30914826498422715 0.021065675340768277
2 0.305993690851735 0.8655514250309789 0.30914826498422715 0.01982651796778191
2 0.305993690851735 0.8847583643122676 0.35331230283911674 0.022304832713754646
2 0.2996845425867508 0.9070631970260223 0.3028391167192429 0.023543990086741014
2 0.29337539432176657 0.9256505576208178 0.3659305993690852 0.023543990086741014
2 0.29652996845425866 0.9454770755885997 0.28391167192429023 0.023543990086741014
2 0.7334384858044164 0.8376703841387856 0.41324921135646686 0.07558859975216853
2 0.749211356466877 0.8841387856257745 0.35331230283911674 0.030978934324659233
2 0.7634069400630915 0.9070631970260223 0.3312302839116719 0.023543990086741014
2 0.7712933753943217 0.9256505576208178 0.30914826498422715 0.021065675340768277
2 0.6261829652996845 0.9349442379182156 0.1640378548895899 0.022304832713754646
2 0.862776025236593 0.9473358116480793 0.11041009463722397 0.01982651796778191
3 0.37381703470031546 0.48946716232961585 0.38485804416403785 0.01858736059479554
0 0.2902208201892745 0.9721189591078067 0.3627760252365931 0.028500619578686492