3 0.45741324921135645 0.02168525402726146 0.47318611987381703 0.04337050805452292
3 0.45741324921135645 0.040272614622057 0.42586750788643535 0.04708798017348203
3 0.46214511041009465 0.06071871127633209 0.39747634069400634 0.042131350681536554
3 0.49053627760252366 0.1294919454770756 0.416403785488959 0.04460966542750929
3 0.49842271293375395 0.14869888475836432 0.3753943217665615 0.042131350681536554
3 0.7350157728706624 0.7137546468401487 0.35646687697160884 0.03965303593556382
3 0.7397476340694006 0.7323420074349443 0.3470031545741325 0.040892193308550186
3 0.7444794952681388 0.7546468401486989 0.3280757097791798 0.03593556381660471
3 0.7665615141955836 0.7695167286245354 0.3785488958990536 0.04337050805452292
3 0.7744479495268138 0.7936802973977695 0.3438485804416404 0.03593556381660471
3 0.7854889589905363 0.8116480793060719 0.3186119873817035 0.03345724907063197
2 0.471608832807571 0.08550185873605948 0.41009463722397477 0.04708798017348203
2 0.47634069400630913 0.10718711276332094 0.38801261829652994 0.04337050805452292
2 0.5126182965299685 0.17100371747211895 0.41324921135646686 0.04708798017348203
2 0.5220820189274448 0.19144981412639406 0.4227129337539432 0.048327137546468404
2 0.5441640378548895 0.21127633209417596 0.38485804416403785 0.04460966542750929
2 0.5394321766561514 0.23296158612143741 0.3911671924290221 0.05080545229244114
2 0.5473186119873817 0.2534076827757125 0.3753943217665615 0.04584882280049566
2 0.5536277602523659 0.275092936802974 0.3943217665615142 0.04584882280049566
2 0.5630914826498423 0.3023543990086741 0.3911671924290221 0.04337050805452292
2 0.5630914826498423 0.31722428748451054 0.4037854889589905 0.04584882280049566
2 0.5725552050473186 0.3420074349442379 0.39747634069400634 0.04956629491945477
2 0.5867507886435331 0.3643122676579926 0.39747634069400634 0.04460966542750929
2 0.5851735015772871 0.3828996282527881 0.41324921135646686 0.04708798017348203
2 0.5977917981072555 0.4033457249070632 0.3943217665615142 0.04584882280049566
2 0.6025236593059937 0.42441140024783147 0.39747634069400634 0.048327137546468404
2 0.610410094637224 0.4448574969021066 0.40063091482649843 0.04337050805452292
2 0.6198738170347003 0.46654275092936803 0.3943217665615142 0.040892193308550186
2 0.6719242902208202 0.5291201982651796 0.35962145110410093 0.03717472118959108
2 0.6876971608832808 0.5483271375464684 0.3753943217665615 0.03965303593556382
2 0.6892744479495269 0.5687732342007435 0.334384858044164 0.03717472118959108
2 0.7034700315457413 0.5898389095415117 0.334384858044164 0.03841387856257745
2 0.7239747634069401 0.6090458488228006 0.3438485804416404 0.03841387856257745
2 0.7350157728706624 0.627633209417596 0.3470031545741325 0.03593556381660471
2 0.7350157728706624 0.6462205700123915 0.3627760252365931 0.042131350681536554
2 0.749211356466877 0.667905824039653 0.34069400630914826 0.03717472118959108
2 0.7365930599369085 0.6883519206939281 0.35331230283911674 0.03717472118959108
2 0.7933753943217665 0.8339529120198265 0.30914826498422715 0.03345724907063197
2 0.7902208201892744 0.855638166047088 0.305993690851735 0.0322180916976456
2 0.7949526813880127 0.8742255266418835 0.35331230283911674 0.03593556381660471
2 0.807570977917981 0.8965303593556382 0.3028391167192429 0.03469640644361834
2 0.8186119873817035 0.9144981412639405 0.3627760252365931 0.03841387856257745
2 0.8217665615141956 0.9349442379182156 0.2870662460567823 0.03469640644361834
2 0.3580441640378549 0.8451053283767038 0.42586750788643535 0.09169764560099132
2 0.3548895899053628 0.8921933085501859 0.35646687697160884 0.04460966542750929
2 0.34542586750788645 0.9157372986369269 0.3312302839116719 0.03717472118959108
2 0.3422712933753943 0.9343246592317225 0.305993690851735 0.03345724907063197
2 0.49053627760252366 0.9374225526641884 0.167192429022082 0.028500619578686492
2 0.2586750788643533 0.959727385377943 0.11356466876971609 0.023543990086741014
3 0.6230283911671924 0.48451053283767037 0.38170347003154576 0.03469640644361834
0 0.8264984227129337 0.9609665427509294 0.3470031545741325 0.04337050805452292