3 0.8107255520504731 0.03841387856257745 0.3785488958990536 0.04956629491945477
3 0.8138801261829653 0.060099132589838906 0.3722397476340694 0.04337050805452292
3 0.8138801261829653 0.07930607187112763 0.3722397476340694 0.03965303593556382
3 0.7949526813880127 0.14745972738537794 0.41009463722397477 0.042131350681536554
3 0.7886435331230284 0.16728624535315986 0.3753943217665615 0.03965303593556382
3 0.5441640378548895 0.7323420074349443 0.35646687697160884 0.03717472118959108
3 0.5347003154574133 0.7503097893432465 0.3470031545741325 0.03965303593556382
3 0.5189274447949527 0.7719950433705081 0.3280757097791798 0.03345724907063197
3 0.5299684542586751 0.7893432465923172 0.3785488958990536 0.040892193308550186
3 0.5157728706624606 0.8128872366790583 0.3438485804416404 0.03345724907063197
3 0.5126182965299685 0.8314745972738538 0.3186119873817035 0.030978934324659233
2 0.805993690851735 0.10408921933085502 0.38801261829652994 0.04460966542750929
2 0.804416403785489 0.12577447335811648 0.38801261829652994 0.040892193308550186
2 0.7854889589905363 0.19021065675340768 0.41324921135646686 0.04460966542750929
2 0.7760252365930599 0.21127633209417596 0.4227129337539432 0.04584882280049566
2 0.7807570977917981 0.23234200743494424 0.38485804416403785 0.042131350681536554
2 0.7586750788643533 0.2527881040892193 0.3911671924290221 0.048327137546468404
2 0.749211356466877 0.2732342007434944 0.3753943217665615 0.04337050805452292
2 0.7381703470031545 0.2942998760842627 0.3943217665615142 0.04337050805452292
2 0.7239747634069401 0.3215613382899628 0.3911671924290221 0.040892193308550186
2 0.7097791798107256 0.3351920693928129 0.4037854889589905 0.04337050805452292
2 0.7003154574132492 0.35997521685254025 0.39747634069400634 0.04708798017348203
2 0.695583596214511 0.3828996282527881 0.39747634069400634 0.040892193308550186
2 0.6766561514195584 0.40024783147459725 0.41324921135646686 0.04460966542750929
2 0.6735015772870663 0.42069392812887235 0.3943217665615142 0.04337050805452292
2 0.6593059936908517 0.44175960346964066 0.39747634069400634 0.04460966542750929
2 0.6514195583596214 0.46158612143742256 0.40063091482649843 0.040892193308550186
2 0.6419558359621451 0.4838909541511772 0.3943217665615142 0.03841387856257745
2 0.638801261829653 0.5495662949194547 0.35962145110410093 0.03593556381660471
2 0.637223974763407 0.5700123915737298 0.3753943217665615 0.03717472118959108
2 0.6230283911671924 0.5892193308550185 0.334384858044164 0.03593556381660471
2 0.6182965299684543 0.61090458488228 0.334384858044164 0.03593556381660471
2 0.6214511041009464 0.6319702602230484 0.3438485804416404 0.03593556381660471
2 0.6151419558359621 0.6505576208178439 0.3470031545741325 0.03345724907063197
2 0.6009463722397477 0.6685254027261462 0.3627760252365931 0.03965303593556382
2 0.5962145110410094 0.6908302354399009 0.3438485804416404 0.03469640644361834
2 0.5678233438485805 0.70817843866171 0.35331230283911674 0.03469640644361834
2 0.5 0.8531598513011153 0.30914826498422715 0.030978934324659233
2 0.4810725552050473 0.8736059479553904 0.30914826498422715 0.030978934324659233
2 0.46845425867507884 0.8921933085501859 0.35331230283911674 0.03469640644361834
2 0.46214511041009465 0.9144981412639405 0.3028391167192429 0.03345724907063197
2 0.45741324921135645 0.9330855018587361 0.3627760252365931 0.03593556381660471
2 0.443217665615142 0.9522924411400248 0.2870662460567823 0.03345724907063197
2 0.14511041009463724 0.8079306071871127 0.2902208201892745 0.08921933085501858
2 0.10725552050473186 0.8519206939281289 0.21451104100946372 0.04337050805452292
2 0.08675078864353312 0.8736059479553904 0.17350157728706625 0.03469640644361834
2 0.07097791798107256 0.8903345724907064 0.14195583596214512 0.030978934324659233
2 0.1277602523659306 0.912639405204461 0.167192429022082 0.027261462205700124
3 0.6293375394321766 0.5006195786864932 0.38170347003154576 0.0322180916976456
0 0.4353312302839117 0.9789343246592317 0.3627760252365931 0.040892193308550186