3 0.3566988416988417 0.04040097205346294 0.5203474903474904 0.04117861482381531
3 0.3537258687258687 0.08826245443499392 0.5144015444015444 0.04119076549210207
3 0.3572972972972973 0.134726609963548 0.5334169884169884 0.04251518833535846
3 0.35610038610038613 0.17968408262454436 0.5191505791505792 0.0378493317132442
3 0.3645752895752895 0.2251154313487242 0.533108108108108 0.03823815309842038
3 0.36471042471042475 0.26623329283110575 0.5185714285714286 0.041215066828675595
3 0.35194980694980693 0.3080194410692588 0.48708494208494213 0.041409477521263685
3 0.3651544401544401 0.35083839611178613 0.47490347490347484 0.039550425273389984
3 0.3762934362934363 0.3926123936816525 0.46451737451737457 0.0382260024301337
3 0.370945945945946 0.4290643985419198 0.4181853281853283 0.02963547995139731
3 0.36084942084942084 0.4637424058323208 0.37422779922779914 0.04255164034021869
3 0.381042471042471 0.5022235722964763 0.3789768339768339 0.02827460510328066
3 0.3553667953667954 0.5342891859052248 0.41372586872586875 0.02697448359659787
3 0.3874324324324324 0.5738274605103281 0.45411196911196916 0.03315917375455646
3 0.3768918918918919 0.6128068043742405 0.4062934362934362 0.026998784933171288
3 0.3697683397683397 0.6463669501822601 0.36828185328185337 0.03616038882138516
3 0.3838803088803089 0.685625759416768 0.3400579150579151 0.02495747266099631
3 0.37362934362934364 0.7146051032806805 0.4056949806949808 0.04179829890643996
3 0.3933783783783784 0.7496597812879708 0.39471042471042467 0.024046172539489628
3 0.38223938223938225 0.7797569866342648 0.3575868725868726 0.028165249088699957
3 0.3985714285714285 0.820498177399757 0.408069498069498 0.024410692588092246
2 0.7635907335907336 0.37578371810449573 0.20552123552123558 0.03896719319562582
2 0.7536293436293436 0.4099878493317133 0.21830115830115837 0.02889428918590519
2 0.746949806949807 0.4428068043742406 0.18413127413127411 0.026087484811664674
2 0.7572007722007722 0.47346294046172543 0.18978764478764468 0.023110571081409455
2 0.762992277992278 0.5009477521263669 0.20434362934362937 0.023487241798298957
2 0.7580888030888031 0.5303037667071689 0.17374517374517376 0.029113001215066873
2 0.7606177606177607 0.5584325637910085 0.1758301158301159 0.023693803159173753
2 0.7609073359073358 0.5815917375455649 0.17048262548262538 0.03411907654921026
2 0.7531853281853281 0.612442284325638 0.166911196911197 0.026269744835965985
2 0.7441312741312741 0.6382381530984204 0.21115830115830114 0.02104495747266092
2 0.7579536679536679 0.6629161603888214 0.1764092664092664 0.022551640340218646
2 0.7524517374517374 0.6948967193195625 0.18027027027027026 0.03489671931956261