3 0.5656370656370656 0.03523693803159174 0.525096525096525 0.07047387606318348
3 0.5772200772200772 0.08080194410692589 0.5193050193050193 0.07533414337788578
3 0.581081081081081 0.1275820170109356 0.5366795366795367 0.07776427703523693
3 0.5897683397683398 0.17193195625759417 0.5231660231660231 0.07168894289185905
3 0.5888030888030888 0.2174969623329283 0.5366795366795367 0.07290400972053462
3 0.5955598455598455 0.25880923450789795 0.5231660231660231 0.07533414337788578
3 0.6158301158301158 0.29951397326852974 0.49034749034749037 0.07290400972053462
3 0.609073359073359 0.34264884568651277 0.47876447876447875 0.07047387606318348
3 0.6052123552123552 0.38517618469015796 0.4691119691119691 0.06804374240583232
3 0.6167953667953668 0.42102065613608747 0.42084942084942084 0.05710814094775213
3 0.6322393822393823 0.45504252733900363 0.3783783783783784 0.06682867557715674
3 0.6187258687258688 0.4945321992709599 0.38223938223938225 0.053462940461725394
3 0.6496138996138996 0.5243013365735115 0.41505791505791506 0.053462940461725394
3 0.6245173745173745 0.5662211421628189 0.4575289575289575 0.06318347509113001
3 0.640926640926641 0.6038882138517618 0.4092664092664093 0.053462940461725394
3 0.6534749034749034 0.6366950182260024 0.37258687258687256 0.060753341433778855
3 0.6467181467181468 0.6767922235722965 0.3416988416988417 0.04738760631834751
3 0.6611969111969112 0.7053462940461726 0.4111969111969112 0.06804374240583232
3 0.6476833976833977 0.741190765492102 0.39575289575289574 0.04981773997569866
3 0.6631274131274131 0.7703523693803159 0.361003861003861 0.05103280680437424
3 0.6544401544401545 0.8122721749696233 0.4092664092664093 0.05103280680437424
2 0.2171814671814672 0.393681652490887 0.21042471042471042 0.05224787363304982
2 0.23262548262548263 0.4270959902794654 0.222007722007722 0.0425273390036452
2 0.24517374517374518 0.45929526123936815 0.18725868725868725 0.03766707168894289
2 0.23938223938223938 0.49027946537059536 0.19305019305019305 0.03523693803159174
2 0.2384169884169884 0.5182260024301336 0.20656370656370657 0.03645200486026731
2 0.24806949806949807 0.5473876063183475 0.1776061776061776 0.040097205346294046
2 0.25096525096525096 0.5753341433778858 0.17953667953667954 0.03523693803159174
2 0.25386100386100385 0.5984204131227218 0.17567567567567569 0.04495747266099635
2 0.26640926640926643 0.6281895504252734 0.16988416988416988 0.03766707168894289
2 0.2799227799227799 0.6537059538274606 0.21428571428571427 0.03523693803159174
2 0.2702702702702703 0.6792223572296476 0.17953667953667954 0.03402187120291616
2 0.2808880308880309 0.7102065613608749 0.18532818532818532 0.046172539489671933