3 0.7166666666666667 0.46927083333333336 0.2659722222222222 0.0328125
3 0.7229166666666667 0.49375 0.22916666666666666 0.0296875
3 0.7270833333333333 0.5184895833333333 0.20555555555555555 0.024479166666666666
3 0.7277777777777777 0.5403645833333334 0.19583333333333333 0.022916666666666665
3 0.7135416666666666 0.5604166666666667 0.2013888888888889 0.025520833333333333
3 0.7239583333333334 0.5794270833333334 0.18611111111111112 0.024479166666666666
0 0.7104166666666667 0.35494791666666664 0.30833333333333335 0.03229166666666667
0 0.7100694444444444 0.37994791666666666 0.3020833333333333 0.03229166666666667
0 0.7131944444444445 0.40208333333333335 0.29930555555555555 0.034375
0 0.7118055555555556 0.42682291666666666 0.3020833333333333 0.04114583333333333
2 0.7239583333333334 0.6044270833333333 0.2701388888888889 0.028645833333333332
2 0.7375 0.62421875 0.2326388888888889 0.0265625
2 0.7329861111111111 0.6486979166666667 0.21319444444444444 0.027083333333333334
2 0.7427083333333333 0.6723958333333333 0.19722222222222222 0.025
2 0.7465277777777778 0.6963541666666667 0.17708333333333334 0.020833333333333332
2 0.7326388888888888 0.7143229166666667 0.17708333333333334 0.0203125
2 0.7392361111111111 0.7377604166666667 0.175 0.022916666666666665
2 0.7444444444444445 0.7572916666666667 0.13402777777777777 0.020833333333333332
2 0.75 0.7734375 0.16111111111111112 0.019791666666666666
1 0.7475694444444444 0.7932291666666667 0.19722222222222222 0.030208333333333334
1 0.7621527777777778 0.8158854166666667 0.17777777777777778 0.019270833333333334
1 0.7586805555555556 0.8348958333333333 0.1798611111111111 0.024479166666666666
1 0.7635416666666667 0.8575520833333333 0.14583333333333334 0.025520833333333333