3 0.28680555555555554 0.45807291666666666 0.2659722222222222 0.04635416666666667
3 0.278125 0.48203125 0.2298611111111111 0.041666666666666664
3 0.271875 0.5065104166666666 0.20555555555555555 0.035416666666666666
3 0.2690972222222222 0.5283854166666667 0.19583333333333333 0.0328125
3 0.2815972222222222 0.5489583333333333 0.20208333333333334 0.0359375
3 0.26944444444444443 0.5677083333333334 0.18680555555555556 0.033854166666666664
0 0.3034722222222222 0.34427083333333336 0.30833333333333335 0.0484375
0 0.3017361111111111 0.3692708333333333 0.3020833333333333 0.04791666666666667
0 0.2965277777777778 0.39114583333333336 0.29930555555555555 0.05
0 0.2954861111111111 0.4161458333333333 0.3034722222222222 0.05677083333333333
2 0.26666666666666666 0.5924479166666666 0.2701388888888889 0.042708333333333334
2 0.2517361111111111 0.6114583333333333 0.2326388888888889 0.03854166666666667
2 0.25381944444444443 0.6361979166666667 0.21388888888888888 0.03802083333333333
2 0.2420138888888889 0.6591145833333333 0.19722222222222222 0.034895833333333334
2 0.23576388888888888 0.6830729166666667 0.17708333333333334 0.0296875
2 0.24791666666666667 0.7018229166666666 0.17708333333333334 0.0296875
2 0.23923611111111112 0.7244791666666667 0.175 0.03177083333333333
2 0.23194444444444445 0.74375 0.13472222222222222 0.027604166666666666
2 0.22534722222222223 0.7596354166666667 0.16111111111111112 0.028125
1 0.22604166666666667 0.7796875 0.19791666666666666 0.04010416666666667
1 0.20902777777777778 0.8015625 0.17777777777777778 0.028125
1 0.2107638888888889 0.8205729166666667 0.18055555555555555 0.033854166666666664
1 0.20381944444444444 0.84296875 0.14722222222222223 0.0328125