3 0.7204861111111112 0.50390625 0.2659722222222222 0.053125
3 0.7197916666666667 0.5286458333333334 0.2298611111111111 0.04739583333333333
3 0.7170138888888888 0.5533854166666666 0.20555555555555555 0.040625
3 0.7114583333333333 0.575 0.1951388888888889 0.03802083333333333
3 0.6920138888888889 0.5921875 0.20208333333333334 0.04114583333333333
3 0.696875 0.6127604166666667 0.18680555555555556 0.03854166666666667
0 0.7458333333333333 0.39088541666666665 0.3076388888888889 0.05625
0 0.7388888888888889 0.4153645833333333 0.3013888888888889 0.05572916666666667
0 0.7357638888888889 0.4375 0.29930555555555555 0.0578125
0 0.7274305555555556 0.46145833333333336 0.30277777777777776 0.06458333333333334
2 0.6902777777777778 0.6369791666666667 0.26944444444444443 0.049479166666666664
2 0.6975694444444445 0.65859375 0.23194444444444445 0.044270833333333336
2 0.6864583333333333 0.6817708333333333 0.21319444444444444 0.04375
2 0.6895833333333333 0.7065104166666667 0.19722222222222222 0.04010416666666667
2 0.6868055555555556 0.73046875 0.17708333333333334 0.034375
2 0.6680555555555555 0.74609375 0.17708333333333334 0.033854166666666664
2 0.6680555555555555 0.7697916666666667 0.175 0.0359375
2 0.6680555555555555 0.78984375 0.13472222222222222 0.03125
2 0.66875 0.8065104166666667 0.16111111111111112 0.03229166666666667
1 0.6607638888888889 0.8255208333333334 0.19791666666666666 0.0453125
1 0.66875 0.85 0.17777777777777778 0.0328125
1 0.6600694444444445 0.8677083333333333 0.18055555555555555 0.03802083333333333
1 0.6586805555555556 0.8908854166666667 0.14722222222222223 0.036458333333333336