3 0.7100694444444444 0.44973958333333336 0.2659722222222222 0.05677083333333333
3 0.7201388888888889 0.4734375 0.22916666666666666 0.050520833333333334
3 0.7284722222222222 0.49765625 0.2048611111111111 0.043229166666666666
3 0.7326388888888888 0.5192708333333333 0.1951388888888889 0.04010416666666667
3 0.7215277777777778 0.5403645833333334 0.20208333333333334 0.04375
3 0.7350694444444444 0.55859375 0.18680555555555556 0.04114583333333333
0 0.6854166666666667 0.33697916666666666 0.30694444444444446 0.059895833333333336
0 0.6888888888888889 0.3614583333333333 0.3013888888888889 0.059375
0 0.6958333333333333 0.38333333333333336 0.2986111111111111 0.06145833333333333
0 0.6982638888888889 0.4080729166666667 0.30277777777777776 0.06822916666666666
2 0.7392361111111111 0.5830729166666667 0.26944444444444443 0.053125
2 0.7559027777777778 0.6015625 0.23194444444444445 0.04739583333333333
2 0.7552083333333334 0.6263020833333334 0.21319444444444444 0.04635416666666667
2 0.76875 0.6489583333333333 0.19722222222222222 0.042708333333333334
2 0.7767361111111111 0.6723958333333333 0.17708333333333334 0.036458333333333336
2 0.7659722222222223 0.6916666666666667 0.1763888888888889 0.036458333333333336
2 0.7760416666666666 0.7140625 0.175 0.03854166666666667
2 0.784375 0.7330729166666666 0.13472222222222222 0.0328125
2 0.7927083333333333 0.7484375 0.16111111111111112 0.033854166666666664
1 0.7934027777777778 0.7684895833333333 0.19791666666666666 0.04739583333333333
1 0.8114583333333333 0.7895833333333333 0.17708333333333334 0.035416666666666666
1 0.8111111111111111 0.80859375 0.18055555555555555 0.040625
1 0.8194444444444444 0.8309895833333333 0.14722222222222223 0.03854166666666667