2 0.36493055555555554 0.5546875 0.39444444444444443 0.09270833333333334
2 0.378125 0.6052083333333333 0.3638888888888889 0.08385416666666666
2 0.3920138888888889 0.64765625 0.29930555555555555 0.06822916666666666
2 0.41388888888888886 0.7864583333333334 0.28402777777777777 0.06510416666666667
2 0.42430555555555555 0.8140625 0.24791666666666667 0.0578125
2 0.43368055555555557 0.8848958333333333 0.2520833333333333 0.059895833333333336
2 0.425 0.9229166666666667 0.26875 0.06614583333333333
1 0.38055555555555554 0.684375 0.2520833333333333 0.06302083333333333
1 0.3857638888888889 0.7588541666666667 0.2972222222222222 0.0734375
3 0.38784722222222223 0.7192708333333333 0.28402777777777777 0.06875
3 0.42986111111111114 0.8528645833333334 0.25277777777777777 0.06510416666666667