2 0.34652777777777777 0.5046875 0.39166666666666666 0.11197916666666667
2 0.32881944444444444 0.5544270833333333 0.3611111111111111 0.10208333333333333
2 0.31666666666666665 0.5971354166666667 0.2965277777777778 0.0828125
2 0.2552083333333333 0.7291666666666666 0.28194444444444444 0.07916666666666666
2 0.2482638888888889 0.7572916666666667 0.2465277777777778 0.06979166666666667
2 0.2152777777777778 0.8239583333333333 0.25069444444444444 0.07239583333333334
2 0.1857638888888889 0.85546875 0.2673611111111111 0.07916666666666666
1 0.28506944444444443 0.6263020833333334 0.25069444444444444 0.075
1 0.24583333333333332 0.6950520833333333 0.2951388888888889 0.08802083333333334
3 0.27118055555555554 0.6604166666666667 0.2826388888888889 0.0828125
3 0.23055555555555557 0.7940104166666667 0.2513888888888889 0.07760416666666667