2 0.36354166666666665 0.553125 0.39444444444444443 0.08802083333333334
2 0.37569444444444444 0.6036458333333333 0.3645833333333333 0.07916666666666666
2 0.3885416666666667 0.64609375 0.29930555555555555 0.06458333333333334
2 0.40729166666666666 0.78515625 0.28402777777777777 0.06145833333333333
2 0.4170138888888889 0.8130208333333333 0.24861111111111112 0.0546875
2 0.42465277777777777 0.8838541666666667 0.2520833333333333 0.05677083333333333
2 0.4152777777777778 0.921875 0.26875 0.0625
1 0.3763888888888889 0.6828125 0.2520833333333333 0.059895833333333336
1 0.3795138888888889 0.7572916666666667 0.2972222222222222 0.06979166666666667
3 0.38298611111111114 0.7177083333333333 0.2847222222222222 0.065625
3 0.4215277777777778 0.8518229166666667 0.25277777777777777 0.06197916666666667