3 0.5069444444444444 0.4315104166666667 0.6590277777777778 0.06354166666666666
3 0.48333333333333334 0.47682291666666665 0.6347222222222222 0.07447916666666667
3 0.4861111111111111 0.53984375 0.5722222222222222 0.0921875
0 0.5274305555555555 0.28125 0.7618055555555555 0.11614583333333334
1 0.5163194444444444 0.36223958333333334 0.7479166666666667 0.1
2 0.49895833333333334 0.61640625 0.6777777777777778 0.10364583333333334
2 0.4861111111111111 0.6828125 0.5826388888888889 0.07239583333333334
2 0.5052083333333334 0.7440104166666667 0.6034722222222222 0.0828125
2 0.47256944444444443 0.8059895833333334 0.5541666666666667 0.08229166666666667
2 0.48333333333333334 0.86875 0.5270833333333333 0.08229166666666667
2 0.490625 0.934375 0.5104166666666666 0.084375