3 0.484375 0.4322916666666667 0.6548611111111111 0.13125
3 0.47638888888888886 0.48046875 0.6333333333333333 0.1390625
3 0.49930555555555556 0.5411458333333333 0.5756944444444444 0.15
0 0.45590277777777777 0.2828125 0.7645833333333333 0.19322916666666667
1 0.47118055555555555 0.36328125 0.7479166666666667 0.17604166666666668
2 0.5364583333333334 0.6130208333333333 0.6805555555555556 0.17239583333333333
2 0.5458333333333333 0.6799479166666667 0.5819444444444445 0.13177083333333334
2 0.5836805555555555 0.7356770833333334 0.6041666666666666 0.14427083333333332
2 0.5722222222222222 0.8018229166666667 0.55625 0.13854166666666667
2 0.6027777777777777 0.8606770833333334 0.5298611111111111 0.13541666666666666
2 0.6309027777777778 0.9231770833333334 0.5138888888888888 0.1359375