2 0.5107638888888889 0.26875 0.33611111111111114 0.07708333333333334
2 0.5215277777777778 0.30234375 0.31180555555555556 0.06145833333333333
2 0.5270833333333333 0.3294270833333333 0.3104166666666667 0.05625
2 0.5340277777777778 0.3575520833333333 0.31180555555555556 0.05572916666666667
2 0.5354166666666667 0.38619791666666664 0.30277777777777776 0.05364583333333333
2 0.5447916666666667 0.41302083333333334 0.3055555555555556 0.05572916666666667
2 0.546875 0.440625 0.28541666666666665 0.05625
2 0.5559027777777777 0.46510416666666665 0.29097222222222224 0.051041666666666666
2 0.5600694444444444 0.49140625 0.2743055555555556 0.052083333333333336
2 0.5625 0.51640625 0.2833333333333333 0.051041666666666666
2 0.5670138888888889 0.5401041666666667 0.2833333333333333 0.05572916666666667
2 0.5732638888888889 0.5682291666666667 0.2659722222222222 0.04635416666666667
2 0.5618055555555556 0.59296875 0.23958333333333334 0.050520833333333334
1 0.2690972222222222 0.45807291666666666 0.2222222222222222 0.049479166666666664
1 0.27291666666666664 0.48072916666666665 0.20833333333333334 0.04791666666666667
1 0.2829861111111111 0.50390625 0.21041666666666667 0.04583333333333333
1 0.2881944444444444 0.52734375 0.2 0.043229166666666666
1 0.29409722222222223 0.5510416666666667 0.18888888888888888 0.040625
1 0.2989583333333333 0.5677083333333334 0.19652777777777777 0.041666666666666664
3 0.8298611111111112 0.59453125 0.22916666666666666 0.09270833333333334
3 0.9024305555555555 0.65546875 0.1951388888888889 0.06510416666666667
3 0.9402777777777778 0.6890625 0.11944444444444445 0.04791666666666667