2 0.4892361111111111 0.26875 0.3347222222222222 0.09322916666666667
2 0.503125 0.3015625 0.3104166666666667 0.07708333333333334
2 0.5111111111111111 0.32864583333333336 0.3076388888888889 0.071875
2 0.5208333333333334 0.35625 0.30972222222222223 0.07135416666666666
2 0.5246527777777777 0.3846354166666667 0.3 0.06875
2 0.5364583333333334 0.4109375 0.3034722222222222 0.07135416666666666
2 0.5413194444444445 0.43828125 0.2833333333333333 0.0703125
2 0.5524305555555555 0.4622395833333333 0.28888888888888886 0.065625
2 0.559375 0.48828125 0.27291666666666664 0.06614583333333333
2 0.5638888888888889 0.5130208333333334 0.28125 0.06510416666666667
2 0.5704861111111111 0.5364583333333334 0.28194444444444444 0.06979166666666667
2 0.5795138888888889 0.5643229166666667 0.2638888888888889 0.059895833333333336
2 0.5701388888888889 0.5895833333333333 0.23819444444444443 0.0625
1 0.265625 0.4703125 0.22152777777777777 0.06041666666666667
1 0.27152777777777776 0.49244791666666665 0.2076388888888889 0.0578125
1 0.28368055555555555 0.5153645833333333 0.20972222222222223 0.05625
1 0.29097222222222224 0.5385416666666667 0.19930555555555557 0.053125
1 0.29930555555555555 0.56171875 0.18819444444444444 0.05
1 0.3055555555555556 0.578125 0.1951388888888889 0.0515625
3 0.8378472222222222 0.5770833333333333 0.23194444444444445 0.103125
3 0.9090277777777778 0.6333333333333333 0.18194444444444444 0.07604166666666666
3 0.9482638888888889 0.6643229166666667 0.10347222222222222 0.05572916666666667