2 0.49444444444444446 0.26875 0.33541666666666664 0.08958333333333333
2 0.5079861111111111 0.30182291666666666 0.3104166666666667 0.07291666666666667
2 0.5152777777777777 0.32864583333333336 0.30833333333333335 0.06770833333333333
2 0.5239583333333333 0.35651041666666666 0.3104166666666667 0.06770833333333333
2 0.5274305555555555 0.3848958333333333 0.30069444444444443 0.06510416666666667
2 0.5385416666666667 0.4114583333333333 0.30416666666666664 0.06770833333333333
2 0.5427083333333333 0.4388020833333333 0.28402777777777777 0.06666666666666667
2 0.553125 0.4630208333333333 0.28958333333333336 0.06197916666666667
2 0.5597222222222222 0.4890625 0.27361111111111114 0.0625
2 0.5635416666666667 0.5138020833333333 0.28194444444444444 0.06145833333333333
2 0.5694444444444444 0.5372395833333333 0.28194444444444444 0.06614583333333333
2 0.578125 0.5653645833333333 0.26458333333333334 0.05677083333333333
2 0.5680555555555555 0.5903645833333333 0.2388888888888889 0.059895833333333336
1 0.26631944444444444 0.4671875 0.2222222222222222 0.0578125
1 0.271875 0.4895833333333333 0.20833333333333334 0.05572916666666667
1 0.2833333333333333 0.5125 0.20972222222222223 0.05364583333333333
1 0.2902777777777778 0.5356770833333333 0.19930555555555557 0.051041666666666666
1 0.29791666666666666 0.5591145833333333 0.18888888888888888 0.04739583333333333
1 0.3038194444444444 0.5755208333333334 0.19583333333333333 0.04895833333333333
3 0.8361111111111111 0.5815104166666667 0.23125 0.10052083333333334
3 0.9076388888888889 0.6388020833333333 0.18472222222222223 0.0734375
3 0.9461805555555556 0.6705729166666666 0.1076388888888889 0.05364583333333333