2 0.41006944444444443 0.2786458333333333 0.33541666666666664 0.0640625
2 0.4107638888888889 0.31328125 0.3125 0.049479166666666664
2 0.4149305555555556 0.340625 0.3111111111111111 0.044270833333333336
2 0.41805555555555557 0.3690104166666667 0.3125 0.04375
2 0.4267361111111111 0.396875 0.3034722222222222 0.041666666666666664
2 0.4267361111111111 0.42473958333333334 0.30625 0.044270833333333336
2 0.434375 0.4515625 0.28541666666666665 0.0453125
2 0.4340277777777778 0.47708333333333336 0.2923611111111111 0.03958333333333333
2 0.4388888888888889 0.5033854166666667 0.275 0.041666666666666664
2 0.44513888888888886 0.5278645833333333 0.28402777777777777 0.04010416666666667
2 0.44930555555555557 0.5515625 0.28402777777777777 0.04479166666666667
2 0.4527777777777778 0.5802083333333333 0.26666666666666666 0.0359375
2 0.4722222222222222 0.6018229166666667 0.23958333333333334 0.041666666666666664
1 0.7086805555555555 0.41484375 0.2222222222222222 0.04114583333333333
1 0.7128472222222222 0.43723958333333335 0.20833333333333334 0.04010416666666667
1 0.7111111111111111 0.46171875 0.21041666666666667 0.03802083333333333
1 0.7142361111111111 0.48541666666666666 0.2 0.0359375
1 0.7166666666666667 0.509375 0.18888888888888888 0.03333333333333333
1 0.7177083333333333 0.5263020833333333 0.19652777777777777 0.034375
3 0.21388888888888888 0.6552083333333333 0.22569444444444445 0.08489583333333334
3 0.14548611111111112 0.7325520833333333 0.23402777777777778 0.05625
3 0.11736111111111111 0.7729166666666667 0.16597222222222222 0.041666666666666664