3 0.2942708333333333 0.32373046875 0.4340277777777778 0.080078125
3 0.2734375 0.3505859375 0.4357638888888889 0.0712890625
3 0.2725694444444444 0.3818359375 0.4236111111111111 0.0732421875
3 0.2595486111111111 0.412109375 0.4045138888888889 0.080078125
3 0.2690972222222222 0.44140625 0.3923611111111111 0.076171875
3 0.2482638888888889 0.47119140625 0.3993055555555556 0.0732421875
3 0.23524305555555555 0.49658203125 0.3888888888888889 0.0751953125
3 0.22135416666666666 0.52783203125 0.3767361111111111 0.06640625
3 0.19791666666666666 0.5517578125 0.3958333333333333 0.076171875
3 0.2265625 0.58935546875 0.2847222222222222 0.0625
2 0.4461805555555556 0.0244140625 0.4722222222222222 0.048828125
2 0.4157986111111111 0.03857421875 0.4635416666666667 0.0771484375
2 0.3828125 0.064453125 0.4201388888888889 0.0830078125
2 0.3619791666666667 0.09716796875 0.4097222222222222 0.078125
2 0.3506944444444444 0.1279296875 0.4010416666666667 0.0791015625
2 0.3498263888888889 0.1630859375 0.3628472222222222 0.072265625
2 0.3333333333333333 0.193359375 0.3680555555555556 0.083984375
2 0.3072916666666667 0.22412109375 0.3888888888888889 0.0810546875
2 0.2986111111111111 0.2578125 0.3715277777777778 0.0751953125
2 0.2777777777777778 0.28857421875 0.3663194444444444 0.0751953125
1 0.18663194444444445 0.6171875 0.3107638888888889 0.05859375
1 0.1857638888888889 0.642578125 0.3715277777777778 0.076171875
1 0.1736111111111111 0.67138671875 0.3333333333333333 0.0634765625
1 0.16493055555555555 0.69873046875 0.3298611111111111 0.0693359375
1 0.1579861111111111 0.72607421875 0.3159722222222222 0.0595703125
1 0.14583333333333334 0.74951171875 0.2916666666666667 0.0576171875
0 0.1467013888888889 0.77587890625 0.2934027777777778 0.0634765625
0 0.1484375 0.80517578125 0.296875 0.0693359375
0 0.14322916666666666 0.83642578125 0.2864583333333333 0.0654296875
0 0.1527777777777778 0.8623046875 0.3055555555555556 0.078125
0 0.1310763888888889 0.89794921875 0.2621527777777778 0.0751953125
0 0.1154513888888889 0.92578125 0.2309027777777778 0.056640625
0 0.11805555555555555 0.94775390625 0.2361111111111111 0.0595703125