3 0.1935763888888889 0.39892578125 0.3871527777777778 0.0888671875
3 0.1953125 0.427734375 0.390625 0.080078125
3 0.20572916666666666 0.45556640625 0.4114583333333333 0.0810546875
3 0.21354166666666666 0.48583984375 0.4027777777777778 0.087890625
3 0.2465277777777778 0.50927734375 0.390625 0.0830078125
3 0.2534722222222222 0.541015625 0.3975694444444444 0.080078125
3 0.2638888888888889 0.56689453125 0.3871527777777778 0.08203125
3 0.2769097222222222 0.59814453125 0.375 0.0732421875
3 0.2760416666666667 0.6259765625 0.3958333333333333 0.083984375
3 0.3333333333333333 0.65087890625 0.2847222222222222 0.068359375
2 0.1371527777777778 0.07763671875 0.2743055555555556 0.0966796875
2 0.13368055555555555 0.11083984375 0.2673611111111111 0.0947265625
2 0.12152777777777778 0.14599609375 0.24305555555555555 0.0908203125
2 0.1232638888888889 0.1806640625 0.2465277777777778 0.0859375
2 0.1284722222222222 0.21044921875 0.2569444444444444 0.0869140625
2 0.1328125 0.24169921875 0.265625 0.0791015625
2 0.13975694444444445 0.27294921875 0.2795138888888889 0.0908203125
2 0.1467013888888889 0.3076171875 0.2934027777777778 0.087890625
2 0.1519097222222222 0.3388671875 0.3038194444444444 0.08203125
2 0.1545138888888889 0.3720703125 0.3090277777777778 0.08203125
1 0.3211805555555556 0.68603515625 0.3090277777777778 0.064453125
1 0.3402777777777778 0.708984375 0.375 0.0830078125
1 0.3550347222222222 0.7373046875 0.3315972222222222 0.0693359375
1 0.3663194444444444 0.765625 0.3368055555555556 0.0751953125
1 0.3854166666666667 0.7900390625 0.3194444444444444 0.0654296875
1 0.3949652777777778 0.814453125 0.2951388888888889 0.0634765625
0 0.3967013888888889 0.84423828125 0.34375 0.0693359375
0 0.4157986111111111 0.87109375 0.359375 0.0751953125
0 0.4470486111111111 0.8974609375 0.328125 0.0712890625
0 0.4635416666666667 0.92138671875 0.3767361111111111 0.0849609375
0 0.4635416666666667 0.96044921875 0.3576388888888889 0.0791015625
0 0.4809027777777778 0.978515625 0.3090277777777778 0.04296875
0 0.4956597222222222 0.98779296875 0.328125 0.0244140625