3 0.5911458333333334 0.412109375 0.8177083333333334 0.287109375
3 0.6032986111111112 0.53466796875 0.7013888888888888 0.146484375
3 0.6293402777777778 0.59423828125 0.609375 0.126953125
3 0.5980902777777778 0.64599609375 0.5086805555555556 0.1064453125
3 0.5980902777777778 0.68701171875 0.4652777777777778 0.0859375
3 0.5477430555555556 0.7177734375 0.3263888888888889 0.072265625
3 0.5460069444444444 0.75439453125 0.3402777777777778 0.0712890625
3 0.5295138888888888 0.78173828125 0.3125 0.0625
3 0.4973958333333333 0.7998046875 0.2881944444444444 0.05859375
3 0.4809027777777778 0.82080078125 0.2534722222222222 0.0478515625
3 0.4678819444444444 0.83740234375 0.2708333333333333 0.0576171875
3 0.484375 0.86181640625 0.2361111111111111 0.0546875