3 0.2048611111111111 0.37939453125 0.4097222222222222 0.0634765625
3 0.2048611111111111 0.4091796875 0.4097222222222222 0.0546875
3 0.21180555555555555 0.43798828125 0.4236111111111111 0.0576171875
3 0.21788194444444445 0.46923828125 0.40625 0.064453125
3 0.2465277777777778 0.494140625 0.3940972222222222 0.0615234375
3 0.24739583333333334 0.5263671875 0.4027777777777778 0.0576171875
3 0.2526041666666667 0.552734375 0.390625 0.060546875
3 0.2604166666666667 0.58447265625 0.3802083333333333 0.0517578125
3 0.2543402777777778 0.61181640625 0.4010416666666667 0.0615234375
3 0.3055555555555556 0.640625 0.2847222222222222 0.052734375
2 0.17881944444444445 0.05224609375 0.3576388888888889 0.0693359375
2 0.17274305555555555 0.0859375 0.3454861111111111 0.068359375
2 0.15625 0.12060546875 0.3125 0.0673828125
2 0.1545138888888889 0.15576171875 0.3090277777777778 0.0634765625
2 0.15711805555555555 0.1865234375 0.3142361111111111 0.064453125
2 0.15885416666666666 0.21875 0.3177083333333333 0.05859375
2 0.1623263888888889 0.2509765625 0.3246527777777778 0.0703125
2 0.1657986111111111 0.2841796875 0.3315972222222222 0.06640625
2 0.16927083333333334 0.31787109375 0.3385416666666667 0.0615234375
2 0.1684027777777778 0.35107421875 0.3368055555555556 0.0615234375
1 0.2873263888888889 0.6748046875 0.3125 0.046875
1 0.3020833333333333 0.69873046875 0.3784722222222222 0.0615234375
1 0.3116319444444444 0.7275390625 0.3350694444444444 0.05078125
1 0.3177083333333333 0.75634765625 0.3402777777777778 0.056640625
1 0.3315972222222222 0.78173828125 0.3229166666666667 0.046875
1 0.3376736111111111 0.806640625 0.296875 0.046875
0 0.3333333333333333 0.8359375 0.3489583333333333 0.0498046875
0 0.3472222222222222 0.86376953125 0.3628472222222222 0.0556640625
0 0.3732638888888889 0.89208984375 0.3315972222222222 0.052734375
0 0.3854166666666667 0.9169921875 0.3784722222222222 0.0634765625
0 0.3784722222222222 0.95703125 0.359375 0.0615234375
0 0.390625 0.98095703125 0.3125 0.0380859375
0 0.4019097222222222 0.9912109375 0.3315972222222222 0.017578125