2 0.5286458333333334 0.60498046875 0.3368055555555556 0.17578125
2 0.4782986111111111 0.7158203125 0.19791666666666666 0.0244140625
2 0.4791666666666667 0.728515625 0.1701388888888889 0.017578125
2 0.4826388888888889 0.7421875 0.16666666666666666 0.01953125
2 0.4739583333333333 0.75439453125 0.13541666666666666 0.0126953125
2 0.5086805555555556 0.76416015625 0.11458333333333333 0.0126953125
2 0.5190972222222222 0.7744140625 0.08506944444444445 0.0146484375
2 0.5390625 0.7841796875 0.0798611111111111 0.0146484375
0 0.40625 0.107421875 0.3888888888888889 0.158203125
0 0.4548611111111111 0.193359375 0.11458333333333333 0.0302734375
0 0.4765625 0.21630859375 0.11284722222222222 0.0234375
0 0.4600694444444444 0.23583984375 0.08333333333333333 0.015625
0 0.4600694444444444 0.2509765625 0.09722222222222222 0.017578125
0 0.4661458333333333 0.267578125 0.0954861111111111 0.013671875
0 0.4618055555555556 0.27978515625 0.08506944444444445 0.01953125
0 0.4626736111111111 0.30224609375 0.08159722222222222 0.01953125
0 0.4470486111111111 0.31884765625 0.0625 0.01171875
0 0.4366319444444444 0.33447265625 0.06597222222222222 0.01171875
0 0.4583333333333333 0.357421875 0.09895833333333333 0.0185546875
0 0.4513888888888889 0.37451171875 0.09027777777777778 0.021484375
0 0.4470486111111111 0.3896484375 0.08854166666666667 0.0126953125
0 0.4375 0.40478515625 0.0763888888888889 0.0283203125
0 0.4392361111111111 0.41796875 0.08159722222222222 0.009765625
0 0.4348958333333333 0.42822265625 0.06944444444444445 0.017578125
0 0.4348958333333333 0.44287109375 0.06597222222222222 0.01953125
0 0.4401041666666667 0.45849609375 0.06944444444444445 0.017578125
0 0.4331597222222222 0.47119140625 0.05555555555555555 0.0234375
0 0.2013888888888889 0.22802734375 0.3298611111111111 0.16015625
0 0.15711805555555555 0.326171875 0.2361111111111111 0.0341796875
0 0.1484375 0.345703125 0.22916666666666666 0.0263671875
0 0.15538194444444445 0.36572265625 0.25 0.0302734375
0 0.13020833333333334 0.38623046875 0.21354166666666666 0.0283203125
0 0.1388888888888889 0.40625 0.21006944444444445 0.025390625
0 0.1328125 0.4208984375 0.18055555555555555 0.017578125
0 0.1267361111111111 0.4384765625 0.19270833333333334 0.025390625
0 0.13368055555555555 0.458984375 0.1753472222222222 0.0205078125
0 0.12760416666666666 0.4736328125 0.15625 0.0185546875
0 0.1527777777777778 0.48876953125 0.19791666666666666 0.0205078125
0 0.12152777777777778 0.5029296875 0.140625 0.021484375
0 0.1310763888888889 0.51953125 0.14930555555555555 0.01953125