3 0.7274305555555556 0.33251953125 0.4375 0.0634765625
3 0.7439236111111112 0.35986328125 0.4392361111111111 0.0546875
3 0.7413194444444444 0.39111328125 0.4270833333333333 0.0576171875
3 0.7508680555555556 0.42138671875 0.40625 0.064453125
3 0.7378472222222222 0.45068359375 0.3940972222222222 0.0615234375
3 0.7552083333333334 0.48095703125 0.4027777777777778 0.0576171875
3 0.7647569444444444 0.5068359375 0.390625 0.060546875
3 0.7743055555555556 0.53857421875 0.3802083333333333 0.0517578125
3 0.7951388888888888 0.56396484375 0.4010416666666667 0.0615234375
3 0.7621527777777778 0.599609375 0.2847222222222222 0.052734375
2 0.6145833333333334 0.021484375 0.4756944444444444 0.04296875
2 0.6414930555555556 0.0390625 0.4670138888888889 0.068359375
2 0.6701388888888888 0.0703125 0.421875 0.0673828125
2 0.6875 0.103515625 0.4114583333333333 0.0634765625
2 0.6953125 0.13427734375 0.4027777777777778 0.064453125
2 0.6918402777777778 0.169921875 0.3645833333333333 0.05859375
2 0.7048611111111112 0.20068359375 0.3697916666666667 0.0703125
2 0.7265625 0.232421875 0.390625 0.06640625
2 0.7309027777777778 0.2666015625 0.3732638888888889 0.0615234375
2 0.7473958333333334 0.2978515625 0.3663194444444444 0.0615234375
1 0.7977430555555556 0.62939453125 0.3125 0.046875
1 0.7977430555555556 0.654296875 0.3784722222222222 0.0615234375
1 0.8046875 0.68359375 0.3350694444444444 0.05078125
1 0.8142361111111112 0.7119140625 0.3402777777777778 0.056640625
1 0.8151041666666666 0.73876953125 0.3229166666666667 0.046875
1 0.8229166666666666 0.763671875 0.296875 0.046875
0 0.8342013888888888 0.79052734375 0.3315972222222222 0.0498046875
0 0.8315972222222222 0.81982421875 0.3368055555555556 0.0556640625
0 0.8350694444444444 0.8505859375 0.3298611111111111 0.052734375
0 0.8237847222222222 0.87646484375 0.3524305555555556 0.0634765625
0 0.8428819444444444 0.91357421875 0.3142361111111111 0.0615234375
0 0.8567708333333334 0.94140625 0.2864583333333333 0.044921875
0 0.8524305555555556 0.9638671875 0.2951388888888889 0.046875