1 0.14097222222222222 0.442578125 0.26666666666666666 0.04609375
1 0.1361111111111111 0.467578125 0.26666666666666666 0.0421875
1 0.12083333333333333 0.490234375 0.24166666666666667 0.04609375
1 0.10625 0.514453125 0.2125 0.03828125
1 0.09236111111111112 0.53671875 0.18472222222222223 0.0375
1 0.08472222222222223 0.56015625 0.16944444444444445 0.034375
1 0.08125 0.58203125 0.1625 0.0359375
1 0.07291666666666667 0.601171875 0.14583333333333334 0.03203125
1 0.06666666666666667 0.62109375 0.13333333333333333 0.034375
1 0.06111111111111111 0.641015625 0.12222222222222222 0.03203125
1 0.05138888888888889 0.6609375 0.10277777777777777 0.0234375
0 0.03611111111111111 0.68203125 0.07222222222222222 0.0328125
0 0.018055555555555554 0.704296875 0.03611111111111111 0.01953125
0 0.019444444444444445 0.725 0.03888888888888889 0.021875
0 0.014583333333333334 0.74609375 0.029166666666666667 0.0203125
0 0.02847222222222222 0.76796875 0.05694444444444444 0.0234375
0 0.03888888888888889 0.78984375 0.07777777777777778 0.0265625
0 0.03194444444444444 0.812109375 0.06388888888888888 0.02890625
0 0.029861111111111113 0.8296875 0.059722222222222225 0.025
0 0.027083333333333334 0.84765625 0.05416666666666667 0.025
0 0.022222222222222223 0.86640625 0.044444444444444446 0.025
0 0.027083333333333334 0.88359375 0.05416666666666667 0.028125
0 0.06944444444444445 0.90390625 0.11944444444444445 0.0359375