3 0.7890625 0.37060546875 0.421875 0.0517578125
3 0.7899305555555556 0.39990234375 0.4201388888888889 0.0419921875
3 0.7838541666666666 0.43017578125 0.4288194444444444 0.044921875
3 0.7786458333333334 0.4609375 0.40625 0.0537109375
3 0.7526041666666666 0.48681640625 0.3940972222222222 0.0498046875
3 0.7552083333333334 0.51904296875 0.4027777777777778 0.046875
3 0.7526041666666666 0.54541015625 0.3923611111111111 0.048828125
3 0.7473958333333334 0.5771484375 0.3802083333333333 0.041015625
3 0.7560763888888888 0.6044921875 0.4010416666666667 0.0498046875
3 0.7065972222222222 0.63427734375 0.2847222222222222 0.044921875
2 0.7994791666666666 0.04248046875 0.4010416666666667 0.0556640625
2 0.8072916666666666 0.07470703125 0.3854166666666667 0.0556640625
2 0.8255208333333334 0.10986328125 0.3489583333333333 0.0556640625
2 0.828125 0.14453125 0.34375 0.05078125
2 0.8272569444444444 0.1748046875 0.3454861111111111 0.052734375
2 0.8272569444444444 0.20849609375 0.3454861111111111 0.0478515625
2 0.8255208333333334 0.240234375 0.3489583333333333 0.060546875
2 0.8229166666666666 0.27392578125 0.3541666666666667 0.0556640625
2 0.8220486111111112 0.3076171875 0.3559027777777778 0.05078125
2 0.8246527777777778 0.3408203125 0.3506944444444444 0.05078125
1 0.7282986111111112 0.66796875 0.3125 0.0380859375
1 0.7161458333333334 0.6923828125 0.3784722222222222 0.05078125
1 0.7092013888888888 0.7216796875 0.3350694444444444 0.041015625
1 0.7057291666666666 0.75048828125 0.3385416666666667 0.046875
1 0.6944444444444444 0.7763671875 0.3246527777777778 0.0380859375
1 0.6909722222222222 0.8017578125 0.296875 0.0380859375
0 0.6979166666666666 0.83056640625 0.3489583333333333 0.0400390625
0 0.6866319444444444 0.85888671875 0.3628472222222222 0.044921875
0 0.6623263888888888 0.8876953125 0.3315972222222222 0.04296875
0 0.6536458333333334 0.9130859375 0.3784722222222222 0.052734375
0 0.6640625 0.95263671875 0.359375 0.0517578125
0 0.6536458333333334 0.98046875 0.3125 0.0361328125
0 0.6440972222222222 0.99169921875 0.3333333333333333 0.0166015625