2 0.5789930555555556 0.59619140625 0.3524305555555556 0.185546875
2 0.5850694444444444 0.71044921875 0.19791666666666666 0.0322265625
2 0.5920138888888888 0.72314453125 0.1684027777777778 0.0234375
2 0.6024305555555556 0.73583984375 0.16493055555555555 0.025390625
2 0.5998263888888888 0.7490234375 0.13541666666666666 0.017578125
2 0.6380208333333334 0.75244140625 0.11458333333333333 0.0166015625
2 0.6527777777777778 0.76123046875 0.08680555555555555 0.017578125
2 0.6770833333333334 0.76708984375 0.0798611111111111 0.017578125
0 0.2170138888888889 0.13720703125 0.4010416666666667 0.1708984375
0 0.3064236111111111 0.21240234375 0.11631944444444445 0.0341796875
0 0.3385416666666667 0.23095703125 0.11458333333333333 0.0283203125
0 0.3324652777777778 0.25244140625 0.08333333333333333 0.0185546875
0 0.3394097222222222 0.2666015625 0.09722222222222222 0.0205078125
0 0.3532986111111111 0.28173828125 0.0954861111111111 0.017578125
0 0.3550347222222222 0.29443359375 0.08680555555555555 0.0224609375
0 0.3671875 0.31591796875 0.08333333333333333 0.0224609375
0 0.3602430555555556 0.333984375 0.0625 0.013671875
0 0.3576388888888889 0.3505859375 0.06597222222222222 0.0146484375
0 0.3897569444444444 0.369140625 0.09895833333333333 0.0224609375
0 0.3914930555555556 0.38671875 0.0920138888888889 0.0244140625
0 0.3949652777777778 0.40185546875 0.08854166666666667 0.015625
0 0.3932291666666667 0.41796875 0.0798611111111111 0.0302734375
0 0.4010416666666667 0.4306640625 0.08159722222222222 0.0126953125
0 0.4027777777777778 0.44140625 0.07118055555555555 0.0205078125
0 0.4097222222222222 0.45556640625 0.06597222222222222 0.0224609375
0 0.421875 0.4697265625 0.07118055555555555 0.0205078125
0 0.421875 0.48291015625 0.057291666666666664 0.025390625
0 0.12586805555555555 0.28466796875 0.2517361111111111 0.1708984375
0 0.1015625 0.3857421875 0.203125 0.04296875
0 0.0998263888888889 0.40625 0.1996527777777778 0.03515625
0 0.11371527777777778 0.423828125 0.22743055555555555 0.0390625
0 0.09722222222222222 0.44775390625 0.19444444444444445 0.0361328125
0 0.10677083333333333 0.4658203125 0.21006944444444445 0.033203125
0 0.10850694444444445 0.48095703125 0.17881944444444445 0.0244140625
0 0.1111111111111111 0.4990234375 0.19270833333333334 0.033203125
0 0.12760416666666666 0.51708984375 0.1753472222222222 0.02734375
0 0.1284722222222222 0.5322265625 0.15625 0.0244140625
0 0.1605902777777778 0.54296875 0.19618055555555555 0.0283203125
0 0.1371527777777778 0.5615234375 0.140625 0.02734375
0 0.1545138888888889 0.57568359375 0.14930555555555555 0.025390625