1 0.13125 0.467578125 0.2625 0.028125
1 0.13125 0.492578125 0.2625 0.025
1 0.12013888888888889 0.516796875 0.24027777777777778 0.0296875
1 0.10902777777777778 0.54140625 0.21805555555555556 0.0234375
1 0.09722222222222222 0.565234375 0.19444444444444445 0.02421875
1 0.09236111111111112 0.5890625 0.18472222222222223 0.021875
1 0.09097222222222222 0.6109375 0.18194444444444444 0.0234375
1 0.08472222222222223 0.63046875 0.16944444444444445 0.0203125
1 0.08055555555555556 0.651171875 0.16111111111111112 0.0234375
1 0.07708333333333334 0.67109375 0.15416666666666667 0.021875
1 0.07013888888888889 0.6921875 0.14027777777777778 0.0140625
0 0.05625 0.714453125 0.1125 0.02578125
0 0.041666666666666664 0.737890625 0.08333333333333333 0.0140625
0 0.04513888888888889 0.75859375 0.09027777777777778 0.01640625
0 0.04236111111111111 0.7796875 0.08472222222222223 0.0140625
0 0.059027777777777776 0.80078125 0.11805555555555555 0.015625
0 0.07152777777777777 0.821484375 0.14305555555555555 0.0171875
0 0.06736111111111111 0.844921875 0.13472222222222222 0.01953125
0 0.06666666666666667 0.8625 0.13333333333333333 0.015625
0 0.06597222222222222 0.880078125 0.13194444444444445 0.01640625
0 0.06319444444444444 0.899609375 0.12638888888888888 0.01640625
0 0.07013888888888889 0.916015625 0.14027777777777778 0.01875
0 0.16041666666666668 0.930078125 0.11527777777777778 0.028125