2 0.5604166666666667 0.22265625 0.6472222222222223 0.04453125
2 0.5395833333333333 0.448828125 0.6194444444444445 0.04375
2 0.5652777777777778 0.487109375 0.5361111111111111 0.0515625
2 0.5361111111111111 0.62109375 0.47638888888888886 0.04140625
2 0.5680555555555555 0.65703125 0.45416666666666666 0.0421875
2 0.5701388888888889 0.812109375 0.4125 0.03359375
2 0.5590277777777778 0.848828125 0.4 0.0359375
2 0.5444444444444444 0.8796875 0.3236111111111111 0.025
2 0.55625 0.98125 0.32222222222222224 0.01796875
3 0.5458333333333333 0.020703125 0.7055555555555556 0.04140625
3 0.5493055555555556 0.06484375 0.6652777777777777 0.04921875
3 0.5409722222222222 0.108984375 0.6402777777777777 0.028125
3 0.5395833333333333 0.136328125 0.6680555555555555 0.02734375
3 0.5513888888888889 0.16640625 0.6652777777777777 0.0359375
3 0.5631944444444444 0.275390625 0.6722222222222223 0.040625
3 0.54375 0.317578125 0.6888888888888889 0.04453125
3 0.5666666666666667 0.362109375 0.6416666666666667 0.03828125
3 0.5333333333333333 0.5328125 0.5708333333333333 0.03203125
3 0.5645833333333333 0.569140625 0.4888888888888889 0.0359375
3 0.5256944444444445 0.696484375 0.4777777777777778 0.03359375
3 0.5430555555555555 0.728125 0.4736111111111111 0.028125
3 0.5638888888888889 0.760546875 0.4361111111111111 0.03359375
3 0.5534722222222223 0.913671875 0.375 0.03125
3 0.5625 0.946484375 0.35138888888888886 0.03125
3 0.7895833333333333 0.980859375 0.08472222222222223 0.02890625
3 0.3277777777777778 0.98671875 0.09027777777777778 0.015625
0 0.5486111111111112 0.409765625 0.5625 0.02734375