1 0.4105902777777778 0.5234375 0.3072916666666667 0.03515625
1 0.4045138888888889 0.54052734375 0.2934027777777778 0.0390625
1 0.4027777777777778 0.560546875 0.2847222222222222 0.041015625
1 0.3993055555555556 0.57958984375 0.265625 0.0341796875
1 0.4053819444444444 0.599609375 0.25 0.0361328125
1 0.3914930555555556 0.6181640625 0.22743055555555555 0.03125
0 0.3715277777777778 0.6396484375 0.2725694444444444 0.0341796875
0 0.3715277777777778 0.65673828125 0.2552083333333333 0.0341796875
0 0.3602430555555556 0.6748046875 0.24479166666666666 0.037109375
0 0.3532986111111111 0.6943359375 0.2326388888888889 0.0302734375
0 0.3420138888888889 0.7138671875 0.22395833333333334 0.0302734375
0 0.3463541666666667 0.7333984375 0.21875 0.0283203125
0 0.3454861111111111 0.75244140625 0.24131944444444445 0.0302734375
0 0.3394097222222222 0.76953125 0.2378472222222222 0.0302734375
0 0.3402777777777778 0.7890625 0.2326388888888889 0.0341796875
2 0.5130208333333334 0.099609375 0.3368055555555556 0.0517578125
2 0.5269097222222222 0.134765625 0.328125 0.0390625
2 0.5269097222222222 0.15234375 0.3055555555555556 0.0341796875
2 0.5130208333333334 0.17431640625 0.3020833333333333 0.03515625
2 0.5208333333333334 0.1982421875 0.2916666666666667 0.041015625
2 0.515625 0.220703125 0.2708333333333333 0.04296875
2 0.4947916666666667 0.23876953125 0.28125 0.0380859375
2 0.4756944444444444 0.26220703125 0.2916666666666667 0.0419921875
2 0.4730902777777778 0.28125 0.2777777777777778 0.0419921875
2 0.46875 0.30224609375 0.2795138888888889 0.0380859375
3 0.4670138888888889 0.3251953125 0.265625 0.03515625
3 0.4748263888888889 0.34423828125 0.2847222222222222 0.0390625
3 0.4557291666666667 0.36328125 0.2829861111111111 0.0390625
3 0.4539930555555556 0.38232421875 0.2916666666666667 0.0341796875
3 0.4383680555555556 0.39990234375 0.2951388888888889 0.0419921875
3 0.4305555555555556 0.421875 0.296875 0.0380859375
3 0.4392361111111111 0.443359375 0.2760416666666667 0.033203125
3 0.4348958333333333 0.458984375 0.2743055555555556 0.029296875
3 0.4270833333333333 0.47705078125 0.2777777777777778 0.037109375
3 0.4114583333333333 0.49462890625 0.2708333333333333 0.0361328125