1 0.5920138888888888 0.52001953125 0.3055555555555556 0.046875
1 0.6006944444444444 0.53662109375 0.2934027777777778 0.0498046875
1 0.6041666666666666 0.556640625 0.2847222222222222 0.0517578125
1 0.6111111111111112 0.5751953125 0.265625 0.0439453125
1 0.6067708333333334 0.595703125 0.25 0.0458984375
1 0.6232638888888888 0.61328125 0.22569444444444445 0.0400390625
0 0.6458333333333334 0.63427734375 0.2708333333333333 0.0439453125
0 0.6475694444444444 0.6513671875 0.2534722222222222 0.0439453125
0 0.6614583333333334 0.6689453125 0.24479166666666666 0.0458984375
0 0.6701388888888888 0.6884765625 0.2309027777777778 0.0390625
0 0.6840277777777778 0.70703125 0.22395833333333334 0.0380859375
0 0.6822916666666666 0.72705078125 0.21875 0.037109375
0 0.6857638888888888 0.74560546875 0.23958333333333334 0.0390625
0 0.6935763888888888 0.7626953125 0.2378472222222222 0.0390625
0 0.6953125 0.7822265625 0.2326388888888889 0.04296875
2 0.4375 0.10107421875 0.3368055555555556 0.064453125
2 0.4279513888888889 0.13671875 0.3263888888888889 0.0517578125
2 0.4305555555555556 0.154296875 0.3038194444444444 0.0458984375
2 0.4461805555555556 0.17529296875 0.3020833333333333 0.046875
2 0.4418402777777778 0.19970703125 0.2916666666666667 0.0517578125
2 0.4496527777777778 0.22216796875 0.2708333333333333 0.052734375
2 0.4730902777777778 0.2392578125 0.28125 0.048828125
2 0.4947916666666667 0.26171875 0.2916666666666667 0.052734375
2 0.5 0.28076171875 0.2777777777777778 0.052734375
2 0.5060763888888888 0.3017578125 0.2795138888888889 0.048828125
3 0.5112847222222222 0.32421875 0.265625 0.044921875
3 0.5060763888888888 0.34375 0.2847222222222222 0.0498046875
3 0.5269097222222222 0.36181640625 0.28125 0.0498046875
3 0.53125 0.380859375 0.2899305555555556 0.0458984375
3 0.5486111111111112 0.39794921875 0.2951388888888889 0.0537109375
3 0.5598958333333334 0.4189453125 0.2951388888888889 0.048828125
3 0.5538194444444444 0.44091796875 0.2760416666666667 0.0439453125
3 0.5598958333333334 0.45654296875 0.2725694444444444 0.0400390625
3 0.5703125 0.47412109375 0.2777777777777778 0.0478515625
3 0.5876736111111112 0.4912109375 0.2708333333333333 0.046875