2 0.6368055555555555 0.23125 0.65 0.08828125
2 0.5534722222222223 0.452734375 0.6222222222222222 0.08515625
2 0.5680555555555555 0.49296875 0.5416666666666666 0.0875
2 0.5020833333333333 0.62265625 0.48055555555555557 0.0734375
2 0.5236111111111111 0.6609375 0.45694444444444443 0.07265625
2 0.4826388888888889 0.814453125 0.4152777777777778 0.0609375
2 0.46111111111111114 0.849609375 0.4027777777777778 0.06328125
2 0.43819444444444444 0.87890625 0.3263888888888889 0.04765625
2 0.42083333333333334 0.980078125 0.32222222222222224 0.03984375
3 0.6631944444444444 0.037890625 0.6736111111111112 0.07578125
3 0.6673611111111111 0.074609375 0.6652777777777777 0.09453125
3 0.6493055555555556 0.117578125 0.6388888888888888 0.071875
3 0.6402777777777777 0.144140625 0.6666666666666666 0.07265625
3 0.64375 0.175 0.6652777777777777 0.08125
3 0.625 0.283984375 0.6736111111111112 0.08671875
3 0.59375 0.323828125 0.6902777777777778 0.090625
3 0.6041666666666666 0.36953125 0.6416666666666667 0.08203125
3 0.5243055555555556 0.535546875 0.5708333333333333 0.07109375
3 0.5451388888888888 0.57421875 0.49027777777777776 0.06953125
3 0.4708333333333333 0.69609375 0.4791666666666667 0.065625
3 0.4791666666666667 0.72890625 0.4736111111111111 0.0609375
3 0.4909722222222222 0.762890625 0.4375 0.06328125
3 0.43819444444444444 0.91328125 0.3763888888888889 0.05625
3 0.4375 0.946875 0.3541666666666667 0.0546875
3 0.6520833333333333 0.99140625 0.09027777777777778 0.0171875
3 0.19444444444444445 0.965234375 0.09305555555555556 0.021875
0 0.5736111111111111 0.415234375 0.5611111111111111 0.065625