2 0.4904513888888889 0.60595703125 0.3611111111111111 0.1904296875
2 0.5616319444444444 0.71337890625 0.19618055555555555 0.0361328125
2 0.5633680555555556 0.72607421875 0.1684027777777778 0.0263671875
2 0.5625 0.740234375 0.16493055555555555 0.0283203125
2 0.5729166666666666 0.75146484375 0.13368055555555555 0.0205078125
2 0.5399305555555556 0.76318359375 0.11458333333333333 0.0185546875
2 0.5321180555555556 0.7744140625 0.08680555555555555 0.01953125
2 0.5138888888888888 0.78515625 0.0798611111111111 0.0185546875
0 0.5208333333333334 0.10400390625 0.4079861111111111 0.1767578125
0 0.4887152777777778 0.1923828125 0.11805555555555555 0.0361328125
0 0.4704861111111111 0.216796875 0.11458333333333333 0.0302734375
0 0.4904513888888889 0.23486328125 0.08333333333333333 0.01953125
0 0.4939236111111111 0.25 0.09722222222222222 0.0224609375
0 0.4904513888888889 0.2666015625 0.0954861111111111 0.0185546875
0 0.4973958333333333 0.27880859375 0.08680555555555555 0.0244140625
0 0.5 0.30126953125 0.08333333333333333 0.0234375
0 0.5190972222222222 0.31689453125 0.0625 0.0146484375
0 0.5321180555555556 0.33154296875 0.06597222222222222 0.015625
0 0.5147569444444444 0.35546875 0.09895833333333333 0.0244140625
0 0.5251736111111112 0.37255859375 0.0920138888888889 0.0263671875
0 0.5321180555555556 0.38671875 0.08854166666666667 0.017578125
0 0.5442708333333334 0.4013671875 0.0798611111111111 0.0322265625
0 0.5451388888888888 0.4150390625 0.08159722222222222 0.0146484375
0 0.5512152777777778 0.4248046875 0.07118055555555555 0.021484375
0 0.5546875 0.439453125 0.06770833333333333 0.0234375
0 0.5520833333333334 0.455078125 0.07118055555555555 0.021484375
0 0.5607638888888888 0.4677734375 0.057291666666666664 0.0263671875
0 0.7465277777777778 0.2119140625 0.3506944444444444 0.17578125
0 0.8090277777777778 0.306640625 0.2361111111111111 0.046875
0 0.8211805555555556 0.32568359375 0.22743055555555555 0.0400390625
0 0.8177083333333334 0.34619140625 0.25 0.0439453125
0 0.8463541666666666 0.365234375 0.21354166666666666 0.0400390625
0 0.8420138888888888 0.3857421875 0.20833333333333334 0.037109375
0 0.8506944444444444 0.39990234375 0.17881944444444445 0.0283203125
0 0.859375 0.4169921875 0.19270833333333334 0.0361328125
0 0.8567708333333334 0.4375 0.1736111111111111 0.0302734375
0 0.8654513888888888 0.45166015625 0.15625 0.02734375
0 0.84375 0.46826171875 0.19618055555555555 0.0322265625
0 0.8767361111111112 0.48046875 0.140625 0.029296875
0 0.8706597222222222 0.49755859375 0.14930555555555555 0.0283203125