1 0.8694444444444445 0.485546875 0.2611111111111111 0.04140625
1 0.8673611111111111 0.5109375 0.2652777777777778 0.0375
1 0.8756944444444444 0.53515625 0.24444444444444444 0.04140625
1 0.8833333333333333 0.560546875 0.22083333333333333 0.034375
1 0.8909722222222223 0.584765625 0.19722222222222222 0.03359375
1 0.8923611111111112 0.60859375 0.1875 0.03046875
1 0.8902777777777777 0.63046875 0.18472222222222223 0.03203125
1 0.89375 0.650390625 0.17222222222222222 0.02890625
1 0.8944444444444445 0.671484375 0.1638888888888889 0.03125
1 0.8951388888888889 0.691015625 0.15694444444444444 0.0296875
1 0.8979166666666667 0.7125 0.14305555555555555 0.02109375
0 0.9083333333333333 0.73515625 0.11666666666666667 0.03125
0 0.9194444444444444 0.759375 0.08472222222222223 0.01796875
0 0.9125 0.780078125 0.09305555555555556 0.0203125
0 0.9125 0.80078125 0.0875 0.01796875
0 0.8923611111111112 0.82109375 0.12083333333333333 0.02109375
0 0.8770833333333333 0.84140625 0.14583333333333334 0.02421875
0 0.8777777777777778 0.86484375 0.1375 0.02578125
0 0.8756944444444444 0.882421875 0.13472222222222222 0.021875
0 0.8736111111111111 0.9 0.13333333333333333 0.02265625
0 0.8729166666666667 0.919140625 0.12916666666666668 0.02265625
0 0.8631944444444445 0.935546875 0.14305555555555555 0.02578125
0 0.7715277777777778 0.9453125 0.11805555555555555 0.03359375