1 0.4227430555555556 0.53515625 0.3072916666666667 0.03515625
1 0.4244791666666667 0.55224609375 0.2934027777777778 0.0390625
1 0.4322916666666667 0.57177734375 0.2847222222222222 0.041015625
1 0.4357638888888889 0.5908203125 0.265625 0.0341796875
1 0.4505208333333333 0.609375 0.25 0.0361328125
1 0.4453125 0.62939453125 0.22743055555555555 0.03125
0 0.4348958333333333 0.6533203125 0.2725694444444444 0.0341796875
0 0.4435763888888889 0.66943359375 0.2552083333333333 0.0341796875
0 0.4392361111111111 0.68896484375 0.24479166666666666 0.037109375
0 0.4409722222222222 0.708984375 0.2326388888888889 0.0302734375
0 0.4383680555555556 0.72900390625 0.22395833333333334 0.0302734375
0 0.4513888888888889 0.74755859375 0.21875 0.0283203125
0 0.4583333333333333 0.76611328125 0.24131944444444445 0.0302734375
0 0.4600694444444444 0.78369140625 0.2378472222222222 0.0302734375
0 0.4696180555555556 0.80224609375 0.2326388888888889 0.0341796875
2 0.3402777777777778 0.10986328125 0.3368055555555556 0.0517578125
2 0.3689236111111111 0.14208984375 0.328125 0.0390625
2 0.3767361111111111 0.1591796875 0.3055555555555556 0.0341796875
2 0.3732638888888889 0.18212890625 0.3020833333333333 0.03515625
2 0.390625 0.2041015625 0.2916666666666667 0.041015625
2 0.3949652777777778 0.22705078125 0.2708333333333333 0.04296875
2 0.3828125 0.24755859375 0.28125 0.0380859375
2 0.3741319444444444 0.2724609375 0.2916666666666667 0.0419921875
2 0.3793402777777778 0.29150390625 0.2777777777777778 0.0419921875
2 0.3854166666666667 0.3125 0.2795138888888889 0.0380859375
3 0.3923611111111111 0.33447265625 0.265625 0.03515625
3 0.4088541666666667 0.35205078125 0.2847222222222222 0.0390625
3 0.3984375 0.373046875 0.2829861111111111 0.0390625
3 0.4045138888888889 0.39208984375 0.2916666666666667 0.0341796875
3 0.3975694444444444 0.4111328125 0.2951388888888889 0.0419921875
3 0.3984375 0.43359375 0.296875 0.0380859375
3 0.4157986111111111 0.453125 0.2760416666666667 0.033203125
3 0.4192708333333333 0.46875 0.2743055555555556 0.029296875
3 0.4192708333333333 0.48779296875 0.2777777777777778 0.037109375
3 0.4114583333333333 0.5068359375 0.2708333333333333 0.0361328125