1 0.13472222222222222 0.456640625 0.2652777777777778 0.0359375
1 0.1326388888888889 0.481640625 0.2652777777777778 0.03203125
1 0.12013888888888889 0.505078125 0.24027777777777778 0.03671875
1 0.1076388888888889 0.5296875 0.2152777777777778 0.0296875
1 0.09444444444444444 0.553125 0.18888888888888888 0.0296875
1 0.08888888888888889 0.576953125 0.17777777777777778 0.02734375
1 0.08611111111111111 0.598828125 0.17222222222222222 0.02890625
1 0.07916666666666666 0.618359375 0.15833333333333333 0.02578125
1 0.07430555555555556 0.63828125 0.1486111111111111 0.028125
1 0.06944444444444445 0.65859375 0.1388888888888889 0.0265625
1 0.06180555555555556 0.67890625 0.12361111111111112 0.01875
0 0.04722222222222222 0.701171875 0.09444444444444444 0.02890625
0 0.03125 0.723828125 0.0625 0.01640625
0 0.034027777777777775 0.74453125 0.06805555555555555 0.01875
0 0.029861111111111113 0.765234375 0.059722222222222225 0.01640625
0 0.04583333333333333 0.78671875 0.09166666666666666 0.01875
0 0.05694444444444444 0.808203125 0.11388888888888889 0.02109375
0 0.052083333333333336 0.83125 0.10416666666666667 0.0234375
0 0.05 0.848828125 0.1 0.01953125
0 0.04861111111111111 0.86640625 0.09722222222222222 0.0203125
0 0.04513888888888889 0.8859375 0.09027777777777778 0.0203125
0 0.05138888888888889 0.902734375 0.10277777777777777 0.02265625
0 0.12083333333333333 0.91953125 0.11666666666666667 0.03125