1 0.5859375 0.52783203125 0.3072916666666667 0.0205078125
1 0.5894097222222222 0.544921875 0.2934027777777778 0.025390625
1 0.5876736111111112 0.56494140625 0.2829861111111111 0.02734375
1 0.5885416666666666 0.583984375 0.265625 0.021484375
1 0.5789930555555556 0.60400390625 0.25 0.0244140625
1 0.5902777777777778 0.623046875 0.22569444444444445 0.0205078125
0 0.6067708333333334 0.6455078125 0.2725694444444444 0.0205078125
0 0.6032986111111112 0.66259765625 0.2534722222222222 0.021484375
0 0.6128472222222222 0.68115234375 0.24305555555555555 0.025390625
0 0.6163194444444444 0.701171875 0.2309027777777778 0.0185546875
0 0.6241319444444444 0.720703125 0.2222222222222222 0.01953125
0 0.6171875 0.740234375 0.21875 0.017578125
0 0.6154513888888888 0.75927734375 0.24131944444444445 0.0185546875
0 0.6180555555555556 0.7763671875 0.2378472222222222 0.0185546875
0 0.6145833333333334 0.7958984375 0.2309027777777778 0.0224609375
2 0.5494791666666666 0.1005859375 0.3333333333333333 0.03515625
2 0.5303819444444444 0.134765625 0.328125 0.0234375
2 0.5269097222222222 0.15234375 0.3055555555555556 0.01953125
2 0.5373263888888888 0.1748046875 0.3020833333333333 0.0205078125
2 0.5260416666666666 0.1982421875 0.2899305555555556 0.02734375
2 0.5277777777777778 0.22119140625 0.2690972222222222 0.029296875
2 0.5460069444444444 0.240234375 0.28125 0.0244140625
2 0.5616319444444444 0.26416015625 0.2899305555555556 0.02734375
2 0.5607638888888888 0.283203125 0.2760416666666667 0.029296875
2 0.5616319444444444 0.3046875 0.2777777777777778 0.0244140625
3 0.5598958333333334 0.3271484375 0.265625 0.0224609375
3 0.5494791666666666 0.34619140625 0.2847222222222222 0.025390625
3 0.5651041666666666 0.36572265625 0.28125 0.025390625
3 0.5642361111111112 0.38525390625 0.2916666666666667 0.0205078125
3 0.5763888888888888 0.4033203125 0.2934027777777778 0.0283203125
3 0.5815972222222222 0.42529296875 0.296875 0.0234375
3 0.5694444444444444 0.4462890625 0.2760416666666667 0.01953125
3 0.5711805555555556 0.46240234375 0.2743055555555556 0.015625
3 0.5763888888888888 0.48095703125 0.2777777777777778 0.0244140625
3 0.5894097222222222 0.4990234375 0.2708333333333333 0.0234375