2 0.33055555555555555 0.2375 0.6472222222222223 0.1125
2 0.4409722222222222 0.455078125 0.6194444444444445 0.10859375
2 0.43125 0.495703125 0.5402777777777777 0.1078125
2 0.5131944444444444 0.62265625 0.4791666666666667 0.09140625
2 0.4965277777777778 0.66171875 0.45694444444444443 0.08984375
2 0.55625 0.812890625 0.4125 0.0765625
2 0.5819444444444445 0.847265625 0.4027777777777778 0.078125
2 0.6083333333333333 0.87578125 0.325 0.059375
2 0.6375 0.975 0.3194444444444444 0.05
3 0.30694444444444446 0.0484375 0.6138888888888889 0.096875
3 0.3055555555555556 0.082421875 0.6111111111111112 0.11953125
3 0.30972222222222223 0.123828125 0.6194444444444445 0.09609375
3 0.3229166666666667 0.15 0.6458333333333334 0.0984375
3 0.3229166666666667 0.18125 0.6458333333333334 0.10625
3 0.3486111111111111 0.289453125 0.6694444444444444 0.11171875
3 0.3840277777777778 0.328125 0.6861111111111111 0.1171875
3 0.3798611111111111 0.37421875 0.6388888888888888 0.10625
3 0.48055555555555557 0.536328125 0.5666666666666667 0.09296875
3 0.46458333333333335 0.57578125 0.4888888888888889 0.0875
3 0.5534722222222223 0.69453125 0.47638888888888886 0.08359375
3 0.5493055555555556 0.727734375 0.4708333333333333 0.07890625
3 0.5416666666666666 0.762109375 0.4361111111111111 0.0796875
3 0.6131944444444445 0.909765625 0.3763888888888889 0.0703125
3 0.6173611111111111 0.94296875 0.3527777777777778 0.06796875
3 0.4097222222222222 0.993359375 0.09166666666666666 0.01328125
3 0.8625 0.95234375 0.09305555555555556 0.025
0 0.41597222222222224 0.41796875 0.5569444444444445 0.0875