3 0.2673611111111111 0.33447265625 0.4375 0.0595703125
3 0.2517361111111111 0.3623046875 0.4392361111111111 0.05078125
3 0.2552083333333333 0.3935546875 0.4270833333333333 0.052734375
3 0.2465277777777778 0.42431640625 0.40625 0.060546875
3 0.2604166666666667 0.45263671875 0.3940972222222222 0.0576171875
3 0.24479166666666666 0.48388671875 0.4027777777777778 0.0537109375
3 0.2361111111111111 0.509765625 0.3923611111111111 0.056640625
3 0.2265625 0.541015625 0.3802083333333333 0.0478515625
3 0.2065972222222222 0.56640625 0.4010416666666667 0.0576171875
3 0.24131944444444445 0.6025390625 0.2847222222222222 0.0498046875
2 0.3697916666666667 0.021484375 0.4756944444444444 0.04296875
2 0.3446180555555556 0.04052734375 0.4670138888888889 0.064453125
2 0.3159722222222222 0.07177734375 0.421875 0.0634765625
2 0.3003472222222222 0.10546875 0.4131944444444444 0.0595703125
2 0.2934027777777778 0.13623046875 0.4027777777777778 0.060546875
2 0.2977430555555556 0.171875 0.3645833333333333 0.0546875
2 0.2864583333333333 0.20263671875 0.3680555555555556 0.0673828125
2 0.2647569444444444 0.23486328125 0.390625 0.0625
2 0.2612847222222222 0.2685546875 0.3732638888888889 0.0576171875
2 0.2456597222222222 0.30029296875 0.3663194444444444 0.0576171875
1 0.20572916666666666 0.63232421875 0.3125 0.0439453125
1 0.2074652777777778 0.6572265625 0.3784722222222222 0.05859375
1 0.2013888888888889 0.6865234375 0.3350694444444444 0.046875
1 0.19270833333333334 0.71484375 0.3402777777777778 0.0537109375
1 0.19270833333333334 0.74169921875 0.3246527777777778 0.0439453125
1 0.18489583333333334 0.7666015625 0.296875 0.0439453125
0 0.1701388888888889 0.7939453125 0.3402777777777778 0.046875
0 0.17274305555555555 0.82275390625 0.3454861111111111 0.0517578125
0 0.1753472222222222 0.85400390625 0.3315972222222222 0.0498046875
0 0.1814236111111111 0.8798828125 0.3628472222222222 0.060546875
0 0.1623263888888889 0.9169921875 0.3246527777777778 0.05859375
0 0.1501736111111111 0.94482421875 0.3003472222222222 0.0419921875
0 0.1545138888888889 0.96728515625 0.3090277777777778 0.0439453125