2 0.5703125 0.5986328125 0.3402777777777778 0.1787109375
2 0.5651041666666666 0.712890625 0.19791666666666666 0.0263671875
2 0.5711805555555556 0.7255859375 0.1684027777777778 0.0185546875
2 0.5798611111111112 0.73828125 0.16666666666666666 0.0205078125
2 0.5763888888888888 0.75146484375 0.13541666666666666 0.013671875
2 0.6145833333333334 0.75634765625 0.11458333333333333 0.013671875
2 0.6284722222222222 0.76513671875 0.08506944444444445 0.015625
2 0.6519097222222222 0.77197265625 0.0798611111111111 0.0146484375
0 0.2517361111111111 0.12939453125 0.3923611111111111 0.1611328125
0 0.3333333333333333 0.20703125 0.11631944444444445 0.03125
0 0.3637152777777778 0.2265625 0.11458333333333333 0.025390625
0 0.3559027777777778 0.24755859375 0.08333333333333333 0.0166015625
0 0.3611111111111111 0.26220703125 0.09722222222222222 0.0185546875
0 0.3732638888888889 0.27783203125 0.0954861111111111 0.0146484375
0 0.3741319444444444 0.2900390625 0.08506944444444445 0.0205078125
0 0.3845486111111111 0.31201171875 0.08333333333333333 0.0205078125
0 0.3758680555555556 0.330078125 0.0625 0.0126953125
0 0.3715277777777778 0.3466796875 0.06597222222222222 0.0126953125
0 0.4027777777777778 0.3662109375 0.09895833333333333 0.01953125
0 0.4027777777777778 0.3837890625 0.09027777777777778 0.0224609375
0 0.4045138888888889 0.39892578125 0.08854166666666667 0.013671875
0 0.4010416666666667 0.4150390625 0.078125 0.0283203125
0 0.4079861111111111 0.427734375 0.08159722222222222 0.0107421875
0 0.4079861111111111 0.4384765625 0.06944444444444445 0.0185546875
0 0.4131944444444444 0.45263671875 0.06597222222222222 0.0205078125
0 0.4253472222222222 0.46728515625 0.06944444444444445 0.0185546875
0 0.4236111111111111 0.48046875 0.05555555555555555 0.0244140625
0 0.1328125 0.27294921875 0.265625 0.1630859375
0 0.10677083333333333 0.37353515625 0.21354166666666666 0.0361328125
0 0.10503472222222222 0.3935546875 0.21006944444444445 0.029296875
0 0.1171875 0.41259765625 0.234375 0.0322265625
0 0.0998263888888889 0.43603515625 0.1996527777777778 0.0302734375
0 0.11024305555555555 0.45458984375 0.21006944444444445 0.02734375
0 0.1111111111111111 0.4697265625 0.18055555555555555 0.01953125
0 0.11197916666666667 0.4873046875 0.19270833333333334 0.02734375
0 0.1267361111111111 0.50634765625 0.1753472222222222 0.021484375
0 0.1267361111111111 0.521484375 0.15625 0.0205078125
0 0.15711805555555555 0.53271484375 0.19791666666666666 0.0224609375
0 0.13194444444444445 0.55078125 0.140625 0.0234375
0 0.1484375 0.5654296875 0.14930555555555555 0.021484375