2 0.40555555555555556 0.22578125 0.65 0.05703125
2 0.45416666666666666 0.450390625 0.6208333333333333 0.05546875
2 0.43333333333333335 0.48984375 0.5388888888888889 0.06171875
2 0.47847222222222224 0.622265625 0.4777777777777778 0.05078125
2 0.4513888888888889 0.659375 0.45555555555555555 0.05078125
2 0.46875 0.8140625 0.41388888888888886 0.04140625
2 0.4840277777777778 0.85 0.4013888888888889 0.04375
2 0.5027777777777778 0.88046875 0.325 0.03203125
2 0.5034722222222222 0.982421875 0.32222222222222224 0.02421875
3 0.39375 0.02578125 0.7069444444444445 0.0515625
3 0.3972222222222222 0.06796875 0.6666666666666666 0.0625
3 0.41041666666666665 0.11171875 0.6402777777777777 0.040625
3 0.4152777777777778 0.138671875 0.6680555555555555 0.040625
3 0.40694444444444444 0.169140625 0.6666666666666666 0.04921875
3 0.40902777777777777 0.278515625 0.6736111111111112 0.05390625
3 0.43333333333333335 0.319921875 0.6902777777777778 0.0578125
3 0.4166666666666667 0.365234375 0.6430555555555556 0.05078125
3 0.4708333333333333 0.533984375 0.5708333333333333 0.04296875
3 0.44375 0.571484375 0.49027777777777776 0.0453125
3 0.49930555555555556 0.696875 0.4777777777777778 0.04296875
3 0.48541666666666666 0.729296875 0.4736111111111111 0.0375
3 0.46805555555555556 0.7625 0.4375 0.0421875
3 0.4979166666666667 0.91484375 0.3763888888888889 0.03828125
3 0.4930555555555556 0.948046875 0.3527777777777778 0.0375
3 0.2708333333333333 0.987890625 0.08611111111111111 0.02421875
3 0.7319444444444444 0.978515625 0.09166666666666666 0.0171875
0 0.44027777777777777 0.41171875 0.5625 0.03828125