1 0.5789930555555556 0.53369140625 0.3072916666666667 0.029296875
1 0.5789930555555556 0.55078125 0.2934027777777778 0.033203125
1 0.5729166666666666 0.5703125 0.2847222222222222 0.03515625
1 0.5694444444444444 0.58984375 0.265625 0.029296875
1 0.5564236111111112 0.6083984375 0.25 0.03125
1 0.5625 0.62841796875 0.22743055555555555 0.02734375
0 0.5737847222222222 0.65185546875 0.2725694444444444 0.0283203125
0 0.5677083333333334 0.66845703125 0.2552083333333333 0.029296875
0 0.5720486111111112 0.6875 0.24479166666666666 0.0322265625
0 0.5720486111111112 0.70751953125 0.2326388888888889 0.025390625
0 0.5755208333333334 0.7275390625 0.22395833333333334 0.025390625
0 0.5642361111111112 0.74658203125 0.21875 0.0244140625
0 0.5581597222222222 0.76513671875 0.24131944444444445 0.025390625
0 0.5572916666666666 0.78271484375 0.2378472222222222 0.025390625
0 0.5494791666666666 0.8017578125 0.2326388888888889 0.029296875
2 0.6354166666666666 0.10693359375 0.3350694444444444 0.044921875
2 0.609375 0.1396484375 0.328125 0.033203125
2 0.6024305555555556 0.15673828125 0.3055555555555556 0.0283203125
2 0.6076388888888888 0.1796875 0.3020833333333333 0.029296875
2 0.5911458333333334 0.2021484375 0.2916666666666667 0.03515625
2 0.5876736111111112 0.22509765625 0.2708333333333333 0.037109375
2 0.6015625 0.2451171875 0.28125 0.0322265625
2 0.6119791666666666 0.2705078125 0.2916666666666667 0.0361328125
2 0.6076388888888888 0.2890625 0.2760416666666667 0.037109375
2 0.6032986111111112 0.31005859375 0.2795138888888889 0.0322265625
3 0.5972222222222222 0.33251953125 0.265625 0.0302734375
3 0.5824652777777778 0.3505859375 0.2847222222222222 0.0341796875
3 0.59375 0.37109375 0.2829861111111111 0.033203125
3 0.5885416666666666 0.390625 0.2916666666666667 0.029296875
3 0.5972222222222222 0.4091796875 0.2951388888888889 0.037109375
3 0.5972222222222222 0.431640625 0.296875 0.0322265625
3 0.5807291666666666 0.45166015625 0.2760416666666667 0.02734375
3 0.5789930555555556 0.46728515625 0.2760416666666667 0.0244140625
3 0.5798611111111112 0.486328125 0.2777777777777778 0.0322265625
3 0.5885416666666666 0.50537109375 0.2708333333333333 0.03125