2 0.5083333333333333 0.220703125 0.65 0.08203125
2 0.5298611111111111 0.446484375 0.6222222222222222 0.0796875
2 0.5625 0.48359375 0.5416666666666666 0.0828125
2 0.5583333333333333 0.618359375 0.48055555555555557 0.06953125
2 0.5965277777777778 0.65234375 0.45694444444444443 0.06796875
2 0.6277777777777778 0.80625 0.4152777777777778 0.05703125
2 0.6236111111111111 0.843359375 0.4027777777777778 0.059375
2 0.6145833333333334 0.875 0.3263888888888889 0.04453125
2 0.6451388888888889 0.975390625 0.32222222222222224 0.03671875
3 0.45625 0.030859375 0.7069444444444445 0.06171875
3 0.46805555555555556 0.064453125 0.6680555555555555 0.0875
3 0.46805555555555556 0.108984375 0.6388888888888888 0.065625
3 0.47152777777777777 0.1359375 0.6666666666666666 0.06640625
3 0.4895833333333333 0.165234375 0.6652777777777777 0.075
3 0.5208333333333334 0.273046875 0.6736111111111112 0.0796875
3 0.5097222222222222 0.316015625 0.6902777777777778 0.084375
3 0.5402777777777777 0.358984375 0.6430555555555556 0.07578125
3 0.5395833333333333 0.530859375 0.5708333333333333 0.065625
3 0.5770833333333333 0.565234375 0.49027777777777776 0.06484375
3 0.5618055555555556 0.69375 0.4791666666666667 0.0609375
3 0.5854166666666667 0.72421875 0.4736111111111111 0.05625
3 0.6125 0.75546875 0.4375 0.059375
3 0.6298611111111111 0.908203125 0.3763888888888889 0.053125
3 0.6451388888888889 0.940625 0.3541666666666667 0.0515625
3 0.8770833333333333 0.961328125 0.08888888888888889 0.03359375
3 0.41875 0.991796875 0.09305555555555556 0.01640625
0 0.5319444444444444 0.407421875 0.5625 0.06015625