1 0.5685763888888888 0.5400390625 0.3038194444444444 0.0556640625
1 0.5633680555555556 0.55712890625 0.2916666666666667 0.05859375
1 0.5520833333333334 0.576171875 0.2829861111111111 0.0595703125
1 0.5434027777777778 0.5947265625 0.2638888888888889 0.0517578125
1 0.5251736111111112 0.6123046875 0.25 0.052734375
1 0.5260416666666666 0.63232421875 0.22569444444444445 0.046875
0 0.53125 0.65625 0.2690972222222222 0.0517578125
0 0.5199652777777778 0.671875 0.2517361111111111 0.05078125
0 0.5190972222222222 0.69140625 0.24305555555555555 0.052734375
0 0.5130208333333334 0.71142578125 0.22916666666666666 0.044921875
0 0.5112847222222222 0.7314453125 0.2222222222222222 0.044921875
0 0.4947916666666667 0.7490234375 0.2170138888888889 0.04296875
0 0.4835069444444444 0.76708984375 0.2378472222222222 0.0458984375
0 0.4782986111111111 0.7841796875 0.2361111111111111 0.0458984375
0 0.4644097222222222 0.80224609375 0.2309027777777778 0.048828125
2 0.7430555555555556 0.12353515625 0.3350694444444444 0.0732421875
2 0.7074652777777778 0.15380859375 0.3246527777777778 0.0615234375
2 0.6961805555555556 0.169921875 0.3020833333333333 0.0546875
2 0.6953125 0.19287109375 0.2986111111111111 0.0556640625
2 0.6727430555555556 0.2138671875 0.2899305555555556 0.060546875
2 0.6631944444444444 0.236328125 0.2708333333333333 0.060546875
2 0.6710069444444444 0.25732421875 0.2795138888888889 0.056640625
2 0.6744791666666666 0.283203125 0.2899305555555556 0.060546875
2 0.6649305555555556 0.30126953125 0.2760416666666667 0.060546875
2 0.6545138888888888 0.32177734375 0.2777777777777778 0.056640625
3 0.6423611111111112 0.34326171875 0.2638888888888889 0.052734375
3 0.6223958333333334 0.35986328125 0.2829861111111111 0.05859375
3 0.6284722222222222 0.380859375 0.28125 0.0576171875
3 0.6180555555555556 0.3994140625 0.2881944444444444 0.0537109375
3 0.6206597222222222 0.4189453125 0.2934027777777778 0.0615234375
3 0.6145833333333334 0.44091796875 0.2934027777777778 0.0576171875
3 0.59375 0.45947265625 0.2743055555555556 0.0517578125
3 0.5868055555555556 0.474609375 0.2708333333333333 0.0478515625
3 0.5824652777777778 0.4931640625 0.2760416666666667 0.0556640625
3 0.5859375 0.5126953125 0.2690972222222222 0.0546875