3 0.3298611111111111 0.7247395833333333 0.4284722222222222 0.18802083333333333
3 0.3482638888888889 0.815625 0.3375 0.09895833333333333
0 0.7878472222222223 0.6049479166666667 0.3784722222222222 0.17552083333333332
0 0.8298611111111112 0.6825520833333333 0.32013888888888886 0.0875
0 0.8548611111111111 0.7135416666666666 0.2902777777777778 0.08541666666666667
1 0.25729166666666664 0.5778645833333333 0.29305555555555557 0.11927083333333334
1 0.2704861111111111 0.6252604166666667 0.24861111111111112 0.058333333333333334
1 0.18993055555555555 0.6598958333333333 0.08958333333333333 0.034375
2 0.5309027777777777 0.50234375 0.25625 0.1109375
2 0.5572916666666666 0.5536458333333333 0.26180555555555557 0.06666666666666667
2 0.5138888888888888 0.5864583333333333 0.13541666666666666 0.04739583333333333
2 0.5163194444444444 0.6057291666666667 0.09722222222222222 0.046875
2 0.6399305555555556 0.5080729166666667 0.017361111111111112 0.053125