3 0.24965277777777778 0.6776041666666667 0.41180555555555554 0.14427083333333332
3 0.23159722222222223 0.76875 0.33611111111111114 0.06145833333333333
0 0.734375 0.6635416666666667 0.3625 0.13697916666666668
0 0.7444444444444445 0.7471354166666667 0.32083333333333336 0.051041666666666666
0 0.7711805555555555 0.7856770833333333 0.32222222222222224 0.04895833333333333
1 0.2375 0.52109375 0.28402777777777777 0.08854166666666667
1 0.23194444444444445 0.56953125 0.25069444444444444 0.0296875
1 0.14097222222222222 0.5848958333333333 0.0875 0.024479166666666666
2 0.5288194444444444 0.5088541666666667 0.24722222222222223 0.084375
2 0.5336805555555556 0.5638020833333334 0.26319444444444445 0.03697916666666667
2 0.4798611111111111 0.5856770833333333 0.13333333333333333 0.0328125
2 0.47465277777777776 0.6046875 0.09236111111111112 0.03697916666666667
2 0.6305555555555555 0.53828125 0.00625 0.05416666666666667