3 0.2375 0.6674479166666667 0.41875 0.159375
3 0.21319444444444444 0.7578125 0.3375 0.07447916666666667
0 0.7225694444444445 0.6723958333333333 0.36875 0.15052083333333333
0 0.7267361111111111 0.75625 0.3215277777777778 0.06354166666666666
0 0.7506944444444444 0.7958333333333333 0.3229166666666667 0.06145833333333333
1 0.2361111111111111 0.5109375 0.2875 0.09895833333333333
1 0.22743055555555555 0.5588541666666667 0.25069444444444444 0.0390625
1 0.13576388888888888 0.5705729166666667 0.08819444444444445 0.028125
2 0.528125 0.51015625 0.25069444444444444 0.09322916666666667
2 0.5291666666666667 0.5651041666666666 0.26319444444444445 0.046875
2 0.4739583333333333 0.5846354166666666 0.13402777777777777 0.0375
2 0.4673611111111111 0.6033854166666667 0.09444444444444444 0.040625
2 0.6277777777777778 0.5434895833333333 0.009722222222222222 0.05416666666666667