3 0.6701388888888888 0.7247395833333333 0.4284722222222222 0.18802083333333333
3 0.6517361111111111 0.815625 0.3375 0.09895833333333333
0 0.21215277777777777 0.6049479166666667 0.3784722222222222 0.17552083333333332
0 0.1701388888888889 0.6825520833333333 0.32013888888888886 0.0875
0 0.14479166666666668 0.7135416666666666 0.28958333333333336 0.08541666666666667
1 0.7427083333333333 0.5778645833333333 0.29305555555555557 0.11927083333333334
1 0.7295138888888889 0.6252604166666667 0.24861111111111112 0.058333333333333334
1 0.8100694444444444 0.6598958333333333 0.08958333333333333 0.034375
2 0.4690972222222222 0.50234375 0.25625 0.1109375
2 0.4427083333333333 0.5536458333333333 0.26180555555555557 0.06666666666666667
2 0.4861111111111111 0.5864583333333333 0.13541666666666666 0.04739583333333333
2 0.48368055555555556 0.6057291666666667 0.09722222222222222 0.046875
2 0.36006944444444444 0.5080729166666667 0.017361111111111112 0.053125