3 0.21909722222222222 0.6497395833333334 0.4270833333333333 0.18333333333333332
3 0.184375 0.7380208333333333 0.3375 0.0953125
0 0.7017361111111111 0.6864583333333333 0.3770833333333333 0.17135416666666667
0 0.6961805555555556 0.7700520833333333 0.32083333333333336 0.08333333333333333
0 0.715625 0.8111979166666666 0.3215277777777778 0.08125
1 0.2361111111111111 0.4934895833333333 0.2923611111111111 0.11614583333333334
1 0.22152777777777777 0.5408854166666667 0.24930555555555556 0.05520833333333333
1 0.12881944444444443 0.5466145833333333 0.08958333333333333 0.03333333333333333
2 0.5267361111111111 0.51171875 0.25555555555555554 0.1078125
2 0.5215277777777778 0.5666666666666667 0.2625 0.06354166666666666
2 0.4642361111111111 0.5828125 0.13541666666666666 0.04583333333333333
2 0.4552083333333333 0.6010416666666667 0.09652777777777778 0.04583333333333333
2 0.6222222222222222 0.5515625 0.01597222222222222 0.053125