2 0.6090277777777777 0.4986979166666667 0.21597222222222223 0.029166666666666667
2 0.6059027777777778 0.5380208333333333 0.19722222222222222 0.029166666666666667
2 0.5989583333333334 0.5557291666666667 0.1736111111111111 0.0265625
2 0.5940972222222223 0.5919270833333333 0.18055555555555555 0.0265625
2 0.5888888888888889 0.6669270833333333 0.16458333333333333 0.023958333333333335
2 0.5878472222222222 0.7221354166666667 0.15694444444444444 0.026041666666666668
0 0.6142361111111111 0.47578125 0.21875 0.035416666666666666
0 0.6 0.5739583333333333 0.22430555555555556 0.027604166666666666
0 0.5899305555555555 0.6114583333333333 0.19375 0.030208333333333334
0 0.5802083333333333 0.7575520833333333 0.18888888888888888 0.024479166666666666
0 0.5690972222222223 0.7932291666666667 0.16458333333333333 0.027083333333333334
3 0.6083333333333333 0.5182291666666666 0.18125 0.028645833333333332
3 0.578125 0.7395833333333334 0.1701388888888889 0.0234375
1 0.5954861111111112 0.63046875 0.1673611111111111 0.029166666666666667
1 0.5927083333333333 0.6473958333333333 0.16666666666666666 0.028645833333333332
1 0.5875 0.6825520833333333 0.19027777777777777 0.035416666666666666
1 0.5913194444444444 0.7044270833333334 0.1597222222222222 0.027083333333333334
1 0.5826388888888889 0.7747395833333334 0.15486111111111112 0.029166666666666667