2 0.6059027777777778 0.48020833333333335 0.21597222222222223 0.03229166666666667
2 0.6145833333333334 0.5192708333333333 0.19722222222222222 0.03177083333333333
2 0.6131944444444445 0.5375 0.1736111111111111 0.028645833333333332
2 0.6190972222222222 0.5736979166666667 0.18055555555555555 0.029166666666666667
2 0.6368055555555555 0.64765625 0.16458333333333333 0.026041666666666668
2 0.6524305555555555 0.7015625 0.15694444444444444 0.028125
0 0.6041666666666666 0.45703125 0.21875 0.03854166666666667
0 0.6197916666666666 0.5552083333333333 0.22361111111111112 0.030729166666666665
0 0.6211805555555555 0.5934895833333333 0.19375 0.0328125
0 0.6555555555555556 0.7375 0.18888888888888888 0.027083333333333334
0 0.6552083333333333 0.77421875 0.16458333333333333 0.029166666666666667
3 0.6111111111111112 0.49947916666666664 0.18125 0.030729166666666665
3 0.6479166666666667 0.7203125 0.1701388888888889 0.025520833333333333
1 0.6319444444444444 0.6111979166666667 0.1673611111111111 0.03125
1 0.634375 0.6278645833333333 0.16666666666666666 0.030729166666666665
1 0.6399305555555556 0.6630208333333333 0.19027777777777777 0.0375
1 0.6503472222222222 0.6838541666666667 0.1597222222222222 0.029166666666666667
1 0.6628472222222223 0.75390625 0.15486111111111112 0.03125