2 0.6090277777777777 0.49583333333333335 0.21666666666666667 0.023958333333333335
2 0.6076388888888888 0.5354166666666667 0.19722222222222222 0.023958333333333335
2 0.6017361111111111 0.5528645833333333 0.1736111111111111 0.022395833333333334
2 0.5982638888888889 0.5893229166666667 0.18055555555555555 0.022395833333333334
2 0.5965277777777778 0.6643229166666667 0.16458333333333333 0.019791666666666666
2 0.5982638888888889 0.7197916666666667 0.15625 0.022395833333333334
0 0.6128472222222222 0.47265625 0.21875 0.0296875
0 0.6034722222222222 0.5713541666666667 0.22430555555555556 0.021875
0 0.5951388888888889 0.6091145833333333 0.19375 0.025520833333333333
0 0.5923611111111111 0.75546875 0.18958333333333333 0.019270833333333334
0 0.5826388888888889 0.79140625 0.16458333333333333 0.022916666666666665
3 0.6090277777777777 0.5153645833333333 0.18125 0.023958333333333335
3 0.5892361111111111 0.7375 0.1701388888888889 0.01875
1 0.6013888888888889 0.6278645833333333 0.1673611111111111 0.025
1 0.5993055555555555 0.6447916666666667 0.16666666666666666 0.023958333333333335
1 0.5958333333333333 0.6799479166666667 0.19027777777777777 0.030208333333333334
1 0.6006944444444444 0.7018229166666666 0.1597222222222222 0.022916666666666665
1 0.5951388888888889 0.7723958333333333 0.15416666666666667 0.025520833333333333