2 0.3923611111111111 0.4859375 0.21597222222222223 0.020833333333333332
2 0.3875 0.5252604166666667 0.19722222222222222 0.021354166666666667
2 0.390625 0.5432291666666667 0.1736111111111111 0.019791666666666666
2 0.38784722222222223 0.5796875 0.18055555555555555 0.019791666666666666
2 0.37743055555555555 0.6544270833333333 0.16458333333333333 0.017708333333333333
2 0.36701388888888886 0.7091145833333333 0.15625 0.0203125
0 0.3923611111111111 0.4627604166666667 0.21805555555555556 0.027083333333333334
0 0.3857638888888889 0.5611979166666666 0.22430555555555556 0.019270833333333334
0 0.38784722222222223 0.5994791666666667 0.19375 0.022916666666666665
0 0.36701388888888886 0.7450520833333333 0.18958333333333333 0.0171875
0 0.3704861111111111 0.7815104166666667 0.16458333333333333 0.020833333333333332
3 0.3892361111111111 0.50546875 0.18055555555555555 0.021354166666666667
3 0.3729166666666667 0.7276041666666667 0.1701388888888889 0.016666666666666666
1 0.3784722222222222 0.6177083333333333 0.1673611111111111 0.022395833333333334
1 0.37777777777777777 0.6346354166666667 0.16597222222222222 0.021875
1 0.3753472222222222 0.6700520833333333 0.18958333333333333 0.028125
1 0.36701388888888886 0.6911458333333333 0.1597222222222222 0.020833333333333332
1 0.3611111111111111 0.76171875 0.15416666666666667 0.0234375