2 0.5736111111111111 0.35494791666666664 0.3840277777777778 0.034895833333333334
2 0.5673611111111111 0.39010416666666664 0.35138888888888886 0.03177083333333333
2 0.5746527777777778 0.425 0.34930555555555554 0.03229166666666667
2 0.5604166666666667 0.45416666666666666 0.3284722222222222 0.021354166666666667
2 0.5534722222222223 0.48151041666666666 0.325 0.018229166666666668
2 0.5631944444444444 0.51328125 0.30694444444444446 0.023958333333333335
2 0.565625 0.5466145833333333 0.2916666666666667 0.027604166666666666
2 0.5680555555555555 0.5752604166666667 0.27708333333333335 0.028645833333333332
2 0.5767361111111111 0.6067708333333334 0.25069444444444444 0.024479166666666666
2 0.5809027777777778 0.63984375 0.2423611111111111 0.023958333333333335
2 0.5819444444444445 0.6729166666666667 0.24375 0.026041666666666668
2 0.5875 0.7044270833333334 0.22777777777777777 0.0234375
2 0.5784722222222223 0.73203125 0.24930555555555556 0.019270833333333334
2 0.5868055555555556 0.7614583333333333 0.23055555555555557 0.028645833333333332
1 0.8736111111111111 0.5005208333333333 0.25277777777777777 0.024479166666666666
1 0.871875 0.5346354166666667 0.25625 0.022916666666666665
1 0.8743055555555556 0.5625 0.2465277777777778 0.025
1 0.8770833333333333 0.5893229166666667 0.23194444444444445 0.0234375
1 0.8760416666666667 0.6158854166666666 0.2388888888888889 0.020833333333333332
1 0.8753472222222223 0.6424479166666667 0.23402777777777778 0.020833333333333332
1 0.8725694444444444 0.6651041666666667 0.23194444444444445 0.017708333333333333
1 0.8708333333333333 0.6888020833333334 0.22777777777777777 0.021354166666666667
1 0.8690972222222222 0.7182291666666667 0.2152777777777778 0.0265625
0 0.21736111111111112 0.6526041666666667 0.43472222222222223 0.078125
0 0.20798611111111112 0.7197916666666667 0.41597222222222224 0.0375
3 0.19444444444444445 0.7708333333333334 0.3888888888888889 0.03697916666666667
3 0.18472222222222223 0.8059895833333334 0.36944444444444446 0.03697916666666667
3 0.17256944444444444 0.8471354166666667 0.3451388888888889 0.0484375