2 0.4576388888888889 0.34817708333333336 0.38680555555555557 0.0796875
2 0.4565972222222222 0.38359375 0.3541666666666667 0.07239583333333334
2 0.4420138888888889 0.4171875 0.35138888888888886 0.07291666666666667
2 0.45 0.44765625 0.3284722222222222 0.059375
2 0.4510416666666667 0.47552083333333334 0.325 0.05625
2 0.43472222222222223 0.5057291666666667 0.30833333333333335 0.059895833333333336
2 0.4253472222222222 0.5385416666666667 0.29375 0.06145833333333333
2 0.4170138888888889 0.56640625 0.2798611111111111 0.0609375
2 0.40208333333333335 0.5963541666666666 0.25277777777777777 0.05364583333333333
2 0.390625 0.6286458333333333 0.24444444444444444 0.052083333333333336
2 0.38298611111111114 0.6611979166666667 0.2465277777777778 0.0546875
2 0.37083333333333335 0.6916666666666667 0.2298611111111111 0.05
2 0.37430555555555556 0.7200520833333334 0.25 0.0484375
2 0.3597222222222222 0.7481770833333333 0.23402777777777778 0.05520833333333333
1 0.13055555555555556 0.45677083333333335 0.25416666666666665 0.05364583333333333
1 0.12743055555555555 0.4903645833333333 0.2548611111111111 0.05260416666666667
1 0.12083333333333333 0.5174479166666667 0.24166666666666667 0.05364583333333333
1 0.11284722222222222 0.54375 0.22569444444444445 0.05
1 0.11215277777777778 0.5700520833333333 0.22430555555555556 0.0484375
1 0.10868055555555556 0.5963541666666666 0.21736111111111112 0.04791666666666667
1 0.10694444444444444 0.6192708333333333 0.21388888888888888 0.04479166666666667
1 0.10451388888888889 0.64296875 0.20902777777777778 0.04739583333333333
1 0.09930555555555555 0.6721354166666667 0.1986111111111111 0.0515625
0 0.7475694444444444 0.6838541666666667 0.44513888888888886 0.128125
0 0.7427083333333333 0.7513020833333334 0.41875 0.0859375
3 0.7451388888888889 0.8033854166666666 0.39166666666666666 0.08229166666666667
3 0.7475694444444444 0.8393229166666667 0.3729166666666667 0.0796875
3 0.7510416666666667 0.88125 0.3506944444444444 0.08854166666666667