2 0.38506944444444446 0.37109375 0.38472222222222224 0.09895833333333333
2 0.4013888888888889 0.4041666666666667 0.35208333333333336 0.09010416666666667
2 0.4048611111111111 0.4395833333333333 0.35 0.09010416666666667
2 0.42743055555555554 0.46536458333333336 0.3263888888888889 0.07604166666666666
2 0.4423611111111111 0.4908854166666667 0.32222222222222224 0.07291666666666667
2 0.4423611111111111 0.5236979166666667 0.30625 0.07552083333333333
2 0.45 0.5565104166666667 0.2923611111111111 0.07604166666666666
2 0.45625 0.5848958333333333 0.27847222222222223 0.075
2 0.45729166666666665 0.6169270833333333 0.2520833333333333 0.06614583333333333
2 0.46284722222222224 0.65 0.24305555555555555 0.0640625
2 0.4722222222222222 0.6822916666666666 0.24513888888888888 0.06666666666666667
2 0.47604166666666664 0.7140625 0.22916666666666666 0.06145833333333333
2 0.4934027777777778 0.7393229166666667 0.24861111111111112 0.0609375
2 0.49375 0.76953125 0.23333333333333334 0.06666666666666667
1 0.1361111111111111 0.5635416666666667 0.2534722222222222 0.06666666666666667
1 0.1482638888888889 0.5966145833333333 0.2569444444444444 0.065625
1 0.15416666666666667 0.6239583333333333 0.24791666666666667 0.06614583333333333
1 0.159375 0.6505208333333333 0.23333333333333334 0.06197916666666667
1 0.1684027777777778 0.6763020833333333 0.2388888888888889 0.06041666666666667
1 0.17708333333333334 0.7020833333333333 0.23402777777777778 0.059375
1 0.18680555555555556 0.7236979166666667 0.23125 0.05625
1 0.1954861111111111 0.7466145833333333 0.22777777777777777 0.058854166666666666
1 0.20590277777777777 0.775 0.21805555555555556 0.06197916666666667
0 0.7989583333333333 0.60078125 0.40208333333333335 0.14947916666666666
0 0.8208333333333333 0.66484375 0.35833333333333334 0.10677083333333333
3 0.8416666666666667 0.7122395833333334 0.31666666666666665 0.1015625
3 0.8565972222222222 0.7450520833333333 0.28680555555555554 0.0984375
3 0.8739583333333333 0.7828125 0.2520833333333333 0.10520833333333333