2 0.6180555555555556 0.37265625 0.3840277777777778 0.10364583333333334
2 0.6006944444444444 0.40546875 0.35138888888888886 0.09479166666666666
2 0.5965277777777778 0.44088541666666664 0.34930555555555554 0.09427083333333333
2 0.5732638888888889 0.46640625 0.32569444444444445 0.08020833333333334
2 0.5576388888888889 0.49166666666666664 0.3215277777777778 0.0765625
2 0.5572916666666666 0.5244791666666667 0.3055555555555556 0.07916666666666666
2 0.5486111111111112 0.5572916666666666 0.2916666666666667 0.0796875
2 0.5420138888888889 0.5854166666666667 0.27847222222222223 0.078125
2 0.5399305555555556 0.6174479166666667 0.2513888888888889 0.06927083333333334
2 0.5333333333333333 0.6505208333333333 0.24305555555555555 0.0671875
2 0.5236111111111111 0.6825520833333333 0.24513888888888888 0.06979166666666667
2 0.51875 0.7143229166666667 0.22847222222222222 0.0640625
2 0.5010416666666667 0.7393229166666667 0.24791666666666667 0.0640625
2 0.5 0.76953125 0.2326388888888889 0.06979166666666667
1 0.8625 0.5684895833333333 0.25277777777777777 0.06979166666666667
1 0.8496527777777778 0.6010416666666667 0.25625 0.06875
1 0.8430555555555556 0.6283854166666667 0.24722222222222223 0.06927083333333334
1 0.8368055555555556 0.6549479166666666 0.2326388888888889 0.06458333333333334
1 0.8274305555555556 0.6807291666666667 0.23819444444444443 0.06354166666666666
1 0.8180555555555555 0.70625 0.23333333333333334 0.0625
1 0.8079861111111111 0.7278645833333334 0.23055555555555557 0.059375
1 0.7989583333333333 0.7505208333333333 0.22777777777777777 0.06197916666666667
1 0.7878472222222223 0.7786458333333334 0.21736111111111112 0.06458333333333334
0 0.1996527777777778 0.5966145833333333 0.3993055555555556 0.1546875
0 0.17673611111111112 0.66015625 0.35347222222222224 0.11197916666666667
3 0.15520833333333334 0.7072916666666667 0.3104166666666667 0.10625
3 0.14027777777777778 0.7395833333333334 0.28055555555555556 0.103125
3 0.12291666666666666 0.7770833333333333 0.24583333333333332 0.109375