2 0.6100694444444444 0.6633078526754691 0.44375 0.06462821403752605
2 0.6371527777777778 0.7268936761640028 0.3659722222222222 0.059763724808895066
2 0.6027777777777777 0.7936066712995136 0.3638888888888889 0.05906879777623349
2 0.5979166666666667 0.844683808200139 0.3854166666666667 0.05837387074357193
2 0.6204861111111111 0.9009728978457262 0.33819444444444446 0.054204308547602505
2 0.6284722222222222 0.9471855455177206 0.3388888888888889 0.04378040305767894
2 0.6409722222222223 0.9794996525364836 0.35555555555555557 0.04100069492703266
0 0.6003472222222223 0.015288394718554551 0.5965277777777778 0.030576789437109102
0 0.6055555555555555 0.04933981931897151 0.5708333333333333 0.07018763029881862
1 0.6027777777777777 0.11987491313412092 0.5479166666666667 0.08895066018068103
1 0.6118055555555556 0.18068102849200834 0.5416666666666666 0.09381514940931203
1 0.6131944444444445 0.24669909659485753 0.5298611111111111 0.07922168172341904
1 0.6090277777777777 0.29638637943015983 0.5291666666666667 0.07644197359277276
3 0.609375 0.3700486448922863 0.47638888888888886 0.06740792216817235
3 0.6295138888888889 0.4249478804725504 0.41805555555555557 0.0729673384294649
3 0.6288194444444445 0.4791521890201529 0.4444444444444444 0.05350938151494093
3 0.6243055555555556 0.5312717164697707 0.46319444444444446 0.05837387074357193
3 0.6305555555555555 0.590687977762335 0.40555555555555556 0.06254343293954134