2 0.3954861111111111 0.6671299513551077 0.4423611111111111 0.04933981931897151
2 0.37083333333333335 0.7317581653926337 0.3645833333333333 0.0472550382209868
2 0.4076388888888889 0.7970813064628214 0.3625 0.046560111188325225
2 0.41423611111111114 0.8478109798471161 0.3840277777777778 0.045170257123002086
2 0.39340277777777777 0.9047949965253649 0.3368055555555556 0.0423905489923558
2 0.3871527777777778 0.95135510771369 0.33819444444444446 0.031966643502432245
2 0.37569444444444444 0.9850590687977763 0.3548611111111111 0.029881862404447533
0 0.38229166666666664 0.012161223071577484 0.5958333333333333 0.024322446143154968
0 0.37881944444444443 0.05316191799861015 0.5694444444444444 0.05072967338429465
1 0.3840277777777778 0.12369701181375956 0.5458333333333333 0.07018763029881862
1 0.3770833333333333 0.18485059068797777 0.5395833333333333 0.07505211952744961
1 0.378125 0.250868658790827 0.5277777777777778 0.06045865184155664
1 0.3836805555555556 0.30020847810979845 0.5277777777777778 0.05837387074357193
3 0.38645833333333335 0.37387074357192496 0.475 0.05072967338429465
3 0.3680555555555556 0.4294649061848506 0.4166666666666667 0.05837387074357193
3 0.3704861111111111 0.4836692147324531 0.44305555555555554 0.037526059763724806
3 0.3767361111111111 0.5354412786657401 0.4618055555555556 0.0423905489923558
3 0.37256944444444445 0.5952050034746351 0.4041666666666667 0.048644892286309936