2 0.6291666666666667 0.6487143849895761 0.4444444444444444 0.11744266851980542
2 0.6638888888888889 0.7084781097984711 0.36736111111111114 0.103544127866574
2 0.6378472222222222 0.7786657400972898 0.36527777777777776 0.10284920083391244
2 0.6388888888888888 0.830090340514246 0.38680555555555557 0.10493398193189715
2 0.6684027777777778 0.8832522585128562 0.3388888888888889 0.0945100764419736
2 0.6819444444444445 0.9280750521195275 0.3388888888888889 0.0847810979847116
2 0.6982638888888889 0.9586518415566365 0.3548611111111111 0.08269631688672689
0 0.5399305555555556 0.029186935371785964 0.5923611111111111 0.05837387074357193
0 0.5496527777777778 0.05455177206393329 0.5701388888888889 0.10910354412786658
1 0.5555555555555556 0.11014593467685893 0.55 0.15496872828353023
1 0.5722222222222222 0.16921473245309243 0.5444444444444444 0.15844336344683807
1 0.5815972222222222 0.23488533703961084 0.53125 0.14246004169562196
1 0.5836805555555555 0.2845726198749131 0.5298611111111111 0.14037526059763725
3 0.5927083333333333 0.3578874218207088 0.47708333333333336 0.12439193884642112
3 0.6194444444444445 0.40965948575399586 0.42083333333333334 0.12300208478109799
3 0.6253472222222223 0.46351633078526755 0.44375 0.10701876302988186
3 0.6270833333333333 0.5159833217512161 0.46319444444444446 0.11396803335649756
3 0.640625 0.5740097289784573 0.40625 0.11118832522585129