3 0.3188757807078418 0.47552083333333334 0.5648854961832062 0.1078125
3 0.3275503122831367 0.5497395833333333 0.4996530187369882 0.053125
0 0.29424011103400416 0.6114583333333333 0.5156141568355309 0.04114583333333333
0 0.29319916724496875 0.6552083333333333 0.49271339347675225 0.058333333333333334
0 0.2907702984038862 0.7046875 0.4489937543372658 0.05260416666666667
0 0.3022206800832755 0.7481770833333333 0.34975711311589175 0.03854166666666667
2 0.3053435114503817 0.79609375 0.4489937543372658 0.03854166666666667
2 0.291117279666898 0.8421875 0.4253990284524636 0.0515625
2 0.2866065232477446 0.8875 0.37682165163081194 0.0421875
2 0.2768910478834143 0.9307291666666667 0.3747397640527412 0.04010416666666667
2 0.2779319916724497 0.9661458333333334 0.3525329632199861 0.0296875
2 0.28556557945870925 0.9877604166666667 0.3546148507980569 0.024479166666666666