3 0.6803886190145733 0.4730625 0.5627203331020125 0.10056249999999996
3 0.6734906315058987 0.547484375 0.4987855655794587 0.04653645833333329
0 0.7084524635669674 0.6088125000000001 0.5149201943095074 0.0342864583333333
0 0.7105343511450383 0.6525052083333333 0.49132546842470515 0.05214583333333327
0 0.714087439278279 0.7019895833333333 0.4481263011797363 0.0469479166666666
0 0.7034212352532964 0.745546875 0.34871616932685645 0.03380729166666659
2 0.7013393476752257 0.7935208333333333 0.44864677307425405 0.032609375000000065
2 0.7169535045107565 0.8394895833333333 0.42435808466342817 0.04590624999999993
2 0.722324774462179 0.884546875 0.37612768910478833 0.03706249999999992
2 0.733261623872311 0.92778125 0.37369882026370577 0.0349947916666667
2 0.7329146426092992 0.9630729166666666 0.3521859819569743 0.024843749999999904
2 0.7258848022206801 0.9873697916666667 0.35374739764052743 0.025260416666666667