3 0.31679389312977096 0.48723958333333334 0.5739070090215128 0.14427083333333332
3 0.33414295628036084 0.5609375 0.5024288688410826 0.08541666666666667
0 0.30777238029146425 0.6244791666666667 0.5170020818875781 0.07447916666666667
0 0.31193615544760583 0.6682291666666667 0.4961832061068702 0.090625
0 0.315058986814712 0.7177083333333333 0.45246356696738377 0.08177083333333333
0 0.3320610687022901 0.76015625 0.3518390006939625 0.0609375
2 0.34073560027758504 0.8078125 0.45107564191533656 0.06770833333333333
2 0.33136710617626647 0.8546875 0.42817487855655795 0.07916666666666666
2 0.3324080499653019 0.9 0.3789035392088827 0.06614583333333333
2 0.3275503122831367 0.94375 0.37682165163081194 0.0640625
2 0.3324080499653019 0.9763020833333333 0.35392088827203333 0.04739583333333333
2 0.3428174878556558 0.9877604166666667 0.3553088133240805 0.024479166666666666