3 0.6821651630811936 0.48020833333333335 0.5690492713393477 0.12239583333333333
3 0.6700208188757807 0.5541666666666667 0.5010409437890354 0.06614583333333333
0 0.7005551700208189 0.6169270833333333 0.5163081193615545 0.0546875
0 0.6995142262317835 0.6606770833333333 0.49410131852879946 0.07135416666666666
0 0.6998612074947953 0.71015625 0.45107564191533656 0.06458333333333334
0 0.6859819569743234 0.753125 0.35045107564191535 0.04739583333333333
2 0.6804302567661347 0.8010416666666667 0.45038167938931295 0.05
2 0.6929215822345594 0.84765625 0.42678695350451074 0.0625
2 0.6953504510756419 0.8927083333333333 0.37820957668285915 0.0515625
2 0.7029840388619014 0.9364583333333333 0.3754337265787647 0.049479166666666664
2 0.7002081887578071 0.9716145833333333 0.3532269257460097 0.03854166666666667
2 0.6911866759195003 0.9880208333333333 0.3553088133240805 0.023958333333333335