3 0.6835530881332408 0.4921875 0.5759888965995836 0.15833333333333333
3 0.6630811936155447 0.5651041666666666 0.5024288688410826 0.0984375
0 0.6863289382373352 0.6294270833333333 0.5163081193615545 0.0875
0 0.6800832755031229 0.6729166666666667 0.4961832061068702 0.103125
0 0.6745315752949341 0.7223958333333333 0.45246356696738377 0.09322916666666667
0 0.655794587092297 0.7643229166666666 0.3518390006939625 0.06979166666666667
2 0.6450381679389313 0.81171875 0.45038167938931295 0.07916666666666666
2 0.6519777931991673 0.8588541666666667 0.42886884108258155 0.08958333333333333
2 0.648854961832061 0.90390625 0.3795975017349063 0.07604166666666666
2 0.6516308119361555 0.9479166666666666 0.37682165163081194 0.0734375
2 0.6443442054129077 0.9760416666666667 0.3532269257460097 0.04791666666666667
2 0.6328938237335184 0.9875 0.3553088133240805 0.025