3 0.6839000693962526 0.49453125 0.5766828591256072 0.165625
3 0.6613462873004857 0.5671875 0.5024288688410826 0.1046875
0 0.683206106870229 0.63203125 0.5156141568355309 0.09427083333333333
0 0.676266481609993 0.6752604166666667 0.4961832061068702 0.109375
0 0.6693268563497571 0.7247395833333333 0.45246356696738377 0.09895833333333333
0 0.6498959056210964 0.76640625 0.3511450381679389 0.07447916666666667
2 0.6377515614156836 0.8135416666666667 0.4496877168632894 0.08489583333333334
2 0.6436502428868841 0.8606770833333334 0.42886884108258155 0.0953125
2 0.6394864677307426 0.9059895833333333 0.3789035392088827 0.08072916666666667
2 0.6412213740458015 0.95 0.37612768910478833 0.07864583333333333
2 0.6332408049965302 0.97578125 0.3532269257460097 0.0484375
2 0.621443442054129 0.9872395833333333 0.3546148507980569 0.025520833333333333