3 0.5232638888888889 0.778125 0.3597222222222222 0.053125
3 0.525 0.8067708333333333 0.29305555555555557 0.044270833333333336
2 0.4263888888888889 0.14739583333333334 0.4965277777777778 0.09583333333333334
2 0.43159722222222224 0.18984375 0.4701388888888889 0.06510416666666667
2 0.4444444444444444 0.28203125 0.4513888888888889 0.06145833333333333
2 0.44305555555555554 0.31536458333333334 0.43333333333333335 0.06197916666666667
2 0.44513888888888886 0.35598958333333336 0.4236111111111111 0.05625
2 0.446875 0.3932291666666667 0.42916666666666664 0.05625
2 0.4736111111111111 0.48020833333333335 0.38472222222222224 0.053125
2 0.4864583333333333 0.5049479166666667 0.3854166666666667 0.053125
2 0.475 0.5447916666666667 0.35625 0.05572916666666667
2 0.48506944444444444 0.575 0.3458333333333333 0.0515625
2 0.48854166666666665 0.6109375 0.325 0.050520833333333334
2 0.4861111111111111 0.6484375 0.31180555555555556 0.04635416666666667
2 0.5020833333333333 0.678125 0.31319444444444444 0.0484375
2 0.5 0.7463541666666667 0.2923611111111111 0.046875
2 0.5159722222222223 0.8424479166666666 0.2513888888888889 0.04375
2 0.5388888888888889 0.8721354166666667 0.27847222222222223 0.0546875
2 0.534375 0.9065104166666667 0.25416666666666665 0.050520833333333334
1 0.44131944444444443 0.23984375 0.4548611111111111 0.07239583333333334
1 0.459375 0.4421875 0.37083333333333335 0.05260416666666667
1 0.5079861111111111 0.71484375 0.275 0.041666666666666664