3 0.5621527777777777 0.7747395833333334 0.35694444444444445 0.08020833333333334
3 0.5677083333333334 0.803125 0.29097222222222224 0.06666666666666667
2 0.37743055555555555 0.15520833333333334 0.4965277777777778 0.13333333333333333
2 0.3888888888888889 0.196875 0.46597222222222223 0.10104166666666667
2 0.41423611111111114 0.2877604166666667 0.44722222222222224 0.09583333333333334
2 0.4173611111111111 0.32083333333333336 0.4305555555555556 0.0953125
2 0.4253472222222222 0.3611979166666667 0.4201388888888889 0.08854166666666667
2 0.4322916666666667 0.39791666666666664 0.425 0.0890625
2 0.4708333333333333 0.4822916666666667 0.3819444444444444 0.0828125
2 0.48715277777777777 0.5059895833333333 0.3819444444444444 0.08229166666666667
2 0.48125 0.5463541666666667 0.3541666666666667 0.0828125
2 0.4954861111111111 0.57578125 0.34375 0.07760416666666667
2 0.5041666666666667 0.6111979166666667 0.3236111111111111 0.075
2 0.5069444444444444 0.6486979166666667 0.30972222222222223 0.06979166666666667
2 0.5270833333333333 0.6768229166666667 0.31180555555555556 0.071875
2 0.534375 0.7450520833333333 0.29097222222222224 0.06875
2 0.5635416666666667 0.8393229166666667 0.25069444444444444 0.0625
2 0.590625 0.8671875 0.27847222222222223 0.07552083333333333
2 0.5909722222222222 0.9015625 0.25416666666666665 0.06979166666666667
1 0.40555555555555556 0.24583333333333332 0.45208333333333334 0.10677083333333333
1 0.4513888888888889 0.44583333333333336 0.3680555555555556 0.08072916666666667
1 0.5381944444444444 0.7130208333333333 0.27361111111111114 0.0625