3 0.44583333333333336 0.77578125 0.3597222222222222 0.053125
3 0.4392361111111111 0.80390625 0.29305555555555557 0.044270833333333336
2 0.5256944444444445 0.14375 0.4965277777777778 0.09583333333333334
2 0.5190972222222222 0.1859375 0.4701388888888889 0.06510416666666667
2 0.5059027777777778 0.278125 0.4513888888888889 0.06145833333333333
2 0.4954861111111111 0.3104166666666667 0.43333333333333335 0.06197916666666667
2 0.4861111111111111 0.35078125 0.4236111111111111 0.05625
2 0.4777777777777778 0.38723958333333336 0.42916666666666664 0.05625
2 0.4795138888888889 0.4765625 0.38472222222222224 0.053125
2 0.48541666666666666 0.5026041666666666 0.3854166666666667 0.053125
2 0.46319444444444446 0.53984375 0.35625 0.05572916666666667
2 0.46458333333333335 0.57109375 0.3458333333333333 0.0515625
2 0.4579861111111111 0.6067708333333334 0.325 0.050520833333333334
2 0.44548611111111114 0.6432291666666666 0.31180555555555556 0.04635416666666667
2 0.4527777777777778 0.6744791666666666 0.31319444444444444 0.0484375
2 0.43194444444444446 0.7411458333333333 0.2923611111111111 0.046875
2 0.4204861111111111 0.8375 0.2513888888888889 0.04375
2 0.43506944444444445 0.8700520833333333 0.27847222222222223 0.0546875
2 0.42118055555555556 0.903125 0.25416666666666665 0.050520833333333334
1 0.5149305555555556 0.23645833333333333 0.4548611111111111 0.07239583333333334
1 0.47604166666666664 0.43723958333333335 0.37083333333333335 0.05260416666666667
1 0.4486111111111111 0.7111979166666667 0.275 0.041666666666666664