3 0.5493055555555556 0.7763020833333333 0.35833333333333334 0.07135416666666666
3 0.5534722222222223 0.8046875 0.2923611111111111 0.059375
2 0.39375 0.15234375 0.49722222222222223 0.12083333333333333
2 0.403125 0.19427083333333334 0.46805555555555556 0.0890625
2 0.42430555555555555 0.28567708333333336 0.44930555555555557 0.084375
2 0.42604166666666665 0.31875 0.43194444444444446 0.084375
2 0.43194444444444446 0.359375 0.4222222222222222 0.078125
2 0.4371527777777778 0.3963541666666667 0.4270833333333333 0.07864583333333333
2 0.471875 0.48151041666666666 0.38333333333333336 0.07291666666666667
2 0.48680555555555555 0.5057291666666667 0.38333333333333336 0.07291666666666667
2 0.4791666666666667 0.5458333333333333 0.35555555555555557 0.07395833333333333
2 0.49201388888888886 0.5755208333333334 0.34444444444444444 0.06875
2 0.49895833333333334 0.6111979166666667 0.32430555555555557 0.06666666666666667
2 0.5 0.6489583333333333 0.3104166666666667 0.06197916666666667
2 0.51875 0.6776041666666667 0.3125 0.0640625
2 0.5229166666666667 0.7458333333333333 0.2916666666666667 0.06145833333333333
2 0.5475694444444444 0.8408854166666667 0.2513888888888889 0.05625
2 0.5736111111111111 0.8692708333333333 0.2791666666666667 0.06875
2 0.5722222222222222 0.90390625 0.25416666666666665 0.06354166666666666
1 0.4173611111111111 0.24348958333333334 0.4534722222222222 0.0953125
1 0.45416666666666666 0.44453125 0.36944444444444446 0.07135416666666666
1 0.528125 0.7138020833333333 0.2743055555555556 0.05572916666666667