3 0.4701388888888889 0.7778645833333333 0.3590277777777778 0.0578125
3 0.46805555555555556 0.8065104166666667 0.29305555555555557 0.04791666666666667
2 0.5819444444444445 0.1484375 0.49722222222222223 0.10208333333333333
2 0.5753472222222222 0.19088541666666667 0.46944444444444444 0.07135416666666666
2 0.5607638888888888 0.2828125 0.45069444444444445 0.0671875
2 0.5614583333333333 0.31614583333333335 0.43333333333333335 0.06770833333333333
2 0.5583333333333333 0.3567708333333333 0.4236111111111111 0.06197916666666667
2 0.5555555555555556 0.39401041666666664 0.4284722222222222 0.06197916666666667
2 0.5267361111111111 0.48046875 0.38472222222222224 0.058333333333333334
2 0.5135416666666667 0.5052083333333334 0.38472222222222224 0.058333333333333334
2 0.5239583333333333 0.5450520833333333 0.35625 0.06041666666666667
2 0.5131944444444444 0.5752604166666667 0.3458333333333333 0.05572916666666667
2 0.5086805555555556 0.6109375 0.325 0.0546875
2 0.5104166666666666 0.6486979166666667 0.3111111111111111 0.050520833333333334
2 0.49375 0.678125 0.31319444444444444 0.052083333333333336
2 0.49409722222222224 0.7463541666666667 0.2923611111111111 0.050520833333333334
2 0.47604166666666664 0.8421875 0.2513888888888889 0.046875
2 0.45243055555555556 0.8716145833333333 0.27847222222222223 0.058333333333333334
2 0.45590277777777777 0.9059895833333333 0.25416666666666665 0.05364583333333333
1 0.5645833333333333 0.240625 0.4548611111111111 0.078125
1 0.5420138888888889 0.4427083333333333 0.37083333333333335 0.057291666666666664
1 0.48680555555555555 0.7145833333333333 0.275 0.0453125