2 0.3333333333333333 0.20286458333333332 0.2902777777777778 0.04114583333333333
2 0.3375 0.23046875 0.25763888888888886 0.03333333333333333
2 0.3385416666666667 0.24947916666666667 0.25 0.027604166666666666
2 0.33993055555555557 0.27395833333333336 0.24513888888888888 0.027604166666666666
2 0.33958333333333335 0.2986979166666667 0.2388888888888889 0.034895833333333334
2 0.34375 0.32265625 0.2388888888888889 0.03229166666666667
2 0.3489583333333333 0.34296875 0.24305555555555555 0.033854166666666664
2 0.3527777777777778 0.3651041666666667 0.2569444444444444 0.034375
2 0.3576388888888889 0.3848958333333333 0.27152777777777776 0.035416666666666666
2 0.35347222222222224 0.4296875 0.24513888888888888 0.036458333333333336
2 0.36180555555555555 0.4484375 0.24583333333333332 0.0296875
2 0.36319444444444443 0.46770833333333334 0.23958333333333334 0.0296875
2 0.36041666666666666 0.5104166666666666 0.23541666666666666 0.0265625
2 0.3663194444444444 0.5299479166666666 0.23680555555555555 0.027604166666666666
2 0.36319444444444443 0.5479166666666667 0.22569444444444445 0.028645833333333332
2 0.365625 0.56875 0.22777777777777777 0.028645833333333332
2 0.35694444444444445 0.5901041666666667 0.2 0.03333333333333333
2 0.3625 0.6567708333333333 0.19375 0.026041666666666668
2 0.35555555555555557 0.7184895833333333 0.19305555555555556 0.030208333333333334
2 0.3798611111111111 0.7408854166666666 0.21319444444444444 0.0203125
2 0.3770833333333333 0.76328125 0.18055555555555555 0.0265625
2 0.3715277777777778 0.7846354166666667 0.1763888888888889 0.0234375
2 0.37083333333333335 0.80390625 0.16041666666666668 0.022916666666666665
2 0.384375 0.8427083333333333 0.16319444444444445 0.022916666666666665
2 0.38229166666666664 0.8661458333333333 0.1486111111111111 0.019791666666666666
1 0.340625 0.4083333333333333 0.22847222222222222 0.030208333333333334
1 0.3597222222222222 0.68046875 0.18819444444444444 0.0265625
3 0.3815972222222222 0.8908854166666667 0.16180555555555556 0.028645833333333332
3 0.3767361111111111 0.8244791666666667 0.15416666666666667 0.025
3 0.36909722222222224 0.6372395833333333 0.18958333333333333 0.026041666666666668
3 0.3638888888888889 0.6127604166666667 0.2152777777777778 0.03125
3 0.3545138888888889 0.49322916666666666 0.2222222222222222 0.030729166666666665
0 0.3746527777777778 0.696875 0.17777777777777778 0.022395833333333334