2 0.3472222222222222 0.19869791666666667 0.28958333333333336 0.03333333333333333
2 0.3503472222222222 0.22630208333333332 0.25763888888888886 0.0265625
2 0.3503472222222222 0.2453125 0.25 0.020833333333333332
2 0.3503472222222222 0.26979166666666665 0.24444444444444444 0.021354166666666667
2 0.3489583333333333 0.2947916666666667 0.23819444444444443 0.029166666666666667
2 0.35208333333333336 0.31875 0.23819444444444443 0.026041666666666668
2 0.35625 0.33932291666666664 0.2423611111111111 0.027604166666666666
2 0.3590277777777778 0.3611979166666667 0.25625 0.027604166666666666
2 0.36319444444444443 0.38125 0.27152777777777776 0.028645833333333332
2 0.35694444444444445 0.42578125 0.24444444444444444 0.030208333333333334
2 0.3642361111111111 0.44505208333333335 0.24583333333333332 0.0234375
2 0.36493055555555554 0.4640625 0.2388888888888889 0.023958333333333335
2 0.36006944444444444 0.5067708333333333 0.23541666666666666 0.0203125
2 0.36527777777777776 0.5265625 0.2361111111111111 0.021354166666666667
2 0.3611111111111111 0.54453125 0.225 0.022916666666666665
2 0.3625 0.5651041666666666 0.22777777777777777 0.022916666666666665
2 0.3527777777777778 0.5861979166666667 0.1986111111111111 0.028645833333333332
2 0.35555555555555557 0.653125 0.19375 0.020833333333333332
2 0.3454861111111111 0.7145833333333333 0.19236111111111112 0.025
2 0.36875 0.7375 0.21319444444444444 0.015104166666666667
2 0.36493055555555554 0.7598958333333333 0.1798611111111111 0.021875
2 0.35833333333333334 0.7809895833333333 0.17569444444444443 0.019270833333333334
2 0.35694444444444445 0.8002604166666667 0.1597222222222222 0.019270833333333334
2 0.3684027777777778 0.8395833333333333 0.16319444444444445 0.01875
2 0.36527777777777776 0.8627604166666667 0.14791666666666667 0.016145833333333335
1 0.3451388888888889 0.4044270833333333 0.22777777777777777 0.023958333333333335
1 0.35173611111111114 0.6768229166666667 0.1875 0.021354166666666667
3 0.36354166666666665 0.8875 0.16111111111111112 0.024479166666666666
3 0.3614583333333333 0.82109375 0.15347222222222223 0.020833333333333332
3 0.3628472222222222 0.63359375 0.18888888888888888 0.021354166666666667
3 0.35868055555555556 0.6091145833333333 0.21458333333333332 0.026041666666666668
3 0.3548611111111111 0.4895833333333333 0.2222222222222222 0.025
0 0.365625 0.6934895833333333 0.17708333333333334 0.017708333333333333