2 0.5510416666666667 0.17994791666666668 0.28958333333333336 0.0703125
2 0.5569444444444445 0.20729166666666668 0.25625 0.059375
2 0.5631944444444444 0.22578125 0.24791666666666667 0.053125
2 0.5708333333333333 0.24947916666666667 0.24305555555555555 0.05260416666666667
2 0.5802083333333333 0.2734375 0.23819444444444443 0.059375
2 0.5850694444444444 0.29739583333333336 0.2375 0.05677083333333333
2 0.5875 0.31796875 0.2423611111111111 0.058333333333333334
2 0.5920138888888888 0.33984375 0.25555555555555554 0.06041666666666667
2 0.5944444444444444 0.36015625 0.2708333333333333 0.06302083333333333
2 0.6149305555555555 0.40208333333333335 0.24513888888888888 0.06145833333333333
2 0.6138888888888889 0.421875 0.24444444444444444 0.0546875
2 0.6194444444444445 0.440625 0.23819444444444443 0.05416666666666667
2 0.6378472222222222 0.48098958333333336 0.23402777777777778 0.050520833333333334
2 0.6392361111111111 0.5013020833333334 0.23472222222222222 0.0515625
2 0.6493055555555556 0.51796875 0.22430555555555556 0.0515625
2 0.6541666666666667 0.53828125 0.22708333333333333 0.052083333333333336
2 0.6704861111111111 0.55703125 0.2 0.05364583333333333
2 0.6895833333333333 0.6223958333333334 0.19305555555555556 0.04583333333333333
2 0.7190972222222223 0.6802083333333333 0.19305555555555556 0.049479166666666664
2 0.7041666666666667 0.7065104166666667 0.2111111111111111 0.0421875
2 0.7149305555555555 0.7276041666666667 0.1798611111111111 0.04479166666666667
2 0.728125 0.7471354166666667 0.17569444444444443 0.041666666666666664
2 0.7357638888888889 0.7653645833333333 0.16041666666666668 0.03958333333333333
2 0.7371527777777778 0.8057291666666667 0.1625 0.03958333333333333
2 0.7479166666666667 0.8276041666666667 0.14791666666666667 0.034895833333333334
1 0.6194444444444445 0.37916666666666665 0.22708333333333333 0.053125
1 0.7010416666666667 0.64453125 0.1875 0.0453125
3 0.7572916666666667 0.8513020833333333 0.1625 0.04479166666666667
3 0.7378472222222222 0.7864583333333334 0.15416666666666667 0.040625
3 0.6760416666666667 0.6049479166666667 0.18888888888888888 0.0453125
3 0.6722222222222223 0.5802083333333333 0.21458333333333332 0.053125
3 0.6371527777777778 0.4635416666666667 0.22152777777777777 0.05364583333333333
0 0.6930555555555555 0.6635416666666667 0.1763888888888889 0.040625