0 0.7361111111111112 0.409375 0.22916666666666666 0.071875
0 0.9024305555555555 0.41171875 0.09861111111111111 0.0578125
0 0.7888888888888889 0.43515625 0.13680555555555557 0.04635416666666667
1 0.65 0.46171875 0.09444444444444444 0.034375
1 0.7940972222222222 0.4778645833333333 0.1597222222222222 0.053125
1 0.934375 0.47161458333333334 0.05763888888888889 0.0515625
1 0.6791666666666667 0.4947916666666667 0.07222222222222222 0.0296875
1 0.8638888888888889 0.4986979166666667 0.09444444444444444 0.0359375
3 0.70625 0.5385416666666667 0.1125 0.041666666666666664
3 0.8590277777777777 0.5328125 0.1451388888888889 0.043229166666666666
3 0.7041666666666667 0.5645833333333333 0.11041666666666666 0.04114583333333333
3 0.8670138888888889 0.5630208333333333 0.16805555555555557 0.04791666666666667
3 0.709375 0.5916666666666667 0.12777777777777777 0.04791666666666667
3 0.871875 0.5908854166666667 0.15833333333333333 0.04010416666666667
3 0.6888888888888889 0.6177083333333333 0.10277777777777777 0.04739583333333333
3 0.8690972222222222 0.6169270833333333 0.14791666666666667 0.04114583333333333
3 0.6954861111111111 0.6447916666666667 0.11041666666666666 0.04010416666666667
3 0.8753472222222223 0.6463541666666667 0.14930555555555555 0.0375
3 0.6864583333333333 0.66953125 0.12083333333333333 0.049479166666666664
3 0.8506944444444444 0.6786458333333333 0.12986111111111112 0.03958333333333333
3 0.8524305555555556 0.7010416666666667 0.12777777777777777 0.036458333333333336
3 0.8496527777777778 0.7260416666666667 0.1326388888888889 0.03854166666666667
3 0.8413194444444444 0.7518229166666667 0.13333333333333333 0.0375
3 0.8520833333333333 0.77265625 0.10069444444444445 0.0328125
3 0.6086805555555556 0.5510416666666667 0.06388888888888888 0.1046875
3 0.6697916666666667 0.71484375 0.15555555555555556 0.08177083333333333
3 0.6604166666666667 0.7716145833333333 0.08402777777777778 0.04791666666666667
3 0.7420138888888889 0.7583333333333333 0.075 0.034375
2 0.5538194444444444 0.18515625 0.26875 0.06770833333333333
2 0.5572916666666666 0.22291666666666668 0.15069444444444444 0.0515625
2 0.5961805555555556 0.25104166666666666 0.1597222222222222 0.051041666666666666
2 0.5114583333333333 0.28359375 0.12083333333333333 0.04791666666666667
2 0.5875 0.30833333333333335 0.1326388888888889 0.05260416666666667
2 0.5329861111111112 0.35572916666666665 0.14027777777777778 0.05625
2 0.521875 0.39947916666666666 0.11388888888888889 0.0484375
2 0.5211805555555555 0.4375 0.08611111111111111 0.04114583333333333
2 0.5333333333333333 0.46041666666666664 0.06666666666666667 0.0265625
2 0.5302083333333333 0.48333333333333334 0.07777777777777778 0.0375
2 0.5326388888888889 0.5036458333333333 0.05763888888888889 0.029166666666666667
2 0.5399305555555556 0.5299479166666666 0.0625 0.030729166666666665
2 0.5326388888888889 0.5549479166666667 0.05486111111111111 0.029166666666666667
2 0.5333333333333333 0.57421875 0.06388888888888888 0.0296875
2 0.5322916666666667 0.60859375 0.05416666666666667 0.030729166666666665
2 0.5357638888888889 0.6341145833333334 0.043055555555555555 0.026041666666666668