0 0.7652777777777777 0.49973958333333335 0.22847222222222222 0.0796875
0 0.9121527777777778 0.55859375 0.10069444444444445 0.0609375
0 0.7965277777777777 0.540625 0.1375 0.051041666666666666
1 0.6569444444444444 0.5171875 0.09444444444444444 0.0375
1 0.7756944444444445 0.58046875 0.1597222222222222 0.058333333333333334
1 0.9041666666666667 0.6223958333333334 0.059722222222222225 0.05260416666666667
1 0.6628472222222223 0.55625 0.07222222222222222 0.03229166666666667
1 0.825 0.62265625 0.09444444444444444 0.0390625
3 0.6604166666666667 0.6046875 0.11319444444444444 0.0453125
3 0.8 0.6515625 0.1451388888888889 0.0484375
3 0.6427083333333333 0.6270833333333333 0.11041666666666666 0.04479166666666667
3 0.7888888888888889 0.68125 0.16805555555555557 0.05416666666666667
3 0.6309027777777778 0.6528645833333333 0.1284722222222222 0.052083333333333336
3 0.7763888888888889 0.7075520833333333 0.15763888888888888 0.04635416666666667
3 0.5972222222222222 0.6690104166666667 0.10416666666666667 0.050520833333333334
3 0.7583333333333333 0.7296875 0.14722222222222223 0.04635416666666667
3 0.5864583333333333 0.6955729166666667 0.1111111111111111 0.04375
3 0.7458333333333333 0.7583333333333333 0.14791666666666667 0.043229166666666666
3 0.5635416666666667 0.7145833333333333 0.12152777777777778 0.05364583333333333
3 0.7041666666666667 0.7786458333333334 0.12986111111111112 0.044270833333333336
3 0.6920138888888889 0.79921875 0.12708333333333333 0.04114583333333333
3 0.6746527777777778 0.8203125 0.1326388888888889 0.043229166666666666
3 0.6517361111111111 0.8403645833333333 0.13333333333333333 0.0421875
3 0.6486111111111111 0.8627604166666667 0.10069444444444445 0.036458333333333336
3 0.5659722222222222 0.5822916666666667 0.07013888888888889 0.1046875
3 0.5211805555555555 0.74921875 0.15833333333333333 0.08645833333333333
3 0.47847222222222224 0.7966145833333333 0.08541666666666667 0.05
3 0.559375 0.8125 0.07569444444444444 0.036458333333333336
2 0.7385416666666667 0.23776041666666667 0.2673611111111111 0.07760416666666667
2 0.71875 0.27265625 0.15069444444444444 0.05677083333333333
2 0.7364583333333333 0.3109375 0.1597222222222222 0.05677083333333333
2 0.6413194444444444 0.3109375 0.12152777777777778 0.052083333333333336
2 0.6940972222222223 0.35911458333333335 0.13333333333333333 0.057291666666666664
2 0.6166666666666667 0.38255208333333335 0.14166666666666666 0.0609375
2 0.5802083333333333 0.41770833333333335 0.11458333333333333 0.052083333333333336
2 0.5565972222222222 0.4515625 0.0875 0.04375
2 0.5538194444444444 0.47604166666666664 0.06736111111111111 0.028645833333333332
2 0.5371527777777778 0.49557291666666664 0.07916666666666666 0.04010416666666667
2 0.5267361111111111 0.5143229166666666 0.058333333333333334 0.03125
2 0.5173611111111112 0.5401041666666667 0.06388888888888888 0.0328125
2 0.49583333333333335 0.56015625 0.05555555555555555 0.030729166666666665
2 0.4847222222222222 0.5776041666666667 0.06458333333333334 0.03177083333333333
2 0.46319444444444446 0.6078125 0.05486111111111111 0.03229166666666667
2 0.45069444444444445 0.6317708333333333 0.04375 0.027083333333333334