0 0.7649305555555556 0.48932291666666666 0.22916666666666666 0.071875
0 0.915625 0.5421875 0.09861111111111111 0.0578125
0 0.7989583333333333 0.52890625 0.13680555555555557 0.04635416666666667
1 0.6579861111111112 0.5109375 0.09444444444444444 0.034375
1 0.7809027777777777 0.56953125 0.1597222222222222 0.053125
1 0.9121527777777778 0.6065104166666667 0.05763888888888889 0.0515625
1 0.6666666666666666 0.5497395833333333 0.07222222222222222 0.0296875
1 0.8329861111111111 0.6096354166666667 0.09444444444444444 0.0359375
3 0.6673611111111111 0.5981770833333333 0.1125 0.041666666666666664
3 0.8100694444444444 0.6395833333333333 0.1451388888888889 0.043229166666666666
3 0.6513888888888889 0.6213541666666667 0.11041666666666666 0.04114583333333333
3 0.8010416666666667 0.66953125 0.16805555555555557 0.04791666666666667
3 0.6416666666666667 0.6473958333333333 0.12777777777777777 0.04791666666666667
3 0.790625 0.6966145833333334 0.15833333333333333 0.04010416666666667
3 0.6086805555555556 0.6651041666666667 0.10277777777777777 0.04739583333333333
3 0.7739583333333333 0.7192708333333333 0.14791666666666667 0.04114583333333333
3 0.6 0.6919270833333333 0.11041666666666666 0.04010416666666667
3 0.7635416666666667 0.7481770833333333 0.14930555555555555 0.0375
3 0.5784722222222223 0.71171875 0.12083333333333333 0.049479166666666664
3 0.7236111111111111 0.7700520833333333 0.12986111111111112 0.03958333333333333
3 0.7128472222222222 0.7911458333333333 0.12777777777777777 0.036458333333333336
3 0.696875 0.8130208333333333 0.1326388888888889 0.03854166666666667
3 0.6753472222222222 0.8341145833333333 0.13333333333333333 0.0375
3 0.6736111111111112 0.8565104166666667 0.10069444444444445 0.0328125
3 0.5715277777777777 0.5796875 0.06388888888888888 0.1046875
3 0.5385416666666667 0.7479166666666667 0.15555555555555556 0.08177083333333333
3 0.49930555555555556 0.7971354166666667 0.08402777777777778 0.04791666666666667
3 0.5809027777777778 0.8098958333333334 0.075 0.034375
2 0.7197916666666667 0.22864583333333333 0.26875 0.06770833333333333
2 0.7024305555555556 0.2643229166666667 0.15069444444444444 0.0515625
2 0.7229166666666667 0.30182291666666666 0.1597222222222222 0.051041666666666666
2 0.6277777777777778 0.30572916666666666 0.12083333333333333 0.04791666666666667
2 0.6836805555555555 0.3515625 0.1326388888888889 0.05260416666666667
2 0.6083333333333333 0.378125 0.14027777777777778 0.05625
2 0.5743055555555555 0.41484375 0.11388888888888889 0.0484375
2 0.553125 0.44947916666666665 0.08611111111111111 0.04114583333333333
2 0.5520833333333334 0.4739583333333333 0.06666666666666667 0.0265625
2 0.5368055555555555 0.4940104166666667 0.07777777777777778 0.0375
2 0.5277777777777778 0.51328125 0.05763888888888889 0.029166666666666667
2 0.5201388888888889 0.5395833333333333 0.0625 0.030729166666666665
2 0.5 0.56015625 0.05486111111111111 0.029166666666666667
2 0.48993055555555554 0.578125 0.06388888888888888 0.0296875
2 0.4708333333333333 0.6091145833333333 0.05416666666666667 0.030729166666666665
2 0.4597222222222222 0.6333333333333333 0.043055555555555555 0.026041666666666668