0 0.26805555555555555 0.403125 0.22916666666666666 0.07708333333333334
0 0.10173611111111111 0.40130208333333334 0.1 0.059895833333333336
0 0.2142361111111111 0.4276041666666667 0.13680555555555557 0.049479166666666664
1 0.35173611111111114 0.4578125 0.09444444444444444 0.036458333333333336
1 0.20694444444444443 0.4703125 0.1597222222222222 0.05677083333333333
1 0.06736111111111111 0.46015625 0.059027777777777776 0.05260416666666667
1 0.3211805555555556 0.4901041666666667 0.07222222222222222 0.03125
1 0.13645833333333332 0.4890625 0.09444444444444444 0.03802083333333333
3 0.2920138888888889 0.5333333333333333 0.11319444444444444 0.044270833333333336
3 0.13958333333333334 0.5234375 0.1451388888888889 0.046875
3 0.29305555555555557 0.559375 0.11041666666666666 0.04375
3 0.13020833333333334 0.5533854166666666 0.16805555555555557 0.052083333333333336
3 0.2864583333333333 0.5859375 0.1284722222222222 0.050520833333333334
3 0.12395833333333334 0.5809895833333333 0.15763888888888888 0.044270833333333336
3 0.3059027777777778 0.6125 0.10347222222222222 0.049479166666666664
3 0.12569444444444444 0.60703125 0.14791666666666667 0.04479166666666667
3 0.29791666666666666 0.6395833333333333 0.1111111111111111 0.042708333333333334
3 0.11805555555555555 0.6364583333333333 0.1486111111111111 0.04114583333333333
3 0.3059027777777778 0.6645833333333333 0.12152777777777778 0.052083333333333336
3 0.14131944444444444 0.6692708333333334 0.12986111111111112 0.042708333333333334
3 0.13854166666666667 0.6916666666666667 0.12777777777777777 0.03958333333333333
3 0.14027777777777778 0.7166666666666667 0.1326388888888889 0.041666666666666664
3 0.14722222222222223 0.7427083333333333 0.13333333333333333 0.040625
3 0.13541666666666666 0.76328125 0.10138888888888889 0.035416666666666666
3 0.3892361111111111 0.5481770833333334 0.06805555555555555 0.1046875
3 0.32048611111111114 0.71015625 0.15763888888888888 0.08489583333333334
3 0.3267361111111111 0.7671875 0.08472222222222223 0.049479166666666664
3 0.24618055555555557 0.7518229166666667 0.07569444444444444 0.0359375
2 0.46111111111111114 0.18385416666666668 0.2673611111111111 0.07395833333333333
2 0.45555555555555555 0.22161458333333334 0.15069444444444444 0.05520833333333333
2 0.4152777777777778 0.24869791666666666 0.16041666666666668 0.05520833333333333
2 0.4986111111111111 0.2833333333333333 0.12083333333333333 0.050520833333333334
2 0.4215277777777778 0.30625 0.13333333333333333 0.05572916666666667
2 0.4736111111111111 0.35494791666666664 0.14097222222222222 0.059375
2 0.4829861111111111 0.39895833333333336 0.11458333333333333 0.051041666666666666
2 0.48159722222222223 0.43697916666666664 0.08680555555555555 0.042708333333333334
2 0.4684027777777778 0.4596354166666667 0.06666666666666667 0.028125
2 0.4704861111111111 0.4825520833333333 0.07847222222222222 0.0390625
2 0.4673611111111111 0.5026041666666666 0.058333333333333334 0.030729166666666665
2 0.45868055555555554 0.52890625 0.06319444444444444 0.03229166666666667
2 0.46493055555555557 0.5541666666666667 0.05555555555555555 0.030208333333333334
2 0.46319444444444446 0.5734375 0.06388888888888888 0.03125
2 0.4625 0.6078125 0.05486111111111111 0.03177083333333333
2 0.4579861111111111 0.6330729166666667 0.04375 0.027083333333333334