3 0.22083333333333333 0.32526041666666666 0.3472222222222222 0.027604166666666666
3 0.2170138888888889 0.5044270833333333 0.3013888888888889 0.035416666666666666
3 0.23159722222222223 0.5348958333333333 0.2798611111111111 0.024479166666666666
3 0.20451388888888888 0.775 0.22430555555555556 0.019270833333333334
3 0.21979166666666666 0.85703125 0.2375 0.022395833333333334
2 0.2204861111111111 0.025520833333333333 0.3402777777777778 0.03697916666666667
2 0.2170138888888889 0.0671875 0.32916666666666666 0.044270833333333336
2 0.23020833333333332 0.10234375 0.3215277777777778 0.04114583333333333
2 0.22743055555555555 0.1390625 0.33611111111111114 0.0375
2 0.22361111111111112 0.21901041666666668 0.30972222222222223 0.040625
2 0.22777777777777777 0.25807291666666665 0.2916666666666667 0.036458333333333336
2 0.24305555555555555 0.290625 0.30277777777777776 0.03697916666666667
2 0.23576388888888888 0.3625 0.2986111111111111 0.027604166666666666
2 0.2420138888888889 0.3963541666666667 0.26944444444444443 0.0359375
2 0.22534722222222223 0.43307291666666664 0.25416666666666665 0.024479166666666666
2 0.22847222222222222 0.46484375 0.24444444444444444 0.03229166666666667
2 0.22430555555555556 0.5653645833333333 0.2111111111111111 0.0125
2 0.17708333333333334 0.6497395833333334 0.19375 0.0328125
2 0.17152777777777778 0.6791666666666667 0.18263888888888888 0.016666666666666666
2 0.18958333333333333 0.7028645833333333 0.19722222222222222 0.0234375
2 0.18020833333333333 0.7294270833333333 0.15069444444444444 0.022395833333333334
2 0.19756944444444444 0.7565104166666666 0.16180555555555556 0.010416666666666666
2 0.2125 0.8057291666666667 0.18472222222222223 0.01875
2 0.21944444444444444 0.8291666666666667 0.1736111111111111 0.016666666666666666
1 0.22361111111111112 0.18255208333333334 0.31805555555555554 0.034895833333333334
1 0.2111111111111111 0.58828125 0.2833333333333333 0.021354166666666667
0 0.21006944444444445 0.6119791666666666 0.23194444444444445 0.022395833333333334