3 0.17118055555555556 0.38515625 0.3423611111111111 0.09427083333333333
3 0.22847222222222222 0.5591145833333333 0.3034722222222222 0.09270833333333334
3 0.25277777777777777 0.5859375 0.27847222222222223 0.078125
3 0.30972222222222223 0.8229166666666666 0.22291666666666668 0.0625
3 0.3524305555555556 0.89921875 0.23680555555555555 0.06770833333333333
2 0.11840277777777777 0.09557291666666666 0.23680555555555555 0.1015625
2 0.121875 0.13697916666666668 0.24375 0.10625
2 0.13194444444444445 0.16796875 0.2638888888888889 0.10260416666666666
2 0.14027777777777778 0.20442708333333334 0.28055555555555556 0.1015625
2 0.14618055555555556 0.28203125 0.2923611111111111 0.09947916666666666
2 0.15347222222222223 0.31927083333333334 0.29444444444444445 0.0921875
2 0.1795138888888889 0.34765625 0.30486111111111114 0.09479166666666666
2 0.19722222222222222 0.41848958333333336 0.29791666666666666 0.08489583333333334
2 0.21493055555555557 0.45 0.2722222222222222 0.08697916666666666
2 0.21145833333333333 0.48880208333333336 0.25416666666666665 0.07291666666666667
2 0.22569444444444445 0.51875 0.24722222222222223 0.07864583333333333
2 0.25625 0.6166666666666667 0.2076388888888889 0.053125
2 0.23993055555555556 0.7072916666666667 0.1986111111111111 0.06927083333333334
2 0.24444444444444444 0.73671875 0.18194444444444444 0.0515625
2 0.2701388888888889 0.75625 0.1986111111111111 0.0609375
2 0.2704861111111111 0.7838541666666666 0.15347222222222223 0.051041666666666666
2 0.29618055555555556 0.8065104166666667 0.1597222222222222 0.04114583333333333
2 0.328125 0.8510416666666667 0.18472222222222223 0.05416666666666667
2 0.34270833333333334 0.8723958333333334 0.1736111111111111 0.05
1 0.14166666666666666 0.24661458333333333 0.2833333333333333 0.0953125
1 0.2517361111111111 0.64140625 0.28125 0.07552083333333333
0 0.2586805555555556 0.6643229166666667 0.23125 0.06666666666666667