3 0.7621527777777778 0.3111979166666667 0.34930555555555554 0.04583333333333333
3 0.7826388888888889 0.4895833333333333 0.30416666666666664 0.051041666666666666
3 0.7708333333333334 0.5208333333333334 0.28125 0.0390625
3 0.8201388888888889 0.7588541666666667 0.225 0.03125
3 0.8128472222222223 0.84140625 0.2388888888888889 0.034375
2 0.7347222222222223 0.01953125 0.34305555555555556 0.0390625
2 0.7420138888888889 0.05364583333333333 0.3326388888888889 0.0609375
2 0.7322916666666667 0.08932291666666667 0.32430555555555557 0.058333333333333334
2 0.7381944444444445 0.12578125 0.3388888888888889 0.0546875
2 0.7496527777777777 0.20520833333333333 0.3125 0.05677083333333333
2 0.7493055555555556 0.24427083333333333 0.29444444444444445 0.0515625
2 0.7368055555555556 0.27786458333333336 0.3055555555555556 0.05260416666666667
2 0.7506944444444444 0.3489583333333333 0.30069444444444443 0.043229166666666666
2 0.7479166666666667 0.38307291666666665 0.2722222222222222 0.049479166666666664
2 0.7677083333333333 0.41875 0.25625 0.0375
2 0.7673611111111112 0.45078125 0.2465277777777778 0.0453125
2 0.78125 0.55078125 0.2111111111111111 0.0234375
2 0.8361111111111111 0.6325520833333333 0.19652777777777777 0.043229166666666666
2 0.8440972222222223 0.6614583333333334 0.1840277777777778 0.026041666666666668
2 0.8284722222222223 0.6861979166666666 0.1986111111111111 0.033854166666666664
2 0.8402777777777778 0.7122395833333334 0.15208333333333332 0.030208333333333334
2 0.8256944444444444 0.73984375 0.1625 0.01875
2 0.8149305555555556 0.7901041666666667 0.18611111111111112 0.028645833333333332
2 0.8104166666666667 0.8135416666666667 0.17430555555555555 0.025520833333333333
1 0.7461805555555555 0.16875 0.32013888888888886 0.0515625
1 0.7961805555555556 0.5729166666666666 0.2847222222222222 0.0359375
0 0.7996527777777778 0.5966145833333333 0.23333333333333334 0.034375