3 0.7440972222222222 0.29791666666666666 0.34930555555555554 0.0640625
3 0.7809027777777777 0.475 0.30486111111111114 0.06666666666666667
3 0.7722222222222223 0.5065104166666666 0.28194444444444444 0.05364583333333333
3 0.8434027777777777 0.74140625 0.22569444444444445 0.042708333333333334
3 0.84375 0.82421875 0.2388888888888889 0.046875
2 0.6888888888888889 0.018489583333333334 0.34444444444444444 0.03697916666666667
2 0.7 0.04192708333333333 0.33402777777777776 0.078125
2 0.6934027777777778 0.078125 0.32569444444444445 0.07447916666666667
2 0.7027777777777777 0.11432291666666666 0.33958333333333335 0.071875
2 0.7215277777777778 0.19270833333333334 0.3145833333333333 0.07239583333333334
2 0.7246527777777778 0.23203125 0.29583333333333334 0.06666666666666667
2 0.715625 0.26588541666666665 0.30625 0.06822916666666666
2 0.7361111111111112 0.33619791666666665 0.30069444444444443 0.058854166666666666
2 0.7364583333333333 0.37057291666666664 0.27361111111111114 0.06354166666666666
2 0.7597222222222222 0.4049479166666667 0.25625 0.051041666666666666
2 0.7621527777777778 0.43671875 0.24791666666666667 0.057291666666666664
2 0.7850694444444445 0.5359375 0.2111111111111111 0.034375
2 0.8475694444444445 0.6145833333333334 0.19791666666666666 0.05260416666666667
2 0.8583333333333333 0.6432291666666666 0.1840277777777778 0.035416666666666666
2 0.8451388888888889 0.6684895833333333 0.2 0.044270833333333336
2 0.859375 0.6940104166666666 0.15347222222222223 0.03802083333333333
2 0.8472222222222222 0.7223958333333333 0.1625 0.027083333333333334
2 0.8413194444444444 0.7729166666666667 0.18611111111111112 0.03802083333333333
2 0.8388888888888889 0.7966145833333333 0.175 0.034895833333333334
1 0.7145833333333333 0.15677083333333333 0.3215277777777778 0.06770833333333333
1 0.8024305555555555 0.5572916666666666 0.2847222222222222 0.050520833333333334
0 0.8079861111111111 0.58046875 0.23333333333333334 0.04635416666666667