3 0.23333333333333334 0.3145833333333333 0.3486111111111111 0.041666666666666664
3 0.21736111111111112 0.4934895833333333 0.3034722222222222 0.04739583333333333
3 0.22951388888888888 0.52421875 0.28125 0.035416666666666666
3 0.1857638888888889 0.7630208333333334 0.225 0.028125
3 0.1951388888888889 0.8453125 0.23819444444444443 0.03125
2 0.25381944444444443 0.020052083333333335 0.3423611111111111 0.04010416666666667
2 0.24756944444444445 0.05677083333333333 0.33194444444444443 0.05677083333333333
2 0.25833333333333336 0.09244791666666667 0.3236111111111111 0.05416666666666667
2 0.253125 0.12890625 0.33819444444444446 0.050520833333333334
2 0.24340277777777777 0.20859375 0.31180555555555556 0.05260416666666667
2 0.24479166666666666 0.24765625 0.29375 0.04791666666666667
2 0.25798611111111114 0.28098958333333335 0.30486111111111114 0.04895833333333333
2 0.24583333333333332 0.35234375 0.3 0.03958333333333333
2 0.24930555555555556 0.38645833333333335 0.27152777777777776 0.04635416666666667
2 0.23020833333333332 0.42239583333333336 0.25555555555555554 0.034375
2 0.23125 0.45416666666666666 0.24583333333333332 0.041666666666666664
2 0.22013888888888888 0.5544270833333333 0.2111111111111111 0.020833333333333332
2 0.16701388888888888 0.63671875 0.19583333333333333 0.040625
2 0.1597222222222222 0.6658854166666667 0.18333333333333332 0.023958333333333335
2 0.17604166666666668 0.6903645833333333 0.1986111111111111 0.03125
2 0.16458333333333333 0.7166666666666667 0.15208333333333332 0.028125
2 0.1798611111111111 0.7442708333333333 0.1625 0.016666666666666666
2 0.19166666666666668 0.7940104166666667 0.18541666666666667 0.026041666666666668
2 0.196875 0.8177083333333334 0.17430555555555555 0.0234375
1 0.24618055555555557 0.17213541666666668 0.32013888888888886 0.04739583333333333
1 0.20555555555555555 0.5768229166666666 0.2847222222222222 0.03229166666666667
0 0.20277777777777778 0.6005208333333333 0.23333333333333334 0.03125