2 0.20807291666666666 0.12421875 0.4161458333333333 0.1921875
2 0.2 0.24947916666666667 0.3932291666666667 0.0765625
2 0.20026041666666666 0.30807291666666664 0.25364583333333335 0.06770833333333333
2 0.21848958333333332 0.3572916666666667 0.23333333333333334 0.0515625
2 0.23072916666666668 0.39010416666666664 0.21875 0.0546875
2 0.23723958333333334 0.43046875 0.19583333333333333 0.046875
2 0.26119791666666664 0.46848958333333335 0.196875 0.044270833333333336
2 0.25494791666666666 0.49765625 0.18333333333333332 0.0328125
2 0.39401041666666664 0.3611979166666667 0.10260416666666666 0.19427083333333334
3 0.77734375 0.11302083333333333 0.36822916666666666 0.17239583333333333
3 0.81015625 0.21171875 0.28125 0.058333333333333334
3 0.8244791666666667 0.24869791666666666 0.2328125 0.05416666666666667
3 0.8270833333333333 0.2872395833333333 0.20104166666666667 0.04375
3 0.79375 0.3221354166666667 0.2682291666666667 0.050520833333333334
3 0.8151041666666666 0.34817708333333336 0.21302083333333333 0.041666666666666664
3 0.81015625 0.37942708333333336 0.20260416666666667 0.04375
3 0.6309895833333333 0.2747395833333333 0.07708333333333334 0.17760416666666667