2 0.19140625 0.15833333333333333 0.3828125 0.234375
2 0.18541666666666667 0.28203125 0.37083333333333335 0.11614583333333334
2 0.18203125 0.340625 0.25364583333333335 0.09270833333333334
2 0.20520833333333333 0.3875 0.23229166666666667 0.075
2 0.22083333333333333 0.41875 0.21875 0.0765625
2 0.23151041666666666 0.4583333333333333 0.19583333333333333 0.06614583333333333
2 0.2591145833333333 0.49375 0.19583333333333333 0.0640625
2 0.2559895833333333 0.5234375 0.18177083333333333 0.0515625
2 0.3802083333333333 0.3729166666666667 0.1203125 0.19947916666666668
3 0.73515625 0.09479166666666666 0.3765625 0.18958333333333333
3 0.778125 0.18098958333333334 0.2796875 0.08645833333333333
3 0.7966145833333333 0.21614583333333334 0.23229166666666667 0.07760416666666667
3 0.803125 0.25416666666666665 0.2 0.0640625
3 0.7734375 0.2921875 0.26614583333333336 0.078125
3 0.79765625 0.31614583333333335 0.21145833333333333 0.06354166666666666
3 0.7958333333333333 0.34791666666666665 0.20208333333333334 0.0640625
3 0.6067708333333334 0.26223958333333336 0.09375 0.18125