1 0.4583333333333333 0.35723192019950123 0.48863636363636365 0.13840399002493767
1 0.5691287878787878 0.6864089775561097 0.2935606060606061 0.07356608478802992
2 0.4971590909090909 0.42768079800498754 0.4375 0.08728179551122195
2 0.5179924242424242 0.4600997506234414 0.4166666666666667 0.09102244389027432
2 0.5189393939393939 0.49501246882793015 0.36742424242424243 0.07855361596009976
2 0.5596590909090909 0.5966334164588528 0.36174242424242425 0.0885286783042394
2 0.5852272727272727 0.6527431421446384 0.3409090909090909 0.0798004987531172
2 0.6193181818181818 0.7138403990024937 0.3143939393939394 0.07605985037406483
0 0.5331439393939394 0.5349127182044888 0.4053030303030303 0.09102244389027432
3 0.5369318181818182 0.564214463840399 0.32196969696969696 0.06733167082294264
3 0.5511363636363636 0.6278054862842892 0.3409090909090909 0.07605985037406483