1 0.5274621212121212 0.3559850374064838 0.48484848484848486 0.09600997506234414
1 0.47821969696969696 0.6913965087281796 0.2935606060606061 0.04738154613466334
2 0.53125 0.4307980049875312 0.4412878787878788 0.04738154613466334
2 0.5359848484848485 0.46571072319201995 0.4185606060606061 0.05486284289276808
2 0.5198863636363636 0.49875311720698257 0.3712121212121212 0.046134663341645885
2 0.5113636363636364 0.6041147132169576 0.36174242424242425 0.05610972568578554
2 0.509469696969697 0.662718204488778 0.3409090909090909 0.048628428927680795
2 0.5123106060606061 0.7275561097256857 0.3162878787878788 0.04738154613466334
0 0.5151515151515151 0.5399002493765586 0.4071969696969697 0.05486284289276808
3 0.5047348484848485 0.5685785536159601 0.32386363636363635 0.03865336658354115
3 0.48863636363636365 0.6321695760598504 0.3428030303030303 0.046134663341645885