1 0.5501893939393939 0.3584788029925187 0.48863636363636365 0.128428927680798
1 0.4479166666666667 0.6882793017456359 0.29545454545454547 0.06733167082294264
2 0.5426136363636364 0.4332917705735661 0.4393939393939394 0.0773067331670823
2 0.5416666666666666 0.4682044887780549 0.4185606060606061 0.08229426433915212
2 0.5198863636363636 0.5006234413965087 0.3693181818181818 0.06982543640897755
2 0.4943181818181818 0.6047381546134664 0.36174242424242425 0.0798004987531172
2 0.48295454545454547 0.662718204488778 0.3409090909090909 0.07231920199501247
2 0.47632575757575757 0.726932668329177 0.3162878787878788 0.0685785536159601
0 0.5085227272727273 0.5411471321695761 0.4053030303030303 0.08104738154613467
3 0.4933712121212121 0.5685785536159601 0.32196969696969696 0.059850374064837904
3 0.4678030303030303 0.6302992518703242 0.3428030303030303 0.0685785536159601