1 0.5009469696969697 0.35473815461346636 0.4810606060606061 0.0798004987531172
1 0.5142045454545454 0.6913965087281796 0.2916666666666667 0.03740648379052369
2 0.5179924242424242 0.428927680798005 0.4412878787878788 0.032418952618453865
2 0.5293560606060606 0.4625935162094763 0.4185606060606061 0.0399002493765586
2 0.5198863636363636 0.4975062344139651 0.3693181818181818 0.032418952618453865
2 0.5303030303030303 0.6028678304239401 0.35984848484848486 0.043640897755610975
2 0.5388257575757576 0.6608478802992519 0.3409090909090909 0.03740648379052369
2 0.5549242424242424 0.7250623441396509 0.3143939393939394 0.03740648379052369
0 0.5227272727272727 0.5386533665835411 0.4053030303030303 0.04114713216957606
3 0.5170454545454546 0.5673316708229427 0.32386363636363635 0.02743142144638404
3 0.5132575757575758 0.6321695760598504 0.3428030303030303 0.03366583541147132