1 0.5084469696969697 0.354713216957606 0.4778598484848485 0.06911471321695754
1 0.5039393939393939 0.6916084788029925 0.2910795454545454 0.030822942643391554
2 0.5222159090909091 0.42928927680798007 0.44090909090909086 0.022007481296758075
2 0.531439393939394 0.46354114713216954 0.41642045454545457 0.030673316708229453
2 0.5200757575757576 0.49788029925187033 0.36842803030303023 0.024526184538653316
2 0.5251325757575758 0.603216957605985 0.3583333333333334 0.0360224438902743
2 0.5306818181818181 0.6615835411471322 0.3391477272727273 0.029725685785536058
2 0.5428030303030303 0.725922693266833 0.3128787878787879 0.03007481296758091
0 0.5203219696969698 0.5390399002493765 0.4042992424242425 0.03134663341645884
3 0.5136363636363637 0.5679675810473815 0.3227272727272727 0.020049875311720748
3 0.5065719696969697 0.63214463840399 0.3409090909090909 0.02605985037406488