1 0.4933712121212121 0.35473815461346636 0.48484848484848486 0.09102244389027432
1 0.5246212121212122 0.6907730673316709 0.2935606060606061 0.043640897755610975
2 0.5142045454545454 0.42830423940149626 0.4412878787878788 0.04239401496259352
2 0.5274621212121212 0.4619700748129676 0.4185606060606061 0.04987531172069826
2 0.5198863636363636 0.49688279301745636 0.3693181818181818 0.04114713216957606
2 0.5359848484848485 0.6016209476309227 0.36174242424242425 0.05236907730673317
2 0.5473484848484849 0.6596009975062345 0.3409090909090909 0.04488778054862843
2 0.5662878787878788 0.7231920199501247 0.3143939393939394 0.04488778054862843
0 0.5246212121212122 0.5380299251870324 0.4071969696969697 0.04987531172069826
3 0.5208333333333334 0.5673316708229427 0.32386363636363635 0.034912718204488775
3 0.5208333333333334 0.6315461346633416 0.3428030303030303 0.04114713216957606