1 0.5426136363636364 0.35723192019950123 0.48863636363636365 0.1172069825436409
1 0.4583333333333333 0.6895261845386533 0.29545454545454547 0.059850374064837904
2 0.5388257575757576 0.43266832917705733 0.4412878787878788 0.06733167082294264
2 0.5397727272727273 0.4669576059850374 0.4185606060606061 0.07356608478802992
2 0.5198863636363636 0.5 0.3693181818181818 0.06234413965087282
2 0.5 0.6047381546134664 0.36174242424242425 0.07231920199501247
2 0.4914772727272727 0.662718204488778 0.3428030303030303 0.06483790523690773
2 0.48863636363636365 0.7275561097256857 0.3162878787878788 0.06234413965087282
0 0.5104166666666666 0.5405236907730673 0.4071969696969697 0.07231920199501247
3 0.4971590909090909 0.5685785536159601 0.32386363636363635 0.05361596009975062
3 0.4753787878787879 0.6309226932668329 0.3428030303030303 0.06109725685785536