3 0.6293375394321766 0.01982651796778191 0.47318611987381703 0.027261462205700124
3 0.6214511041009464 0.04275092936802974 0.42586750788643535 0.023543990086741014
3 0.6167192429022083 0.06257744733581165 0.39747634069400634 0.021065675340768277
3 0.6214511041009464 0.1325898389095415 0.416403785488959 0.022304832713754646
3 0.6230283911671924 0.15179677819083023 0.3753943217665615 0.022304832713754646
3 0.6561514195583596 0.7242874845105328 0.35646687697160884 0.021065675340768277
3 0.6561514195583596 0.7434944237918215 0.3438485804416404 0.023543990086741014
3 0.6514195583596214 0.7657992565055762 0.3280757097791798 0.01734820322180917
3 0.668769716088328 0.7812887236679058 0.3753943217665615 0.023543990086741014
3 0.668769716088328 0.8060718711276332 0.3438485804416404 0.01734820322180917
3 0.6735015772870663 0.8246592317224287 0.3186119873817035 0.0161090458488228
2 0.6198738170347003 0.08798017348203221 0.41009463722397477 0.024783147459727387
2 0.6167192429022083 0.10966542750929369 0.38801261829652994 0.023543990086741014
2 0.6293375394321766 0.17472118959107807 0.41009463722397477 0.024783147459727387
2 0.6309148264984227 0.19578686493184635 0.4227129337539432 0.026022304832713755
2 0.6451104100946372 0.21623296158612143 0.38170347003154576 0.023543990086741014
2 0.6324921135646687 0.2379182156133829 0.38801261829652994 0.030978934324659233
2 0.6340694006309149 0.258364312267658 0.3753943217665615 0.026022304832713755
2 0.6340694006309149 0.28004956629491945 0.3943217665615142 0.024783147459727387
2 0.6324921135646687 0.30793060718711274 0.3911671924290221 0.023543990086741014
2 0.6261829652996845 0.3228004956629492 0.40063091482649843 0.024783147459727387
2 0.6277602523659306 0.3475836431226766 0.3943217665615142 0.028500619578686492
2 0.6340694006309149 0.3705080545229244 0.39747634069400634 0.022304832713754646
2 0.6246056782334385 0.38847583643122674 0.41324921135646686 0.024783147459727387
2 0.6309148264984227 0.40954151177199505 0.3943217665615142 0.024783147459727387
2 0.6277602523659306 0.4306071871127633 0.39747634069400634 0.026022304832713755
2 0.6293375394321766 0.4510532837670384 0.40063091482649843 0.022304832713754646
2 0.6309148264984227 0.4739776951672863 0.3943217665615142 0.01982651796778191
2 0.6593059936908517 0.5384138785625775 0.35962145110410093 0.01858736059479554
2 0.668769716088328 0.5582403965303594 0.3753943217665615 0.01858736059479554
2 0.6640378548895899 0.5780669144981413 0.334384858044164 0.01982651796778191
2 0.6703470031545742 0.6003717472118959 0.3312302839116719 0.021065675340768277
2 0.6829652996845426 0.6201982651796778 0.34069400630914826 0.01982651796778191
2 0.6861198738170347 0.6394052044609665 0.3470031545741325 0.01734820322180917
2 0.6813880126182965 0.6579925650557621 0.3627760252365931 0.022304832713754646
2 0.6876971608832808 0.6802973977695167 0.34069400630914826 0.01858736059479554
2 0.668769716088328 0.6995043370508055 0.35331230283911674 0.01858736059479554
2 0.6719242902208202 0.8469640644361834 0.30914826498422715 0.0161090458488228
2 0.6624605678233438 0.8680297397769516 0.305993690851735 0.0161090458488228
2 0.6608832807570978 0.8872366790582404 0.35331230283911674 0.01734820322180917
2 0.6640378548895899 0.909541511771995 0.3028391167192429 0.01858736059479554
2 0.668769716088328 0.9281288723667905 0.3627760252365931 0.01858736059479554
2 0.6640378548895899 0.9479553903345725 0.28391167192429023 0.01982651796778191
2 0.23659305993690852 0.8339529120198265 0.4069400630914827 0.07063197026022305
2 0.21608832807570977 0.8804213135068154 0.35331230283911674 0.026022304832713755
2 0.20031545741324921 0.9033457249070632 0.3312302839116719 0.01858736059479554
2 0.19085173501577288 0.9213135068153655 0.305993690851735 0.0161090458488228
2 0.3359621451104101 0.9330855018587361 0.1640378548895899 0.01982651796778191
2 0.09779179810725552 0.9417596034696406 0.11041009463722397 0.01858736059479554
3 0.6261829652996845 0.4913258983890954 0.38485804416403785 0.013630731102850062
0 0.668769716088328 0.9745972738537795 0.35962145110410093 0.023543990086741014