3 0.2444794952681388 0.027881040892193308 0.47318611987381703 0.03345724907063197
3 0.2586750788643533 0.05018587360594796 0.42586750788643535 0.02973977695167286
3 0.2665615141955836 0.07001239157372986 0.39747634069400634 0.026022304832713755
3 0.2807570977917981 0.13940520446096655 0.416403785488959 0.027261462205700124
3 0.2854889589905363 0.15861214374225527 0.3753943217665615 0.027261462205700124
3 0.4037854889589905 0.7298636926889716 0.35646687697160884 0.026022304832713755
3 0.41009463722397477 0.748451053283767 0.3470031545741325 0.027261462205700124
3 0.42113564668769715 0.7701363073110284 0.3280757097791798 0.022304832713754646
3 0.4069400630914827 0.7868649318463445 0.3785488958990536 0.028500619578686492
3 0.4148264984227129 0.8110285006195787 0.3438485804416404 0.022304832713754646
3 0.4148264984227129 0.8296158612143743 0.3217665615141956 0.021065675340768277
2 0.27129337539432175 0.09479553903345725 0.41009463722397477 0.030978934324659233
2 0.2807570977917981 0.11648079306071871 0.38801261829652994 0.028500619578686492
2 0.28391167192429023 0.1815365551425031 0.41324921135646686 0.030978934324659233
2 0.2886435331230284 0.20260223048327136 0.4227129337539432 0.030978934324659233
2 0.27917981072555204 0.22366790582403964 0.38485804416403785 0.028500619578686492
2 0.2981072555205047 0.24473358116480792 0.38801261829652994 0.03593556381660471
2 0.3028391167192429 0.265179677819083 0.3753943217665615 0.030978934324659233
2 0.30914826498422715 0.2868649318463445 0.3943217665615142 0.02973977695167286
2 0.31703470031545744 0.3141263940520446 0.3911671924290221 0.028500619578686492
2 0.3264984227129338 0.32899628252788105 0.4037854889589905 0.02973977695167286
2 0.3312302839116719 0.35315985130111527 0.39747634069400634 0.03345724907063197
2 0.3312302839116719 0.37670384138785623 0.39747634069400634 0.028500619578686492
2 0.34542586750788645 0.3940520446096654 0.41324921135646686 0.030978934324659233
2 0.34542586750788645 0.41511771995043373 0.3943217665615142 0.030978934324659233
2 0.35331230283911674 0.436183395291202 0.39747634069400634 0.0322180916976456
2 0.3580441640378549 0.4566294919454771 0.40063091482649843 0.027261462205700124
2 0.3627760252365931 0.47893432465923175 0.3943217665615142 0.024783147459727387
2 0.35173501577287064 0.5446096654275093 0.35962145110410093 0.023543990086741014
2 0.3470031545741325 0.5650557620817844 0.3753943217665615 0.024783147459727387
2 0.3580441640378549 0.5842627013630731 0.334384858044164 0.023543990086741014
2 0.3580441640378549 0.6065675340768277 0.334384858044164 0.024783147459727387
2 0.3501577287066246 0.6270136307311028 0.3438485804416404 0.024783147459727387
2 0.35173501577287064 0.6462205700123915 0.3470031545741325 0.022304832713754646
2 0.3627760252365931 0.6641883519206939 0.3627760252365931 0.027261462205700124
2 0.361198738170347 0.6871127633209417 0.3438485804416404 0.023543990086741014
2 0.38485804416403785 0.7050805452292441 0.35331230283911674 0.022304832713754646
2 0.42113564668769715 0.8519206939281289 0.30914826498422715 0.021065675340768277
2 0.43690851735015773 0.8729863692688972 0.30914826498422715 0.01982651796778191
2 0.443217665615142 0.8915737298636927 0.35331230283911674 0.022304832713754646
2 0.444794952681388 0.9138785625774474 0.3028391167192429 0.023543990086741014
2 0.44637223974763407 0.9324659231722429 0.3659305993690852 0.023543990086741014
2 0.4558359621451104 0.9522924411400248 0.28391167192429023 0.023543990086741014
2 0.8217665615141956 0.8209417596034696 0.35646687697160884 0.07558859975216853
2 0.8533123028391167 0.8667905824039653 0.29337539432176657 0.030978934324659233
2 0.8690851735015773 0.88909541511772 0.2618296529968454 0.023543990086741014
2 0.8817034700315457 0.9064436183395291 0.23659305993690852 0.021065675340768277
2 0.7791798107255521 0.9237918215613383 0.1640378548895899 0.022304832713754646
2 0.9810725552050473 0.9231722428748451 0.03785488958990536 0.01982651796778191
3 0.3722397476340694 0.4962825278810409 0.38485804416403785 0.01858736059479554
0 0.4589905362776025 0.9789343246592317 0.3627760252365931 0.028500619578686492