3 0.5144787644787645 0.040097205346294046 0.5231660231660231 0.08019441069258809
3 0.5308880308880309 0.07837181044957472 0.5173745173745173 0.09720534629404617
3 0.5395752895752896 0.12454434993924667 0.5366795366795367 0.09963547995139732
3 0.553088803088803 0.16889428918590524 0.5212355212355212 0.09356014580801944
3 0.5579150579150579 0.21445929526123936 0.5347490347490348 0.0959902794653706
3 0.5685328185328186 0.2551640340218712 0.5212355212355212 0.09720534629404617
3 0.5926640926640927 0.29465370595382745 0.49034749034749037 0.09356014580801944
3 0.5916988416988417 0.33839611178614826 0.47876447876447875 0.0911300121506683
3 0.5926640926640927 0.38092345078979345 0.4671814671814672 0.08869987849331713
3 0.6071428571428571 0.4161603888213852 0.42084942084942084 0.07533414337788578
3 0.6274131274131274 0.4489671931956258 0.3803088803088803 0.08262454434993925
3 0.6177606177606177 0.4890643985419198 0.3803088803088803 0.0692588092345079
3 0.6515444015444015 0.5182260024301336 0.41505791505791506 0.07168894289185905
3 0.6312741312741312 0.560145808019441 0.4555984555984556 0.08262454434993925
3 0.6525096525096525 0.5978128797083839 0.40733590733590735 0.07047387606318348
3 0.668918918918919 0.6300121506682868 0.37258687258687256 0.07533414337788578
3 0.666023166023166 0.6701093560145808 0.3416988416988417 0.061968408262454436
3 0.6833976833976834 0.6974483596597812 0.4111969111969112 0.0850546780072904
3 0.6737451737451737 0.7345078979343864 0.39575289575289574 0.06682867557715674
3 0.693050193050193 0.7624544349939246 0.3590733590733591 0.06682867557715674
3 0.6882239382239382 0.804374240583232 0.4092664092664093 0.06804374240583232
2 0.20656370656370657 0.40643985419198053 0.21235521235521235 0.060753341433778855
2 0.22586872586872586 0.43924665856622114 0.222007722007722 0.05224787363304982
2 0.2413127413127413 0.47083839611178613 0.1891891891891892 0.046172539489671933
2 0.23938223938223938 0.5018226002430134 0.19305019305019305 0.04374240583232078
2 0.2413127413127413 0.5297691373025516 0.2084942084942085 0.04495747266099635
2 0.25386100386100385 0.5583232077764277 0.17953667953667954 0.04738760631834751
2 0.25965250965250963 0.586269744835966 0.17953667953667954 0.0425273390036452
2 0.26544401544401547 0.6087484811664642 0.1776061776061776 0.05224787363304982
2 0.28185328185328185 0.6385176184690158 0.1718146718146718 0.04374240583232078
2 0.2972972972972973 0.6628189550425273 0.21428571428571427 0.04374240583232078
2 0.2905405405405405 0.6883353584447145 0.17953667953667954 0.041312272174969626
2 0.305019305019305 0.7193195625759417 0.18725868725868725 0.053462940461725394