3 0.2277992277992278 0.07168894289185905 0.4555984555984556 0.11421628189550426
3 0.2335907335907336 0.11968408262454434 0.4671814671814672 0.11300121506682867
3 0.24903474903474904 0.16403402187120292 0.4980694980694981 0.1166464155528554
3 0.2519305019305019 0.20838396111786148 0.5038610038610039 0.11057108140947752
3 0.2702702702702703 0.2515188335358445 0.5328185328185329 0.11300121506682867
3 0.28474903474903474 0.2916160388821385 0.5193050193050193 0.11300121506682867
3 0.28667953667953666 0.33414337788578374 0.49034749034749037 0.10935601458080195
3 0.3156370656370656 0.37363304981774 0.4768339768339768 0.10571081409477522
3 0.3407335907335907 0.4131227217496962 0.4671814671814672 0.10328068043742406
3 0.3484555984555985 0.4489671931956258 0.4189189189189189 0.08748481166464156
3 0.35135135135135137 0.4842041312272175 0.3803088803088803 0.09477521263669501
3 0.38513513513513514 0.5188335358444714 0.3803088803088803 0.08140947752126367
3 0.3716216216216216 0.5540704738760632 0.41312741312741313 0.0850546780072904
3 0.416988416988417 0.5880923450789793 0.45366795366795365 0.09720534629404617
3 0.4198841698841699 0.6275820170109356 0.40540540540540543 0.08383961117861483
3 0.42567567567567566 0.660996354799514 0.37258687258687256 0.08748481166464156
3 0.45366795366795365 0.6974483596597812 0.33976833976833976 0.07290400972053462
3 0.45366795366795365 0.727217496962333 0.4111969111969112 0.09842041312272175
3 0.4855212355212355 0.7582017010935601 0.3938223938223938 0.07897934386391252
3 0.4855212355212355 0.7891859052247874 0.3590733590733591 0.07776427703523693
3 0.5154440154440154 0.8268529769137303 0.40540540540540543 0.08140947752126367
2 0.7123552123552124 0.34143377885783716 0.21428571428571427 0.06682867557715674
2 0.7152509652509652 0.37667071688942894 0.22393822393822393 0.05953827460510328
2 0.7200772200772201 0.4094775212636695 0.1891891891891892 0.05103280680437424
2 0.7413127413127413 0.4374240583232078 0.19305019305019305 0.04981773997569866
2 0.7567567567567568 0.46354799513973266 0.20656370656370657 0.05224787363304982
2 0.7625482625482626 0.49270959902794653 0.17953667953667954 0.053462940461725394
2 0.775096525096525 0.520048602673147 0.17953667953667954 0.04738760631834751
2 0.7837837837837838 0.5425273390036452 0.1776061776061776 0.05710814094775213
2 0.7866795366795367 0.5735115431348724 0.1718146718146718 0.04981773997569866
2 0.7876447876447876 0.6002430133657352 0.21235521235521235 0.04981773997569866
2 0.8098455598455598 0.6221142162818954 0.17953667953667954 0.04738760631834751
2 0.8156370656370656 0.6543134872417983 0.18725868725868725 0.05953827460510328