3 0.752895752895753 0.06318347509113001 0.4942084942084942 0.09720534629404617
3 0.749034749034749 0.11057108140947752 0.5019305019305019 0.09720534629404617
3 0.7364864864864865 0.15552855407047386 0.527027027027027 0.09963547995139732
3 0.7297297297297297 0.20048602673147023 0.5212355212355212 0.09356014580801944
3 0.7094594594594594 0.244228432563791 0.5347490347490348 0.0959902794653706
3 0.6978764478764479 0.284325637910085 0.5212355212355212 0.09720534629404617
3 0.6988416988416989 0.3268529769137303 0.49034749034749037 0.09356014580801944
3 0.6737451737451737 0.3675577156743621 0.47876447876447875 0.0911300121506683
3 0.6515444015444015 0.40765492102065615 0.4671814671814672 0.08869987849331713
3 0.6467181467181468 0.44410692588092343 0.42084942084942084 0.07533414337788578
3 0.6467181467181468 0.4793438639125152 0.3803088803088803 0.08262454434993925
3 0.6167953667953668 0.5151883353584447 0.3803088803088803 0.0692588092345079
3 0.6332046332046332 0.5498177399756987 0.41505791505791506 0.07168894289185905
3 0.5907335907335908 0.5850546780072904 0.4555984555984556 0.08262454434993925
3 0.5897683397683398 0.6245443499392467 0.40733590733590735 0.07047387606318348
3 0.5878378378378378 0.6585662211421628 0.37258687258687256 0.07533414337788578
3 0.5627413127413128 0.695625759416768 0.3416988416988417 0.061968408262454436
3 0.5656370656370656 0.7253948967193196 0.4111969111969112 0.0850546780072904
3 0.5357142857142857 0.7575941676792224 0.39575289575289574 0.06682867557715674
3 0.5386100386100386 0.7885783718104495 0.3590733590733591 0.06682867557715674
3 0.5115830115830116 0.8268529769137303 0.4092664092664093 0.06804374240583232
2 0.2750965250965251 0.3487241798298906 0.21235521235521235 0.060753341433778855
2 0.2750965250965251 0.38335358444714457 0.222007722007722 0.05224787363304982
2 0.2722007722007722 0.41676792223572295 0.1891891891891892 0.046172539489671933
2 0.25386100386100385 0.4459295261239368 0.19305019305019305 0.04374240583232078
2 0.24034749034749034 0.47205346294046174 0.2084942084942085 0.04495747266099635
2 0.23745173745173745 0.5018226002430134 0.17953667953667954 0.04738760631834751
2 0.22683397683397682 0.5291616038882139 0.17953667953667954 0.0425273390036452
2 0.22007722007722008 0.551640340218712 0.1776061776061776 0.05224787363304982
2 0.22007722007722008 0.583232077764277 0.1718146718146718 0.04374240583232078
2 0.22104247104247104 0.6093560145808019 0.21428571428571427 0.04374240583232078
2 0.20077220077220076 0.6324422843256379 0.17953667953667954 0.041312272174969626
2 0.19787644787644787 0.6646415552855407 0.18725868725868725 0.053462940461725394