3 0.29343629343629346 0.04981773997569866 0.5231660231660231 0.0692588092345079
3 0.2972972972972973 0.09781287970838397 0.5173745173745173 0.0692588092345079
3 0.30694980694980695 0.14398541919805588 0.5366795366795367 0.07168894289185905
3 0.3127413127413127 0.18894289185905225 0.5231660231660231 0.06561360874848117
3 0.32722007722007723 0.2332928311057108 0.5366795366795367 0.06682867557715674
3 0.333011583011583 0.27460510328068044 0.5231660231660231 0.0692588092345079
3 0.32625482625482627 0.31713244228432563 0.49034749034749037 0.06804374240583232
3 0.34459459459459457 0.35905224787363305 0.47876447876447875 0.06561360874848117
3 0.36196911196911197 0.3997569866342649 0.4671814671814672 0.06318347509113001
3 0.36196911196911197 0.4362089914945322 0.42084942084942084 0.05224787363304982
3 0.3561776061776062 0.47144592952612396 0.3783783783783784 0.06318347509113001
3 0.38223938223938225 0.508505467800729 0.38223938223938225 0.04860267314702309
3 0.361003861003861 0.5419198055893074 0.41505791505791506 0.04981773997569866
3 0.39768339768339767 0.5795868772782503 0.4575289575289575 0.0583232077764277
3 0.39285714285714285 0.6190765492102066 0.4092664092664093 0.04860267314702309
3 0.3909266409266409 0.6530984204131227 0.37258687258687256 0.05589307411907655
3 0.41023166023166024 0.6913730255164034 0.3416988416988417 0.04374240583232078
3 0.4034749034749035 0.7205346294046172 0.4092664092664093 0.06439854191980558
3 0.42857142857142855 0.7545565006075334 0.39575289575289574 0.046172539489671933
3 0.4218146718146718 0.7849331713244229 0.361003861003861 0.04738760631834751
3 0.44305019305019305 0.8250303766707169 0.4092664092664093 0.046172539489671933
2 0.7451737451737451 0.362089914945322 0.21042471042471042 0.04981773997569866
2 0.7403474903474904 0.39671931956257594 0.222007722007722 0.041312272174969626
2 0.7384169884169884 0.42952612393681655 0.18725868725868725 0.03645200486026731
2 0.752895752895753 0.45929526123936815 0.19305019305019305 0.03402187120291616
2 0.7625482625482626 0.4866342648845686 0.20656370656370657 0.03402187120291616
2 0.7615830115830116 0.5157958687727825 0.1776061776061776 0.038882138517618466
2 0.7673745173745173 0.5437424058323208 0.1776061776061776 0.032806804374240585
2 0.7712355212355212 0.5668286755771568 0.17374517374517376 0.04374240583232078
2 0.7673745173745173 0.5984204131227218 0.16988416988416988 0.03523693803159174
2 0.7625482625482626 0.6245443499392467 0.21235521235521235 0.032806804374240585
2 0.7799227799227799 0.6482381530984204 0.17953667953667954 0.031591737545565005
2 0.778957528957529 0.6804374240583232 0.18532818532818532 0.04495747266099635