3 0.305984555984556 0.0479951397326853 0.5231660231660231 0.06439854191980558
3 0.3088803088803089 0.0959902794653706 0.5173745173745173 0.06318347509113001
3 0.31756756756756754 0.1421628189550425 0.5366795366795367 0.06561360874848117
3 0.32142857142857145 0.1865127582017011 0.5212355212355212 0.060753341433778855
3 0.333976833976834 0.23147023086269744 0.5366795366795367 0.061968408262454436
3 0.3388030888030888 0.27278250303766705 0.5212355212355212 0.06439854191980558
3 0.3310810810810811 0.31470230862697446 0.49034749034749037 0.06318347509113001
3 0.34942084942084944 0.3572296476306197 0.47876447876447875 0.060753341433778855
3 0.36486486486486486 0.3985419198055893 0.4671814671814672 0.0583232077764277
3 0.36293436293436293 0.4349939246658566 0.42084942084942084 0.04738760631834751
3 0.35714285714285715 0.47023086269744835 0.3783783783783784 0.0583232077764277
3 0.3812741312741313 0.5072904009720535 0.3803088803088803 0.04495747266099635
3 0.3590733590733591 0.5407047387606319 0.41505791505791506 0.04495747266099635
3 0.39575289575289574 0.5783718104495748 0.4575289575289575 0.053462940461725394
3 0.38996138996138996 0.6178614823815309 0.40733590733590735 0.04495747266099635
3 0.3861003861003861 0.6518833535844472 0.37065637065637064 0.05224787363304982
3 0.40444015444015446 0.6901579586877278 0.3416988416988417 0.040097205346294046
3 0.39768339768339767 0.7199270959902795 0.4092664092664093 0.05953827460510328
3 0.42084942084942084 0.7539489671931956 0.39575289575289574 0.041312272174969626
3 0.41312741312741313 0.784325637910085 0.3590733590733591 0.04374240583232078
3 0.4343629343629344 0.824422843256379 0.4092664092664093 0.0425273390036452
2 0.749034749034749 0.3645200486026732 0.2084942084942085 0.04738760631834751
2 0.7432432432432432 0.3991494532199271 0.22007722007722008 0.038882138517618466
2 0.7403474903474904 0.43195625759416767 0.18725868725868725 0.03402187120291616
2 0.7538610038610039 0.4623329283110571 0.19111969111969113 0.031591737545565005
2 0.7625482625482626 0.4896719319562576 0.20656370656370657 0.032806804374240585
2 0.7606177606177607 0.5188335358444714 0.17567567567567569 0.03645200486026731
2 0.7664092664092664 0.5467800729040098 0.1776061776061776 0.031591737545565005
2 0.7693050193050193 0.5698663426488457 0.17374517374517376 0.041312272174969626
2 0.7654440154440154 0.6008505467800729 0.16988416988416988 0.03402187120291616
2 0.7586872586872587 0.6269744835965978 0.21235521235521235 0.030376670716889428
2 0.775096525096525 0.6512758201701093 0.1776061776061776 0.030376670716889428
2 0.7731660231660231 0.6834750911300121 0.1833976833976834 0.0425273390036452