3 0.7065637065637066 0.04981773997569866 0.5231660231660231 0.0692588092345079
3 0.7027027027027027 0.09781287970838397 0.5173745173745173 0.0692588092345079
3 0.693050193050193 0.14398541919805588 0.5366795366795367 0.07168894289185905
3 0.6872586872586872 0.18894289185905225 0.5231660231660231 0.06561360874848117
3 0.6727799227799228 0.2332928311057108 0.5366795366795367 0.06682867557715674
3 0.666988416988417 0.27460510328068044 0.5231660231660231 0.0692588092345079
3 0.6737451737451737 0.31713244228432563 0.49034749034749037 0.06804374240583232
3 0.6554054054054054 0.35905224787363305 0.47876447876447875 0.06561360874848117
3 0.638030888030888 0.3997569866342649 0.4671814671814672 0.06318347509113001
3 0.638030888030888 0.4362089914945322 0.42084942084942084 0.05224787363304982
3 0.6438223938223938 0.47144592952612396 0.3783783783783784 0.06318347509113001
3 0.6177606177606177 0.508505467800729 0.38223938223938225 0.04860267314702309
3 0.638996138996139 0.5419198055893074 0.41505791505791506 0.04981773997569866
3 0.6023166023166023 0.5795868772782503 0.4575289575289575 0.0583232077764277
3 0.6071428571428571 0.6190765492102066 0.4092664092664093 0.04860267314702309
3 0.609073359073359 0.6530984204131227 0.37258687258687256 0.05589307411907655
3 0.5897683397683398 0.6913730255164034 0.3416988416988417 0.04374240583232078
3 0.5965250965250966 0.7205346294046172 0.4092664092664093 0.06439854191980558
3 0.5714285714285714 0.7545565006075334 0.39575289575289574 0.046172539489671933
3 0.5781853281853282 0.7849331713244229 0.361003861003861 0.04738760631834751
3 0.556949806949807 0.8250303766707169 0.4092664092664093 0.046172539489671933
2 0.2548262548262548 0.362089914945322 0.21042471042471042 0.04981773997569866
2 0.25965250965250963 0.39671931956257594 0.222007722007722 0.041312272174969626
2 0.26158301158301156 0.42952612393681655 0.18725868725868725 0.03645200486026731
2 0.2471042471042471 0.45929526123936815 0.19305019305019305 0.03402187120291616
2 0.23745173745173745 0.4866342648845686 0.20656370656370657 0.03402187120291616
2 0.2384169884169884 0.5157958687727825 0.1776061776061776 0.038882138517618466
2 0.23262548262548263 0.5437424058323208 0.1776061776061776 0.032806804374240585
2 0.22876447876447875 0.5668286755771568 0.17374517374517376 0.04374240583232078
2 0.23262548262548263 0.5984204131227218 0.16988416988416988 0.03523693803159174
2 0.23745173745173745 0.6245443499392467 0.21235521235521235 0.032806804374240585
2 0.22007722007722008 0.6482381530984204 0.17953667953667954 0.031591737545565005
2 0.22104247104247104 0.6804374240583232 0.18532818532818532 0.04495747266099635