3 0.71875 0.48072916666666665 0.2652777777777778 0.026041666666666668
3 0.7229166666666667 0.50546875 0.22847222222222222 0.023958333333333335
3 0.7246527777777778 0.5302083333333333 0.2048611111111111 0.019270833333333334
3 0.7232638888888889 0.55234375 0.1951388888888889 0.017708333333333333
3 0.7072916666666667 0.5713541666666667 0.2013888888888889 0.0203125
3 0.7159722222222222 0.5911458333333334 0.18541666666666667 0.019270833333333334
0 0.7232638888888889 0.36640625 0.3076388888888889 0.024479166666666666
0 0.7208333333333333 0.39114583333333336 0.3013888888888889 0.024479166666666666
0 0.721875 0.41354166666666664 0.2986111111111111 0.0265625
0 0.7180555555555556 0.43828125 0.3013888888888889 0.03333333333333333
2 0.7138888888888889 0.6158854166666666 0.26944444444444443 0.021875
2 0.7253472222222223 0.6364583333333333 0.23194444444444445 0.020833333333333332
2 0.7184027777777777 0.6606770833333333 0.2125 0.021875
2 0.7260416666666667 0.6846354166666667 0.19652777777777777 0.019791666666666666
2 0.7277777777777777 0.7088541666666667 0.1763888888888889 0.016145833333333335
2 0.7121527777777777 0.7260416666666667 0.1763888888888889 0.016145833333333335
2 0.7166666666666667 0.7494791666666667 0.17430555555555555 0.018229166666666668
2 0.7201388888888889 0.76953125 0.13333333333333333 0.017708333333333333
2 0.7239583333333334 0.7859375 0.16041666666666668 0.015625
1 0.7194444444444444 0.80546875 0.19652777777777777 0.025
1 0.7319444444444444 0.82890625 0.17777777777777778 0.014583333333333334
1 0.7270833333333333 0.8473958333333333 0.17916666666666667 0.019791666666666666
1 0.7295138888888889 0.8705729166666667 0.1451388888888889 0.021875