3 0.7194444444444444 0.48359375 0.2652777777777778 0.0296875
3 0.7229166666666667 0.5083333333333333 0.22916666666666666 0.027083333333333334
3 0.7239583333333334 0.5333333333333333 0.2048611111111111 0.021875
3 0.7222222222222222 0.5552083333333333 0.1951388888888889 0.0203125
3 0.7055555555555556 0.5739583333333333 0.2013888888888889 0.022916666666666665
3 0.7135416666666666 0.59375 0.18611111111111112 0.021875
0 0.7263888888888889 0.3692708333333333 0.3076388888888889 0.028125
0 0.7232638888888889 0.39401041666666664 0.3020833333333333 0.028645833333333332
0 0.7236111111111111 0.41640625 0.2986111111111111 0.030729166666666665
0 0.7194444444444444 0.44114583333333335 0.3020833333333333 0.0375
2 0.7111111111111111 0.61875 0.2701388888888889 0.025
2 0.721875 0.6393229166666666 0.23194444444444445 0.0234375
2 0.7145833333333333 0.6635416666666667 0.21319444444444444 0.024479166666666666
2 0.721875 0.6875 0.19652777777777777 0.022395833333333334
2 0.7229166666666667 0.71171875 0.17708333333333334 0.018229166666666668
2 0.7069444444444445 0.72890625 0.17708333333333334 0.018229166666666668
2 0.7107638888888889 0.75234375 0.17430555555555555 0.0203125
2 0.7138888888888889 0.7721354166666666 0.13402777777777777 0.019270833333333334
2 0.7173611111111111 0.7888020833333333 0.16041666666666668 0.017708333333333333
1 0.7125 0.8083333333333333 0.19652777777777777 0.027604166666666666
1 0.7243055555555555 0.83203125 0.17777777777777778 0.016666666666666666
1 0.71875 0.8505208333333333 0.1798611111111111 0.021875
1 0.7208333333333333 0.8734375 0.14583333333333334 0.0234375