3 0.7184027777777777 0.4778645833333333 0.26458333333333334 0.022395833333333334
3 0.7232638888888889 0.5026041666666666 0.22777777777777777 0.020833333333333332
3 0.7253472222222223 0.52734375 0.20416666666666666 0.016666666666666666
3 0.7246527777777778 0.5494791666666666 0.19444444444444445 0.015104166666666667
3 0.7090277777777778 0.5684895833333333 0.20069444444444445 0.017708333333333333
3 0.7180555555555556 0.58828125 0.18541666666666667 0.0171875
0 0.7201388888888889 0.36354166666666665 0.30694444444444446 0.0203125
0 0.7180555555555556 0.38828125 0.30069444444444443 0.020833333333333332
0 0.7197916666666667 0.41067708333333336 0.29791666666666666 0.022916666666666665
0 0.7163194444444444 0.4354166666666667 0.30069444444444443 0.0296875
2 0.7163194444444444 0.6130208333333333 0.26944444444444443 0.018229166666666668
2 0.7284722222222222 0.6333333333333333 0.23125 0.017708333333333333
2 0.7222222222222222 0.6578125 0.21180555555555555 0.01875
2 0.7302083333333333 0.6815104166666667 0.19583333333333333 0.0171875
2 0.7326388888888888 0.7057291666666666 0.1763888888888889 0.013541666666666667
2 0.7173611111111111 0.7231770833333333 0.1763888888888889 0.013541666666666667
2 0.7222222222222222 0.7466145833333333 0.17430555555555555 0.016145833333333335
2 0.7263888888888889 0.76640625 0.13333333333333333 0.015625
2 0.7305555555555555 0.7828125 0.16041666666666668 0.013541666666666667
1 0.7267361111111111 0.8026041666666667 0.19583333333333333 0.022395833333333334
1 0.7395833333333334 0.82578125 0.17708333333333334 0.0125
1 0.7350694444444444 0.84453125 0.17916666666666667 0.0171875
1 0.7381944444444445 0.8674479166666667 0.1451388888888889 0.019791666666666666