2 0.6447916666666667 0.53828125 0.39375 0.04739583333333333
2 0.6423611111111112 0.5895833333333333 0.3638888888888889 0.0421875
2 0.6375 0.6330729166666667 0.29930555555555555 0.033854166666666664
2 0.6447916666666667 0.7729166666666667 0.2833333333333333 0.0328125
2 0.6402777777777777 0.8013020833333333 0.24791666666666667 0.029166666666666667
2 0.6458333333333334 0.8723958333333334 0.2513888888888889 0.03125
2 0.6621527777777778 0.9088541666666666 0.2673611111111111 0.035416666666666666
1 0.65625 0.66796875 0.25069444444444444 0.034375
1 0.6670138888888889 0.7421875 0.29583333333333334 0.03958333333333333
3 0.65625 0.7033854166666667 0.2833333333333333 0.036458333333333336
3 0.6430555555555556 0.8403645833333333 0.25069444444444444 0.036458333333333336