2 0.3625 0.5513020833333333 0.3951388888888889 0.0828125
2 0.3732638888888889 0.6020833333333333 0.3645833333333333 0.075
2 0.38506944444444446 0.6447916666666667 0.3 0.0609375
2 0.40069444444444446 0.7841145833333333 0.28402777777777777 0.0578125
2 0.4097222222222222 0.81171875 0.24861111111111112 0.0515625
2 0.415625 0.8828125 0.25277777777777777 0.05364583333333333
2 0.40555555555555556 0.9205729166666666 0.26875 0.059375
1 0.37222222222222223 0.6809895833333334 0.2520833333333333 0.05677083333333333
1 0.3736111111111111 0.7557291666666667 0.2972222222222222 0.06614583333333333
3 0.37777777777777777 0.7161458333333334 0.2847222222222222 0.06197916666666667
3 0.41354166666666664 0.85078125 0.25277777777777777 0.058854166666666666