2 0.34652777777777777 0.5067708333333333 0.3923611111111111 0.10729166666666666
2 0.3302083333333333 0.5567708333333333 0.3625 0.09739583333333333
2 0.31875 0.5994791666666667 0.2972222222222222 0.07916666666666666
2 0.2604166666666667 0.7322916666666667 0.2826388888888889 0.07552083333333333
2 0.2545138888888889 0.7604166666666666 0.24722222222222223 0.06666666666666667
2 0.22291666666666668 0.8278645833333333 0.25069444444444444 0.06927083333333334
2 0.19409722222222223 0.859375 0.2673611111111111 0.07604166666666666
1 0.2878472222222222 0.6291666666666667 0.2513888888888889 0.07239583333333334
1 0.25069444444444444 0.6984375 0.29583333333333334 0.084375
3 0.275 0.66328125 0.2833333333333333 0.07916666666666666
3 0.2375 0.79765625 0.2513888888888889 0.07447916666666667