2 0.6527777777777778 0.5109375 0.39375 0.09791666666666667
2 0.6670138888888889 0.5611979166666666 0.3638888888888889 0.08854166666666667
2 0.6763888888888889 0.6041666666666666 0.2986111111111111 0.071875
2 0.7284722222222222 0.7385416666666667 0.2833333333333333 0.06875
2 0.7333333333333333 0.7669270833333334 0.24791666666666667 0.0609375
2 0.7614583333333333 0.8348958333333333 0.2520833333333333 0.06302083333333333
2 0.7892361111111111 0.8671875 0.26805555555555555 0.06927083333333334
1 0.7059027777777778 0.6346354166666667 0.2520833333333333 0.06614583333333333
1 0.7399305555555555 0.7046875 0.2965277777777778 0.07708333333333334
3 0.7173611111111111 0.6690104166666667 0.28402777777777777 0.07239583333333334
3 0.7482638888888888 0.8041666666666667 0.2520833333333333 0.06822916666666666