1 0.5517361111111111 0.27239583333333334 0.3993055555555556 0.0734375
1 0.5454861111111111 0.3572916666666667 0.41180555555555554 0.06979166666666667
1 0.5298611111111111 0.46536458333333336 0.375 0.06875
2 0.6 0.09921875 0.47430555555555554 0.09166666666666666
2 0.5979166666666667 0.1421875 0.44513888888888886 0.08125
2 0.59375 0.18802083333333333 0.4270833333333333 0.078125
2 0.5746527777777778 0.22760416666666666 0.3909722222222222 0.07864583333333333
2 0.5680555555555555 0.31536458333333334 0.4263888888888889 0.07239583333333334
0 0.5392361111111111 0.39114583333333336 0.4 0.07083333333333333
0 0.5385416666666667 0.4270833333333333 0.3854166666666667 0.06666666666666667
0 0.5229166666666667 0.4986979166666667 0.37222222222222223 0.059895833333333336
0 0.49895833333333334 0.5671875 0.3736111111111111 0.05572916666666667
3 0.5069444444444444 0.5330729166666667 0.3284722222222222 0.0546875
3 0.49236111111111114 0.6020833333333333 0.30069444444444443 0.057291666666666664
3 0.503125 0.6372395833333333 0.3194444444444444 0.05625
3 0.5013888888888889 0.6700520833333333 0.2923611111111111 0.05416666666666667
3 0.4986111111111111 0.70546875 0.26180555555555557 0.04791666666666667
3 0.4986111111111111 0.7296875 0.23125 0.041666666666666664
3 0.47673611111111114 0.7942708333333334 0.2743055555555556 0.04583333333333333
2 0.4888888888888889 0.7651041666666667 0.2388888888888889 0.042708333333333334
2 0.46944444444444444 0.82421875 0.22013888888888888 0.0359375
2 0.4597222222222222 0.85234375 0.21180555555555555 0.0390625
2 0.4618055555555556 0.88515625 0.19930555555555557 0.0390625