1 0.578125 0.2765625 0.39791666666666664 0.0984375
1 0.5618055555555556 0.3606770833333333 0.4097222222222222 0.09583333333333334
1 0.5336805555555556 0.4674479166666667 0.3736111111111111 0.09270833333333334
2 0.6461805555555555 0.10729166666666666 0.47291666666666665 0.12135416666666667
2 0.6388888888888888 0.15 0.44375 0.109375
2 0.6295138888888889 0.1953125 0.42569444444444443 0.1046875
2 0.60625 0.23333333333333334 0.3909722222222222 0.103125
2 0.5892361111111111 0.3203125 0.4236111111111111 0.09895833333333333
0 0.5517361111111111 0.39401041666666664 0.39791666666666664 0.09583333333333334
0 0.546875 0.4296875 0.38333333333333336 0.090625
0 0.5229166666666667 0.5002604166666667 0.3701388888888889 0.08385416666666666
0 0.4909722222222222 0.5669270833333333 0.37083333333333335 0.0796875
3 0.503125 0.5333333333333333 0.32708333333333334 0.075
3 0.48055555555555557 0.6013020833333333 0.29930555555555555 0.07604166666666666
3 0.48715277777777777 0.6369791666666667 0.31805555555555554 0.07604166666666666
3 0.48194444444444445 0.66953125 0.29097222222222224 0.07239583333333334
3 0.47465277777777776 0.7044270833333334 0.2611111111111111 0.06458333333333334
3 0.471875 0.7286458333333333 0.2298611111111111 0.05625
3 0.4423611111111111 0.7916666666666666 0.27291666666666664 0.06302083333333333
2 0.4583333333333333 0.76328125 0.2375 0.057291666666666664
2 0.43194444444444446 0.82109375 0.21875 0.049479166666666664
2 0.41875 0.8484375 0.2111111111111111 0.05260416666666667
2 0.4173611111111111 0.88125 0.19930555555555557 0.0515625