1 0.4965277777777778 0.26901041666666664 0.3972222222222222 0.04791666666666667
1 0.48506944444444444 0.3536458333333333 0.41041666666666665 0.043229166666666666
1 0.4777777777777778 0.4625 0.3736111111111111 0.04479166666666667
2 0.4847222222222222 0.09244791666666667 0.47152777777777777 0.06145833333333333
2 0.478125 0.13515625 0.44375 0.05260416666666667
2 0.47256944444444443 0.18072916666666666 0.42569444444444443 0.050520833333333334
2 0.4829861111111111 0.22213541666666667 0.3888888888888889 0.05364583333333333
2 0.47118055555555555 0.30963541666666666 0.425 0.04479166666666667
0 0.4840277777777778 0.38776041666666666 0.39861111111111114 0.04479166666666667
0 0.47708333333333336 0.4234375 0.3840277777777778 0.041666666666666664
0 0.4774305555555556 0.49609375 0.3715277777777778 0.0359375
0 0.48715277777777777 0.5666666666666667 0.3736111111111111 0.03177083333333333
3 0.4861111111111111 0.5317708333333333 0.3277777777777778 0.03333333333333333
3 0.4861111111111111 0.6018229166666667 0.2986111111111111 0.03802083333333333
3 0.4684027777777778 0.63515625 0.31875 0.035416666666666666
3 0.46284722222222224 0.6677083333333333 0.29097222222222224 0.035416666666666666
3 0.45868055555555554 0.703125 0.2604166666666667 0.03125
3 0.4534722222222222 0.7270833333333333 0.2298611111111111 0.027083333333333334
3 0.4618055555555556 0.7934895833333333 0.27361111111111114 0.028125
2 0.45555555555555555 0.7630208333333334 0.23819444444444443 0.027083333333333334
2 0.4625 0.8236979166666667 0.22013888888888888 0.021354166666666667
2 0.46631944444444445 0.8528645833333334 0.2111111111111111 0.025520833333333333
2 0.45729166666666665 0.8848958333333333 0.1986111111111111 0.0265625