3 0.5194444444444445 0.4328125 0.6548611111111111 0.13125
3 0.4878472222222222 0.4752604166666667 0.6333333333333333 0.1390625
3 0.47881944444444446 0.5380208333333333 0.5756944444444444 0.15
0 0.5677083333333334 0.28619791666666666 0.7645833333333333 0.19322916666666667
1 0.5416666666666666 0.3651041666666667 0.7479166666666667 0.17604166666666668
2 0.47708333333333336 0.6151041666666667 0.6805555555555556 0.17239583333333333
2 0.45243055555555556 0.6796875 0.5819444444444445 0.13177083333333334
2 0.4597222222222222 0.7421875 0.6041666666666666 0.14427083333333332
2 0.41631944444444446 0.8002604166666667 0.55625 0.13854166666666667
2 0.4152777777777778 0.86328125 0.5298611111111111 0.13541666666666666
2 0.41006944444444443 0.9291666666666667 0.5138888888888888 0.1359375