3 0.5121527777777778 0.4317708333333333 0.6569444444444444 0.11458333333333333
3 0.5225694444444444 0.47994791666666664 0.6347222222222222 0.1234375
3 0.5024305555555556 0.5411458333333333 0.5756944444444444 0.1359375
0 0.5340277777777778 0.28177083333333336 0.7652777777777777 0.17395833333333333
1 0.5225694444444444 0.3625 0.7493055555555556 0.15729166666666666
2 0.46875 0.6140625 0.68125 0.15520833333333334
2 0.46284722222222224 0.6809895833333334 0.5826388888888889 0.1171875
2 0.42743055555555554 0.7377604166666667 0.6048611111111111 0.12916666666666668
2 0.4420138888888889 0.8036458333333333 0.5569444444444445 0.125
2 0.41388888888888886 0.86328125 0.5298611111111111 0.12239583333333333
2 0.3888888888888889 0.9263020833333333 0.5138888888888888 0.1234375