3 0.47881944444444446 0.43307291666666664 0.6527777777777778 0.13958333333333334
3 0.5114583333333333 0.475 0.6319444444444444 0.14739583333333334
3 0.521875 0.5377604166666666 0.575 0.15677083333333333
0 0.42743055555555554 0.2869791666666667 0.7638888888888888 0.20260416666666667
1 0.4552083333333333 0.365625 0.7472222222222222 0.18541666666666667
2 0.5253472222222222 0.61484375 0.6805555555555556 0.18072916666666666
2 0.5517361111111111 0.67890625 0.5805555555555556 0.1390625
2 0.5458333333333333 0.7416666666666667 0.6034722222222222 0.1515625
2 0.590625 0.7989583333333333 0.5555555555555556 0.1453125
2 0.5934027777777777 0.8622395833333333 0.5291666666666667 0.1421875
2 0.6 0.9278645833333333 0.5138888888888888 0.1421875