2 0.38472222222222224 0.28541666666666665 0.33541666666666664 0.08541666666666667
2 0.38958333333333334 0.31979166666666664 0.3111111111111111 0.06927083333333334
2 0.396875 0.346875 0.3090277777777778 0.0640625
2 0.403125 0.375 0.3111111111111111 0.06354166666666666
2 0.4149305555555556 0.40208333333333335 0.3013888888888889 0.0609375
2 0.4184027777777778 0.4296875 0.30486111111111114 0.06354166666666666
2 0.4288194444444444 0.45625 0.2847222222222222 0.06302083333333333
2 0.43159722222222224 0.48151041666666666 0.2902777777777778 0.058333333333333334
2 0.4395833333333333 0.5075520833333333 0.27361111111111114 0.058854166666666666
2 0.4486111111111111 0.5315104166666667 0.2826388888888889 0.0578125
2 0.45555555555555555 0.5546875 0.2826388888888889 0.0625
2 0.4621527777777778 0.5830729166666667 0.2652777777777778 0.053125
2 0.484375 0.603125 0.2388888888888889 0.05677083333333333
1 0.6979166666666666 0.40130208333333334 0.2222222222222222 0.0546875
1 0.7045138888888889 0.4234375 0.20833333333333334 0.053125
1 0.7059027777777778 0.44817708333333334 0.20972222222222223 0.051041666666666666
1 0.7118055555555556 0.4713541666666667 0.19930555555555557 0.0484375
1 0.7170138888888888 0.49505208333333334 0.18888888888888888 0.0453125
1 0.7197916666666667 0.5119791666666667 0.19583333333333333 0.04635416666666667
3 0.23298611111111112 0.6734375 0.23055555555555557 0.09791666666666667
3 0.17395833333333333 0.7546875 0.23541666666666666 0.07083333333333333
3 0.15069444444444444 0.796875 0.1673611111111111 0.0515625