2 0.5319444444444444 0.26979166666666665 0.33541666666666664 0.059895833333333336
2 0.5399305555555556 0.30390625 0.3125 0.0453125
2 0.5430555555555555 0.33125 0.3111111111111111 0.04010416666666667
2 0.5472222222222223 0.35989583333333336 0.3125 0.03958333333333333
2 0.5458333333333333 0.38828125 0.3034722222222222 0.03802083333333333
2 0.5527777777777778 0.415625 0.30625 0.04010416666666667
2 0.5520833333333334 0.4432291666666667 0.28541666666666665 0.041666666666666664
2 0.5590277777777778 0.46822916666666664 0.2923611111111111 0.0359375
2 0.5607638888888888 0.49453125 0.275 0.03802083333333333
2 0.5607638888888888 0.51953125 0.28402777777777777 0.036458333333333336
2 0.5628472222222223 0.5434895833333333 0.2833333333333333 0.04114583333333333
2 0.5670138888888889 0.571875 0.26666666666666666 0.0328125
2 0.553125 0.5958333333333333 0.23958333333333334 0.03854166666666667
1 0.27361111111111114 0.44609375 0.2222222222222222 0.03802083333333333
1 0.27534722222222224 0.46875 0.20833333333333334 0.0375
1 0.2829861111111111 0.49270833333333336 0.20972222222222223 0.034895833333333334
1 0.2861111111111111 0.51640625 0.19930555555555557 0.03333333333333333
1 0.28958333333333336 0.5401041666666667 0.18888888888888888 0.030729166666666665
1 0.29305555555555557 0.55703125 0.19652777777777777 0.03177083333333333
3 0.8204861111111111 0.6114583333333333 0.22430555555555556 0.08229166666666667
3 0.8951388888888889 0.6770833333333334 0.20972222222222223 0.053125
3 0.9309027777777777 0.7130208333333333 0.13819444444444445 0.03958333333333333