2 0.4625 0.2703125 0.3347222222222222 0.05572916666666667
2 0.45555555555555555 0.30442708333333335 0.31180555555555556 0.04114583333333333
2 0.453125 0.33203125 0.3111111111111111 0.036458333333333336
2 0.4496527777777778 0.36041666666666666 0.3125 0.035416666666666666
2 0.4517361111111111 0.3890625 0.3034722222222222 0.033854166666666664
2 0.44548611111111114 0.41640625 0.30625 0.036458333333333336
2 0.4465277777777778 0.44375 0.28541666666666665 0.03802083333333333
2 0.44027777777777777 0.46901041666666665 0.2923611111111111 0.03229166666666667
2 0.4388888888888889 0.49557291666666664 0.275 0.034375
2 0.4395833333333333 0.5203125 0.28402777777777777 0.0328125
2 0.4378472222222222 0.5442708333333334 0.2833333333333333 0.0375
2 0.43472222222222223 0.5729166666666666 0.26666666666666666 0.029166666666666667
2 0.44930555555555557 0.5966145833333333 0.2388888888888889 0.035416666666666666
1 0.7253472222222223 0.4432291666666667 0.2222222222222222 0.035416666666666666
1 0.7239583333333334 0.46588541666666666 0.2076388888888889 0.034375
1 0.7166666666666667 0.48984375 0.20972222222222223 0.03229166666666667
1 0.7142361111111111 0.5135416666666667 0.19930555555555557 0.030729166666666665
1 0.7111111111111111 0.5375 0.18888888888888888 0.028645833333333332
1 0.7083333333333334 0.5541666666666667 0.19583333333333333 0.029166666666666667
3 0.18229166666666666 0.615625 0.22291666666666668 0.0796875
3 0.10659722222222222 0.6825520833333333 0.21319444444444444 0.050520833333333334
3 0.07118055555555555 0.71875 0.1423611111111111 0.0375