1 0.09183673469387756 0.641491395793499 0.1836734693877551 0.03441682600382409
1 0.09183673469387756 0.6108986615678776 0.1836734693877551 0.030592734225621414
1 0.0782312925170068 0.5812619502868069 0.1564625850340136 0.036328871892925434
1 0.06377551020408163 0.5506692160611855 0.12755102040816327 0.028680688336520075
1 0.04931972789115646 0.5215105162523901 0.09863945578231292 0.029636711281070746
1 0.04336734693877551 0.49235181644359466 0.08673469387755102 0.02676864244741874
1 0.041666666666666664 0.4655831739961759 0.08333333333333333 0.028680688336520075
1 0.034013605442176874 0.4416826003824092 0.06802721088435375 0.0248565965583174
1 0.02891156462585034 0.4168260038240918 0.05782312925170068 0.028680688336520075
1 0.02465986394557823 0.3919694072657744 0.04931972789115646 0.02676864244741874
1 0.017006802721088437 0.36663479923518166 0.034013605442176874 0.018164435946462717
0 0.01870748299319728 0.2084130019120459 0.03741496598639456 0.021032504780114723
0 0.06377551020408163 0.07552581261950286 0.12755102040816327 0.03441682600382409