2 0.4313055555555556 0.77665625 0.6648472222222221 0.035453124999999905
2 0.45897222222222217 0.5509296875 0.6368611111111112 0.03498437499999998
2 0.43419444444444444 0.5121640625 0.5530972222222222 0.044007812499999945
2 0.4674166666666667 0.37864062499999995 0.4934861111111112 0.034601562499999974
2 0.43686111111111114 0.3423359375 0.4708333333333333 0.035093750000000055
2 0.4396388888888889 0.18735156249999996 0.42937499999999995 0.02703124999999993
2 0.4517083333333334 0.15081249999999996 0.4171944444444444 0.029929687499999958
2 0.46730555555555553 0.11979687499999994 0.3415555555555555 0.0198359374999999
2 0.4588611111111111 0.01811718750000004 0.3396388888888888 0.012617187500000071
3 0.4385694444444444 0.9805703125 0.7221111111111113 0.03651562499999983
3 0.4375 0.9344140624999999 0.681513888888889 0.04037499999999987
3 0.44690277777777776 0.8903593750000001 0.6575833333333334 0.01958593750000013
3 0.44913888888888887 0.8633124999999999 0.6855833333333335 0.018390624999999973
3 0.43793055555555555 0.8330781249999999 0.6823750000000001 0.027171875000000158
3 0.42991666666666667 0.723828125 0.6898472222222222 0.0317265625000001
3 0.4504305555555555 0.6818203125 0.7052361111111111 0.035218749999999945
3 0.4292777777777777 0.6371640624999999 0.6586527777777778 0.029585937499999916
3 0.4674166666666666 0.46674218749999996 0.5875 0.02427343749999995
3 0.4372916666666667 0.4301328125 0.5058750000000001 0.028976562499999935
3 0.48066666666666663 0.3033984375 0.4943333333333333 0.026437499999999937
3 0.4637777777777778 0.2716015625 0.49048611111111107 0.021515624999999972
3 0.4440138888888889 0.23878906249999998 0.45309722222222226 0.027054687500000084
3 0.45929166666666665 0.08591406250000003 0.39177777777777784 0.0251093749999999
3 0.4510694444444444 0.052796874999999945 0.36891666666666667 0.025234375000000142
3 0.2256388888888889 0.01637500000000003 0.10181944444444445 0.025484374999999913
3 0.6873888888888889 0.015234375 0.10822222222222216 0.0125
0 0.4484027777777778 0.5898671875 0.5793749999999999 0.019601562499999937