1 0.21727019498607242 0.3828125 0.05013927576601671 0.4296875
1 0.15598885793871867 0.37890625 0.06963788300835655 0.41015625
1 0.08495821727019498 0.3837890625 0.07799442896935933 0.396484375
1 0.022284122562674095 0.3828125 0.04456824512534819 0.37109375
2 0.9902506963788301 0.396484375 0.019498607242339833 0.390625
3 0.9331476323119777 0.4013671875 0.06128133704735376 0.37109375
3 0.8676880222841226 0.41796875 0.07242339832869081 0.3984375
3 0.7952646239554317 0.3974609375 0.06963788300835655 0.39453125
3 0.7270194986072424 0.400390625 0.052924791086350974 0.408203125
3 0.6615598885793872 0.384765625 0.0807799442896936 0.41015625
3 0.5821727019498607 0.3798828125 0.06406685236768803 0.4140625
3 0.5083565459610028 0.3984375 0.05013927576601671 0.38671875
3 0.45264623955431754 0.3974609375 0.03899721448467967 0.384765625
3 0.38579387186629527 0.3916015625 0.06685236768802229 0.388671875
3 0.3203342618384401 0.3759765625 0.06406685236768803 0.37890625