2 0.11239583333333335 0.25081770833333333 0.14954861111111112 0.03540364583333341
2 0.09913194444444444 0.28212499999999996 0.10572916666666667 0.013062500000000081
2 0.10086805555555556 0.29853124999999997 0.08385416666666666 0.01592968750000002
2 0.09895833333333333 0.3126770833333333 0.08368055555555555 0.007414062499999948
2 0.10625 0.32429166666666664 0.09305555555555556 0.009135416666666648
2 0.10989583333333333 0.33616666666666667 0.08246527777777778 0.0059062500000000755
2 0.10395833333333332 0.348171875 0.0713194444444444 0.0056744791666666575
1 0.10104166666666667 0.3565520833333334 0.10104166666666667 0.011447916666666676
3 0.08645833333333333 0.3694427083333333 0.1002083333333333 0.012098958333333344
3 0.4386597222222222 0.15135416666666668 0.27368750000000003 0.031736979166666755
3 0.4532430555555556 0.18179687499999997 0.2655868055555556 0.02317447916666661
3 0.42615972222222226 0.42179687499999996 0.1967604166666666 0.017049479166666496
2 0.45694444444444443 0.011458333333333333 0.2986111111111111 0.022916666666666665
2 0.46342361111111113 0.04331770833333331 0.26929166666666665 0.03571354166666663
2 0.4467569444444444 0.07995833333333333 0.25447222222222216 0.02449479166666665
2 0.4500763888888889 0.11167187499999999 0.24413888888888885 0.03237500000000004
2 0.4457569444444444 0.2122864583333333 0.21080555555555552 0.012531249999999971
2 0.39868750000000003 0.2965572916666667 0.1938263888888889 0.03292708333333323
2 0.39313194444444444 0.32601562500000003 0.1827152777777778 0.01661458333333338
2 0.4111875 0.3498020833333333 0.19722222222222222 0.023682291666666563
2 0.40177777777777773 0.37636979166666673 0.15061805555555555 0.022411458333333436
2 0.4189791666666666 0.40328125 0.16188194444444445 0.01026562500000002
2 0.43418055555555557 0.4526875 0.18456944444444442 0.018802083333333285
1 0.4327916666666667 0.23521874999999995 0.28363888888888894 0.021364583333333322
0 0.4315555555555556 0.258828125 0.23179166666666665 0.022281250000000103
2 0.4618055555555556 0.81796875 0.38472222222222224 0.03177083333333333
2 0.4354166666666667 0.8665520833333333 0.3316458333333333 0.031729166666666704
2 0.472125 0.9155156249999999 0.34385069444444444 0.03314843749999999
2 0.4788680555555556 0.9536145833333334 0.3378958333333333 0.029434895833333505
2 0.4576388888888889 0.990625 0.31527777777777777 0.01875
1 0.49027777777777776 0.47708333333333336 0.44166666666666665 0.014583333333333334
1 0.4878472222222222 0.5059895833333333 0.43680555555555556 0.0453125
1 0.490625 0.5432291666666667 0.4423611111111111 0.04375
3 0.47881944444444446 0.5981770833333333 0.41875 0.03802083333333333
3 0.4548611111111111 0.6401041666666667 0.37083333333333335 0.04375
3 0.46284722222222224 0.68046875 0.38680555555555557 0.028645833333333332
3 0.4708333333333333 0.71953125 0.4027777777777778 0.03177083333333333
3 0.45416666666666666 0.7640625 0.36944444444444446 0.036458333333333336