2 0.5379107981220657 0.40350923482849604 0.4171361502347419 0.21381266490765163
2 0.578169014084507 0.250844327176781 0.26544600938967144 0.018087071240105588
2 0.573849765258216 0.23327176781002645 0.2284037558685445 0.009749340369393272
2 0.5656572769953052 0.21522427440633243 0.22319248826291088 0.013034300791556873
2 0.5744131455399061 0.19803430079155673 0.18284037558685443 0.006042216358838954
2 0.5249295774647887 0.1880870712401056 0.15492957746478872 0.00757255936675463
2 0.509131455399061 0.17478891820580475 0.11420187793427225 0.013060686015831255
2 0.4793896713615024 0.16337730870712405 0.10645539906103292 0.013060686015831255
0 0.7415258215962441 0.9505013192612137 0.15061032863849758 0.03189973614775734
0 0.7056807511737089 0.9212532981530343 0.1499765258215962 0.023627968337730978
0 0.7229342723004696 0.8937994722955145 0.11039906103286379 0.01436675461741408
0 0.7197652582159625 0.8736939313984169 0.12943661971830983 0.015804749340369417
0 0.7078403755868545 0.8520844327176781 0.12791079812206574 0.010804749340369466
0 0.7103755868544601 0.8351451187335092 0.11267605633802817 0.019736147757255986
0 0.703075117370892 0.804736147757256 0.10823943661971834 0.01992084432717666
0 0.7202816901408452 0.7814116094986807 0.0827230046948357 0.010949868073878568
0 0.7304225352112675 0.7598812664907652 0.0878169014084509 0.011240105540897074
0 0.6950234741784038 0.7307915567282323 0.13070422535211282 0.018060686015831207
0 0.7002816901408451 0.7069261213720317 0.11889671361502342 0.02228232189973628
0 0.7019953051643193 0.6866094986807388 0.11927230046948371 0.010158311345646497
0 0.7110093896713615 0.6653957783641161 0.09870892018779331 0.032269129287598994
0 0.7057511737089202 0.6474538258575198 0.11051643192488246 0.007097625329815297
0 0.708356807511737 0.6333377308707124 0.09136150234741774 0.01878627968337732
0 0.7054225352112676 0.6135092348284961 0.08450704225352113 0.021912928759894475
0 0.6942723004694835 0.5930738786279683 0.09161971830985909 0.018852242744063278
0 0.6997887323943662 0.5754617414248021 0.06915492957746487 0.02782321899736152
0 0.9342723004694836 0.8845646437994723 0.13145539906103287 0.19393139841688653
0 0.9706572769953051 0.5303430079155673 0.05868544600938967 0.013192612137203167