2 0.2986111111111111 0.2078125 0.44930555555555557 0.017447916666666667
2 0.28402777777777777 0.26796875 0.36319444444444443 0.018229166666666668
2 0.30069444444444443 0.28932291666666665 0.33090277777777777 0.016145833333333335
2 0.1597222222222222 0.30520833333333336 0.15902777777777777 0.022916666666666665
2 0.39444444444444443 0.3255208333333333 0.13645833333333332 0.015625
0 0.31527777777777777 0.14192708333333334 0.55 0.09713541666666667
3 0.2791666666666667 0.24270833333333333 0.4 0.021875
3 0.3763888888888889 0.8356770833333333 0.44722222222222224 0.034895833333333334
3 0.3746527777777778 0.88203125 0.45069444444444445 0.0453125
3 0.39305555555555555 0.9447916666666667 0.41388888888888886 0.06354166666666666
0 0.3541666666666667 0.6846354166666667 0.49166666666666664 0.08177083333333333
1 0.353125 0.7661458333333333 0.49375 0.06770833333333333
0 0.9201388888888888 0.8294270833333334 0.1597222222222222 0.018229166666666668
0 0.9180555555555555 0.9848958333333333 0.1638888888888889 0.015625
2 0.9173611111111111 0.6692708333333334 0.16527777777777777 0.06145833333333333
2 0.9253472222222222 0.71640625 0.14930555555555555 0.018229166666666668
2 0.9333333333333333 0.7375 0.13333333333333333 0.013541666666666667
2 0.9211805555555556 0.7526041666666666 0.15763888888888888 0.01875
2 0.9298611111111111 0.7729166666666667 0.14027777777777778 0.011458333333333333
2 0.921875 0.8114583333333333 0.15625 0.010416666666666666
2 0.9364583333333333 0.8494791666666667 0.12708333333333333 0.0125
2 0.9364583333333333 0.86328125 0.12708333333333333 0.008854166666666666
2 0.9284722222222223 0.90078125 0.14305555555555555 0.013020833333333334
2 0.9274305555555555 0.9161458333333333 0.1451388888888889 0.017708333333333333
2 0.9309027777777777 0.93515625 0.13819444444444445 0.015104166666666667
2 0.9354166666666667 0.9502604166666667 0.12916666666666668 0.011979166666666667
2 0.9386597222222223 0.9663072916666666 0.11574305555555561 0.011291666666666582
1 0.9336805555555555 0.88203125 0.1326388888888889 0.013020833333333334
3 0.925 0.7921875 0.15 0.014583333333333334