1 0.52109375 0.24270833333333333 0.13723958333333333 0.0125
1 0.52109375 0.25590277777777776 0.14557291666666666 0.011805555555555555
1 0.5278645833333333 0.26840277777777777 0.12890625 0.013888888888888888
1 0.5346354166666667 0.28125 0.12786458333333334 0.011805555555555555
1 0.5416666666666666 0.29375 0.11328125 0.012152777777777778
1 0.54453125 0.3059027777777778 0.09713541666666667 0.009722222222222222
1 0.5453125 0.3173611111111111 0.1046875 0.011458333333333333
1 0.54921875 0.32743055555555556 0.09244791666666667 0.009375
1 0.5515625 0.33819444444444446 0.09166666666666666 0.011458333333333333
1 0.5536458333333333 0.3486111111111111 0.08697916666666666 0.010416666666666666
1 0.5578125 0.359375 0.07890625 0.006597222222222222
0 0.5661458333333333 0.37118055555555557 0.06067708333333333 0.011805555555555555
0 0.575 0.38333333333333336 0.04739583333333333 0.006944444444444444
0 0.57265625 0.3940972222222222 0.048177083333333336 0.006944444444444444
0 0.5744791666666667 0.4048611111111111 0.047135416666666666 0.006597222222222222
0 0.5643229166666667 0.41597222222222224 0.07057291666666667 0.007638888888888889
0 0.55703125 0.4267361111111111 0.07473958333333333 0.007291666666666667
0 0.5596354166666667 0.4388888888888889 0.07708333333333334 0.009375
0 0.5598958333333334 0.4482638888888889 0.07005208333333333 0.006944444444444444
0 0.5604166666666667 0.45729166666666665 0.07786458333333333 0.008333333333333333
0 0.5619791666666667 0.4673611111111111 0.065625 0.006944444444444444
0 0.5578125 0.47604166666666664 0.08151041666666667 0.009375
0 0.50390625 0.48333333333333334 0.061197916666666664 0.012847222222222222
1 0.23839062500000002 0.7347777777777778 0.31659114583333337 0.047774305555555445
2 0.24557291666666667 0.5256944444444445 0.3380208333333333 0.0125
2 0.24032812499999998 0.5778125 0.35662239583333327 0.06422222222222224
2 0.24754687499999997 0.6583819444444445 0.3316953125 0.058677083333333414
0 0.23727604166666663 0.7895347222222221 0.3463541666666667 0.0311006944444445
0 0.2552083333333333 0.8697083333333334 0.36941927083333337 0.09956597222222222