2 0.246875 0.24097222222222223 0.13046875 0.059375
2 0.23333333333333334 0.2861111111111111 0.07786458333333333 0.0045138888888888885
2 0.23489583333333333 0.29131944444444446 0.07239583333333334 0.002777777777777778
2 0.2375 0.296875 0.07161458333333333 0.003472222222222222
2 0.23463541666666668 0.3020833333333333 0.0546875 0.001388888888888889
2 0.25104166666666666 0.30486111111111114 0.04453125 0.001388888888888889
2 0.25625 0.30868055555555557 0.035416666666666666 0.003472222222222222
2 0.26614583333333336 0.3121527777777778 0.03177083333333333 0.003472222222222222
0 0.15 0.04618055555555556 0.16171875 0.05416666666666667
0 0.17890625 0.07916666666666666 0.04375 0.008333333333333333
0 0.19088541666666667 0.08784722222222222 0.04609375 0.00625
0 0.18515625 0.09583333333333334 0.03411458333333333 0.0038194444444444443
0 0.18619791666666666 0.10173611111111111 0.03958333333333333 0.004166666666666667
0 0.19010416666666666 0.10833333333333334 0.037760416666666664 0.002777777777777778
0 0.18932291666666667 0.11319444444444444 0.03515625 0.005208333333333333
0 0.19166666666666668 0.12222222222222222 0.03125 0.004861111111111111
0 0.1859375 0.12916666666666668 0.026302083333333334 0.002777777777777778
0 0.1828125 0.13541666666666666 0.025520833333333333 0.0024305555555555556
0 0.19453125 0.1440972222222222 0.04296875 0.004861111111111111
0 0.19270833333333334 0.15138888888888888 0.037760416666666664 0.005902777777777778
0 0.1921875 0.15729166666666666 0.03697916666666667 0.002777777777777778
0 0.1890625 0.16354166666666667 0.0296875 0.008680555555555556
0 0.19088541666666667 0.16875 0.034895833333333334 0.001736111111111111
0 0.19010416666666666 0.17291666666666666 0.027604166666666666 0.004861111111111111
0 0.19088541666666667 0.17881944444444445 0.02578125 0.005902777777777778
0 0.19479166666666667 0.18506944444444445 0.026302083333333334 0.004861111111111111
0 0.19296875 0.19027777777777777 0.020833333333333332 0.007638888888888889
0 0.06848958333333334 0.09895833333333333 0.13020833333333334 0.05451388888888889
0 0.05703125 0.1388888888888889 0.10026041666666667 0.007638888888888889
0 0.0546875 0.146875 0.09505208333333333 0.005208333333333333
0 0.05963541666666667 0.1545138888888889 0.10208333333333333 0.005555555555555556
0 0.05 0.16354166666666667 0.0875 0.005902777777777778
0 0.05546875 0.17118055555555556 0.0859375 0.0045138888888888885
0 0.05416666666666667 0.17708333333333334 0.07109375 0.0020833333333333333
0 0.05286458333333333 0.184375 0.07734375 0.004861111111111111
0 0.05755208333333333 0.19236111111111112 0.07057291666666667 0.003472222222222222
0 0.055989583333333336 0.19826388888888888 0.06927083333333334 0.003472222222222222
0 0.06848958333333334 0.20381944444444444 0.08177083333333333 0.003125
0 0.05572916666666667 0.21006944444444445 0.05859375 0.005208333333333333
0 0.06145833333333333 0.21631944444444445 0.06536458333333334 0.004166666666666667
1 0.49765625 0.18680555555555556 0.0953125 0.011111111111111112
1 0.49583333333333335 0.196875 0.09166666666666666 0.009027777777777777
1 0.4984375 0.20625 0.096875 0.011111111111111112
1 0.4986979166666667 0.21631944444444445 0.09739583333333333 0.009027777777777777
1 0.4973958333333333 0.22569444444444445 0.09479166666666666 0.008333333333333333
1 0.49921875 0.23576388888888888 0.0875 0.007638888888888889
1 0.5 0.24444444444444444 0.09505208333333333 0.008680555555555556
1 0.5033854166666667 0.25243055555555555 0.08567708333333333 0.007291666666666667
1 0.5057291666666667 0.2604166666666667 0.08697916666666666 0.009027777777777777
1 0.5075520833333333 0.26840277777777777 0.07369791666666667 0.007638888888888889
1 0.5111979166666667 0.2767361111111111 0.07239583333333334 0.005208333333333333
0 0.5190104166666667 0.2857638888888889 0.0578125 0.009375
0 0.5270833333333333 0.2951388888888889 0.04192708333333333 0.005208333333333333
0 0.525 0.3034722222222222 0.043229166666666666 0.005555555555555556
0 0.5265625 0.31180555555555556 0.043229166666666666 0.004861111111111111
0 0.5174479166666667 0.32013888888888886 0.05546875 0.005208333333333333
0 0.5104166666666666 0.3284722222222222 0.07604166666666666 0.00625
0 0.5130208333333334 0.33784722222222224 0.06380208333333333 0.006597222222222222
0 0.51328125 0.3451388888888889 0.071875 0.005902777777777778
0 0.5138020833333333 0.35208333333333336 0.06901041666666667 0.00625
0 0.5151041666666667 0.3597222222222222 0.06536458333333334 0.00625
0 0.5111979166666667 0.3663194444444444 0.07161458333333333 0.006944444444444444
0 0.47109375 0.371875 0.0421875 0.010416666666666666
2 0.050520833333333334 0.4048611111111111 0.08854166666666667 0.0038194444444444443
2 0.02890625 0.4239583333333333 0.042708333333333334 0.009375
2 0.030729166666666665 0.4375 0.05703125 0.007638888888888889
2 0.038802083333333334 0.45034722222222223 0.06640625 0.006944444444444444
2 0.041666666666666664 0.4618055555555556 0.05572916666666667 0.00798611111111111
2 0.040625 0.475 0.0609375 0.012152777777777778
2 0.043229166666666666 0.48715277777777777 0.06536458333333334 0.006597222222222222
2 0.0453125 0.49895833333333334 0.07005208333333333 0.008680555555555556
3 0.8796875 0.4534722222222222 0.240625 0.08333333333333333
2 0.9049479166666666 0.5614583333333333 0.19010416666666666 0.050694444444444445
2 0.9208333333333333 0.6291666666666667 0.15833333333333333 0.04722222222222222
2 0.934375 0.6989583333333333 0.13125 0.02847222222222222
2 0.9049479166666666 0.7461805555555555 0.19010416666666666 0.04236111111111111
2 0.9247395833333333 0.8138888888888889 0.15052083333333333 0.04583333333333333
2 0.9270833333333334 0.8697916666666666 0.14583333333333334 0.03263888888888889
2 0.90859375 0.9038194444444444 0.1828125 0.052083333333333336