1 0.403125 0.15416666666666667 0.5149305555555556 0.08645833333333333
2 0.4357638888888889 0.2203125 0.365625 0.0140625
2 0.45868055555555554 0.23802083333333332 0.30694444444444446 0.0125
2 0.46458333333333335 0.253125 0.23923611111111112 0.01015625
2 0.3486111111111111 0.2635416666666667 0.11666666666666667 0.00859375
2 0.9381944444444444 0.15729166666666666 0.12361111111111112 0.034375
2 0.9416666666666667 0.19192708333333333 0.11666666666666667 0.0234375
2 0.9430555555555555 0.21953125 0.11388888888888889 0.018229166666666668
2 0.9409722222222222 0.24817708333333333 0.11805555555555555 0.018229166666666668
2 0.9413194444444445 0.27630208333333334 0.11736111111111111 0.0171875
2 0.9385416666666667 0.30390625 0.12291666666666666 0.0203125
2 0.9416666666666667 0.33125 0.11666666666666667 0.022916666666666665
2 0.9420138888888889 0.3567708333333333 0.11597222222222223 0.016666666666666666
2 0.9458333333333333 0.38333333333333336 0.10833333333333334 0.019791666666666666
2 0.9420138888888889 0.4044270833333333 0.11597222222222223 0.0109375
1 0.7736111111111111 0.31614583333333335 0.16805555555555557 0.023958333333333335
1 0.7697916666666667 0.33880208333333334 0.16041666666666668 0.0234375
1 0.7729166666666667 0.36328125 0.16666666666666666 0.021354166666666667
1 0.7701388888888889 0.38671875 0.16111111111111112 0.0203125
1 0.7680555555555556 0.40572916666666664 0.15694444444444444 0.008333333333333333
2 0.5371527777777778 0.8307291666666666 0.30486111111111114 0.03333333333333333
2 0.5399305555555556 0.88203125 0.29930555555555555 0.030729166666666665
2 0.5548611111111111 0.9255208333333333 0.26944444444444443 0.023958333333333335
1 0.5715277777777777 0.96015625 0.2361111111111111 0.027604166666666666
3 0.5642361111111112 0.9903645833333333 0.25069444444444444 0.019270833333333334