2 0.11995142262317836 0.26592187500000003 0.16263011797362945 0.0385286458333334
1 0.582234559333796 0.13541666666666666 0.16828591256072173 0.0078125
1 0.582234559333796 0.14270833333333333 0.1589174184594032 0.00625
1 0.5895211658570437 0.14973958333333334 0.16065232477446217 0.00859375
1 0.5971547536433033 0.15677083333333333 0.1297709923664122 0.005989583333333334
1 0.6051353226925746 0.16380208333333332 0.12491325468424705 0.0067708333333333336
1 0.6086051353226926 0.17057291666666666 0.12144344205412907 0.005989583333333334
1 0.6092990978487162 0.17682291666666666 0.10860513532269257 0.005989583333333334
1 0.6134628730048577 0.18255208333333334 0.10999306037473977 0.005729166666666666
1 0.6162387231089521 0.18854166666666666 0.10721721027064539 0.006510416666666667
1 0.6186675919500347 0.19427083333333334 0.10340041637751561 0.00625
1 0.6231783483691881 0.20052083333333334 0.09437890353920889 0.004166666666666667
0 0.6325468424705066 0.20677083333333332 0.07564191533657183 0.007291666666666667
0 0.6422623178348369 0.21380208333333334 0.05586398334489938 0.004166666666666667
0 0.6398334489937544 0.21979166666666666 0.06072172102706454 0.0046875
0 0.6419153365718251 0.22578125 0.05725190839694656 0.004166666666666667
0 0.6308119361554476 0.23177083333333334 0.0794587092297016 0.004427083333333333
0 0.6221374045801527 0.23802083333333332 0.09611380985426787 0.0049479166666666664
0 0.6252602359472589 0.24479166666666666 0.09021512838306732 0.005729166666666666
0 0.6256072172102707 0.24973958333333332 0.08952116585704371 0.004427083333333333
0 0.6263011797362943 0.25494791666666666 0.08848022206800833 0.0046875
0 0.6276891047883414 0.2604166666666667 0.08501040943789036 0.0046875
0 0.6231783483691881 0.26536458333333335 0.09437890353920889 0.00546875
0 0.5631505898681471 0.26927083333333335 0.07702984038861901 0.008072916666666667
0 0.09507286606523248 0.2911458333333333 0.06800832755031229 0.003125
0 0.09576682859125607 0.2981770833333333 0.061415683553088136 0.00703125
1 0.09403192227619708 0.3138020833333333 0.062456627342123525 0.00703125
1 0.09299097848716169 0.3221354166666667 0.06384455239417071 0.00703125
1 0.0912560721721027 0.33203125 0.062456627342123525 0.009635416666666667
1 0.0912560721721027 0.34088541666666666 0.06384455239417071 0.010416666666666666
1 0.09021512838306732 0.35130208333333335 0.061068702290076333 0.006510416666666667
1 0.0919500346981263 0.35963541666666665 0.06280360860513533 0.01015625
1 0.09021512838306732 0.3690104166666667 0.05690492713393477 0.008072916666666667
3 0.09819569743233865 0.38229166666666664 0.06315058986814712 0.005989583333333334
3 0.09056210964607911 0.3890625 0.05968077723802915 0.0078125
3 0.0926439972241499 0.39921875 0.061415683553088136 0.007291666666666667
3 0.09576682859125607 0.40963541666666664 0.05586398334489938 0.006510416666666667
3 0.0922970159611381 0.41822916666666665 0.054823039555863984 0.009375
3 0.09090909090909091 0.4270833333333333 0.050312283136710614 0.00625
3 0.0936849410131853 0.4359375 0.0527411519777932 0.008072916666666667
3 0.09576682859125607 0.44557291666666665 0.05412907702984039 0.00625
3 0.09403192227619708 0.45416666666666666 0.052394170714781405 0.00625
2 0.09333795975017349 0.4635416666666667 0.053088133240805 0.0078125
2 0.09299097848716169 0.47161458333333334 0.062456627342123525 0.004166666666666667
2 0.0916030534351145 0.48046875 0.05412907702984039 0.005989583333333334
2 0.09437890353920889 0.48880208333333336 0.05412907702984039 0.0046875
2 0.0936849410131853 0.4981770833333333 0.05343511450381679 0.0049479166666666664
2 0.08986814712005552 0.5078125 0.050312283136710614 0.008072916666666667
2 0.09923664122137404 0.5158854166666667 0.06315058986814712 0.00625
2 0.09333795975017349 0.5239583333333333 0.051700208188757805 0.00625
3 0.7626648160999306 0.5385416666666667 0.47467036780013877 0.09583333333333334
3 0.7814018043025677 0.6127604166666667 0.43719639139486466 0.0421875
0 0.7827897293546149 0.67421875 0.4344205412907703 0.033854166666666664
0 0.8029146426092991 0.71796875 0.3941707147814018 0.04635416666666667
0 0.806384455239417 0.7671875 0.38723108952116586 0.04479166666666667
0 0.8179250520471896 0.811171875 0.34437890353920886 0.03304947916666663
2 0.8074253990284525 0.8588541666666667 0.3851492019430951 0.029166666666666667
2 0.8126301179736294 0.9049479166666666 0.3747397640527412 0.044270833333333336
2 0.8247744621790424 0.95 0.35045107564191535 0.036458333333333336
2 0.8303261623872311 0.9877604166666667 0.3393476752255378 0.024479166666666666