3 0.5746527777777778 0.39697265625 0.8506944444444444 0.1767578125
3 0.6148784722222222 0.519580078125 0.7366840277777779 0.04957031249999999
3 0.6656597222222222 0.573828125 0.6443923611111111 0.042519531249999964
3 0.6584201388888888 0.628447265625 0.5431076388888888 0.03619140624999995
3 0.6759201388888889 0.6680859375 0.5057812500000001 0.01943359375000009
3 0.6403298611111111 0.70462890625 0.359375 0.02579101562500008
3 0.65421875 0.74060546875 0.37557291666666676 0.02287109375000007
3 0.6498784722222222 0.7694921875 0.34953125000000007 0.01717773437499992
3 0.6261631944444445 0.79123046875 0.3252256944444445 0.01669921874999991
3 0.6196527777777778 0.813603515625 0.2919618055555555 0.011005859374999982
3 0.6137152777777778 0.832001953125 0.3061284722222223 0.018496093750000053
3 0.6401909722222222 0.8532421875 0.26939236111111103 0.020292968749999973