1 0.38472222222222224 0.242578125 0.6083333333333333 0.18359375
2 0.4444722222222222 0.37231249999999994 0.4267986111111112 0.027273437499999886
2 0.47102777777777777 0.406875 0.33398611111111115 0.022683593749999887
2 0.47805555555555557 0.43619531250000004 0.2787569444444445 0.019835937500000077
2 0.34349999999999997 0.4566484375 0.1284305555555556 0.015796875000000023
2 0.8569444444444444 0.345703125 0.2861111111111111 0.04921875
2 0.8773333333333334 0.3921328125 0.24463194444444444 0.02842187499999991
2 0.8842222222222222 0.41802343750000004 0.2093402777777779 0.013472656250000093
2 0.8888888888888888 0.43828125 0.2222222222222222 0.01875
2 0.8986111111111111 0.462109375 0.20277777777777778 0.02109375
2 0.8930555555555556 0.4828125 0.21388888888888888 0.0140625
0 0.19069444444444447 0.49768749999999995 0.2094583333333334 0.010835937499999915
0 0.19362500000000005 0.51046875 0.20780555555555555 0.012312499999999994
1 0.18818055555555557 0.53225 0.19466666666666663 0.01027343750000007
1 0.18445833333333334 0.5441796875 0.19549999999999998 0.010062500000000085
1 0.1797638888888889 0.55815625 0.189861111111111 0.01353124999999995
1 0.17991666666666667 0.570578125 0.19316666666666665 0.014718749999999937
1 0.17616666666666667 0.5850625 0.18566666666666667 0.009062499999999928
1 0.18190277777777777 0.5969765625 0.19038888888888886 0.014304687499999958
1 0.1763888888888889 0.6098984375 0.1725972222222222 0.011429687500000086
3 0.20033333333333334 0.6286328125 0.19197222222222227 0.008367187500000029
3 0.17758333333333334 0.6382421875000001 0.1809999999999999 0.011117187500000014
3 0.18363888888888888 0.6527499999999999 0.18633333333333338 0.010148437500000006
3 0.19305555555555556 0.6670703125 0.1698888888888888 0.009226562499999957
3 0.1828888888888889 0.679421875 0.16681944444444446 0.013242187500000035
3 0.17868055555555556 0.69178125 0.1524027777777778 0.008804687499999986
3 0.18712499999999996 0.704109375 0.1595277777777778 0.011515625000000007
3 0.19286111111111112 0.717875 0.16426388888888888 0.00864843749999995
3 0.18851388888888887 0.7297890625 0.1585555555555556 0.008820312499999972
2 0.18637499999999999 0.7431640625 0.16104166666666672 0.01107812500000005
2 0.1846111111111111 0.7543359374999999 0.18979166666666672 0.005976562500000071
2 0.18070833333333336 0.7667734375 0.16395833333333326 0.008468749999999936
2 0.18888888888888888 0.7787890625 0.16381944444444452 0.006742187500000085
2 0.18745833333333334 0.791734375 0.1624583333333333 0.006867187499999971
2 0.1754861111111111 0.8055703125000001 0.1527777777777778 0.011304687500000021
2 0.20368055555555556 0.8166953124999999 0.19188888888888891 0.00864843749999995
2 0.18641666666666667 0.8280390624999999 0.15736111111111112 0.008945312500000035
3 0.75 0.831640625 0.12222222222222222 0.01015625
3 0.7493055555555556 0.843359375 0.12083333333333333 0.01171875
3 0.7493055555555556 0.857421875 0.12083333333333333 0.00859375
3 0.7506944444444444 0.86796875 0.12361111111111112 0.0109375
3 0.7479166666666667 0.883203125 0.11805555555555555 0.00859375
3 0.7444444444444445 0.894921875 0.1111111111111111 0.00703125
2 0.7520833333333333 0.4984375 0.12638888888888888 0.0125
2 0.7451388888888889 0.511328125 0.1125 0.01171875
2 0.7493055555555556 0.525 0.12083333333333333 0.015625
2 0.7479166666666667 0.537890625 0.11805555555555555 0.01328125
2 0.7506944444444444 0.551953125 0.12361111111111112 0.01171875
2 0.7506944444444444 0.569140625 0.12361111111111112 0.01171875
2 0.7534722222222222 0.578515625 0.12916666666666668 0.01171875
2 0.7527777777777778 0.59375 0.12777777777777777 0.0140625
2 0.7527777777777778 0.60859375 0.12777777777777777 0.0109375
2 0.75625 0.61953125 0.13472222222222222 0.0125
2 0.7534722222222222 0.6328125 0.12916666666666668 0.0125
2 0.7548611111111111 0.646484375 0.13194444444444445 0.01328125
2 0.7555555555555555 0.659375 0.13333333333333333 0.0109375
2 0.7548611111111111 0.6734375 0.13194444444444445 0.009375
2 0.7458333333333333 0.714453125 0.11388888888888889 0.00859375
2 0.7465277777777778 0.72734375 0.11527777777777778 0.009375
2 0.7430555555555556 0.73984375 0.10833333333333334 0.009375
2 0.7416666666666667 0.753515625 0.10555555555555556 0.01015625
2 0.7409722222222223 0.76640625 0.10416666666666667 0.009375
2 0.7409722222222223 0.778125 0.10416666666666667 0.0078125
2 0.7444444444444445 0.78984375 0.1111111111111111 0.0109375
2 0.7409722222222223 0.804296875 0.10416666666666667 0.00859375
2 0.7465277777777778 0.816015625 0.11527777777777778 0.00859375
2 0.74375 0.909375 0.10972222222222222 0.0078125
2 0.7465277777777778 0.922265625 0.11527777777777778 0.00703125
2 0.7520833333333333 0.934375 0.12638888888888888 0.0078125
2 0.7458333333333333 0.9484375 0.11388888888888889 0.009375
2 0.7520833333333333 0.960546875 0.12638888888888888 0.00859375
2 0.7444444444444445 0.973046875 0.1111111111111111 0.01015625
2 0.9166666666666666 0.897265625 0.16666666666666666 0.04140625
2 0.9277777777777778 0.926171875 0.14444444444444443 0.01328125
2 0.9340277777777778 0.940625 0.13194444444444445 0.009375
2 0.9388888888888889 0.95234375 0.12222222222222222 0.0078125
2 0.8830277777777777 0.9607421875 0.07098611111111112 0.011406249999999929
2 0.9819444444444444 0.9640625 0.03611111111111111 0.0109375
3 0.7555555555555555 0.684765625 0.13333333333333333 0.00546875
0 0.7527777777777778 0.989453125 0.12777777777777777 0.01171875