1 0.3328690807799443 0.6982421875 0.6128133704735376 0.03515625
1 0.32729805013927576 0.7412109375 0.584958217270195 0.048828125
1 0.3342618384401114 0.791015625 0.5654596100278552 0.0546875
1 0.3342618384401114 0.8388671875 0.5292479108635098 0.041015625
1 0.3551532033426184 0.8876953125 0.4986072423398329 0.048828125
1 0.33565459610027853 0.935546875 0.45125348189415043 0.041015625
0 0.3022284122562674 0.986328125 0.5431754874651811 0.02734375
2 0.34958217270194986 0.0390625 0.5793871866295265 0.0546875
2 0.35236768802228413 0.0869140625 0.5487465181058496 0.05859375
2 0.35376044568245124 0.1396484375 0.5571030640668524 0.046875
3 0.3593314763231198 0.1962890625 0.5292479108635098 0.04296875
3 0.383008356545961 0.2421875 0.5682451253481894 0.05078125
3 0.35376044568245124 0.29296875 0.5626740947075209 0.048828125
3 0.3579387186629526 0.3408203125 0.5821727019498607 0.037109375
3 0.33565459610027853 0.38671875 0.584958217270195 0.056640625
3 0.3286908077994429 0.4423828125 0.5905292479108635 0.044921875
3 0.3551532033426184 0.494140625 0.5515320334261838 0.03515625
3 0.35376044568245124 0.533203125 0.5487465181058496 0.02734375
3 0.34540389972144847 0.580078125 0.5543175487465181 0.046875
3 0.3231197771587744 0.6259765625 0.5403899721448467 0.044921875