3 0.7710590277777778 0.645625 0.447795138888889 0.024970703124999938
3 0.7769097222222222 0.6162109375 0.4461805555555556 0.015625
3 0.7689756944444445 0.586298828125 0.4390104166666667 0.018867187499999938
3 0.7697916666666667 0.5553125 0.4151562499999998 0.028769531250000036
3 0.7488368055555555 0.527958984375 0.4033506944444445 0.026171874999999956
3 0.7570659722222222 0.49619140625 0.41284722222222237 0.022011718749999964
3 0.7592534722222221 0.469755859375 0.4010416666666667 0.025410156249999982
3 0.760295138888889 0.43778320312499996 0.39154513888888887 0.01773437500000008
3 0.7741840277777778 0.41103515625 0.4100694444444443 0.02564453124999999
3 0.73078125 0.37841796875 0.29317708333333337 0.02708984375000001
2 0.75046875 0.974912109375 0.48529513888888887 0.02733398437500001
2 0.7647569444444444 0.9423828125 0.4704861111111111 0.02734375
2 0.7855902777777778 0.9091796875 0.4288194444444444 0.029296875
2 0.7916666666666666 0.87451171875 0.4166666666666667 0.0263671875
2 0.7942708333333334 0.84326171875 0.4114583333333333 0.0283203125
2 0.7813715277777777 0.809228515625 0.3734895833333333 0.026152343749999973
2 0.7854166666666667 0.7777734375 0.3746527777777777 0.03827148437500005
2 0.7984895833333334 0.744375 0.3984895833333333 0.03189453124999986
2 0.7932812500000002 0.7103808593750001 0.3811284722222222 0.028515625000000044
2 0.8008159722222222 0.6776953125 0.3753472222222223 0.028789062500000018
1 0.7584548611111112 0.34614257812500004 0.3230381944444443 0.01871093750000008
1 0.7508159722222223 0.32121093749999996 0.3864583333333332 0.02822265625000009
1 0.74953125 0.291845703125 0.3445659722222223 0.020546874999999964
1 0.7513888888888889 0.2629296875 0.34826388888888893 0.02628906250000007
1 0.7444444444444445 0.236435546875 0.33437500000000003 0.018085937499999982
1 0.7459548611111112 0.21135742187499995 0.3072916666666667 0.020048828124999973
0 0.7579861111111111 0.18265624999999996 0.35914930555555574 0.018867187499999938
0 0.7520833333333332 0.1539453125 0.37279513888888893 0.022910156250000036
0 0.7338020833333334 0.12385742187500004 0.3408506944444445 0.02318359375000001
0 0.7291666666666666 0.09820312499999995 0.3871527777777778 0.030214843750000053
0 0.7472222222222222 0.05939453125000005 0.36770833333333325 0.02970703125000007
0 0.7424826388888889 0.031201171875000044 0.3234895833333334 0.01708007812500001
0 0.7372743055555556 0.009052734374999982 0.34317708333333324 0.017119140624999973