2 0.3506944444444444 0.31927083333333334 0.1951388888888889 0.0828125
2 0.3315972222222222 0.37916666666666665 0.11597222222222223 0.00625
2 0.33368055555555554 0.3859375 0.10520833333333333 0.0033854166666666668
2 0.3375 0.39296875 0.09618055555555556 0.0046875
2 0.3333333333333333 0.3997395833333333 0.08541666666666667 0.0018229166666666667
2 0.35694444444444445 0.4036458333333333 0.06319444444444444 0.0020833333333333333
2 0.3642361111111111 0.4088541666666667 0.05243055555555556 0.0046875
2 0.3784722222222222 0.41328125 0.049652777777777775 0.0046875
0 0.21319444444444444 0.0609375 0.21006944444444445 0.06536458333333334
0 0.2545138888888889 0.1046875 0.065625 0.011458333333333333
0 0.27152777777777776 0.11614583333333334 0.06979166666666667 0.008854166666666666
0 0.26319444444444445 0.12708333333333333 0.04513888888888889 0.0049479166666666664
0 0.26458333333333334 0.13489583333333333 0.05381944444444445 0.005208333333333333
0 0.2704861111111111 0.14322916666666666 0.05243055555555556 0.003125
0 0.2690972222222222 0.15 0.052083333333333336 0.007552083333333333
0 0.2725694444444444 0.16197916666666667 0.04652777777777778 0.00703125
0 0.26458333333333334 0.17109375 0.03888888888888889 0.004166666666666667
0 0.25972222222222224 0.17942708333333332 0.036458333333333336 0.0036458333333333334
0 0.2763888888888889 0.19088541666666667 0.05520833333333333 0.00625
0 0.27395833333333336 0.20026041666666666 0.05486111111111111 0.00859375
0 0.27326388888888886 0.20833333333333334 0.05381944444444445 0.0036458333333333334
0 0.26875 0.21666666666666667 0.043402777777777776 0.011979166666666667
0 0.27118055555555554 0.22369791666666666 0.050694444444444445 0.00234375
0 0.2701388888888889 0.22916666666666666 0.040625 0.0067708333333333336
0 0.27152777777777776 0.23697916666666666 0.03680555555555556 0.007291666666666667
0 0.2767361111111111 0.24479166666666666 0.03819444444444445 0.0067708333333333336
0 0.2743055555555556 0.2518229166666667 0.029513888888888888 0.01015625
0 0.09722222222222222 0.13098958333333333 0.1829861111111111 0.07109375
0 0.08090277777777778 0.18385416666666668 0.14270833333333333 0.009895833333333333
0 0.07777777777777778 0.19453125 0.13402777777777777 0.00625
0 0.08472222222222223 0.2046875 0.15416666666666667 0.007552083333333333
0 0.07083333333333333 0.21640625 0.1329861111111111 0.008333333333333333
0 0.07881944444444444 0.22682291666666668 0.1267361111111111 0.005989583333333334
0 0.07708333333333334 0.23463541666666668 0.11215277777777778 0.0033854166666666668
0 0.075 0.24427083333333333 0.11006944444444444 0.006510416666666667
0 0.08194444444444444 0.2546875 0.096875 0.004166666666666667
0 0.07951388888888888 0.2625 0.09618055555555556 0.0046875
0 0.09722222222222222 0.26979166666666665 0.11527777777777778 0.00390625
0 0.07916666666666666 0.278125 0.0798611111111111 0.00625
0 0.08715277777777777 0.2864583333333333 0.08715277777777777 0.005729166666666666
2 0.8121527777777777 0.3463541666666667 0.3451388888888889 0.034375
2 0.8013888888888889 0.3815104166666667 0.3236111111111111 0.0296875
2 0.8020833333333334 0.4166666666666667 0.325 0.03125
2 0.8076388888888889 0.44573958333333336 0.2981493055555556 0.01900520833333334
2 0.8146597222222223 0.47317708333333336 0.322375 0.018026041666666732
2 0.8047083333333334 0.5050104166666667 0.26805555555555555 0.02092447916666664
2 0.171875 0.7700520833333333 0.34375 0.0359375
2 0.134375 0.8184895833333333 0.26875 0.0328125
2 0.15694444444444444 0.8671875 0.3138888888888889 0.034375
2 0.15868055555555555 0.90546875 0.3173611111111111 0.030729166666666665
2 0.14444444444444443 0.9481770833333333 0.28888888888888886 0.030729166666666665
2 0.13194444444444445 0.9828125 0.2638888888888889 0.020833333333333332
3 0.1607638888888889 0.5502604166666667 0.3215277777777778 0.0328125
3 0.15069444444444444 0.5921875 0.3013888888888889 0.042708333333333334
3 0.15104166666666666 0.6325520833333333 0.3020833333333333 0.025520833333333333
3 0.1684027777777778 0.6716145833333333 0.3368055555555556 0.03177083333333333
3 0.13958333333333334 0.7161458333333334 0.2791666666666667 0.03125
1 0.7733680555555557 0.7537760416666667 0.12091319444444443 0.006898437499999943
1 0.7723819444444444 0.7629895833333333 0.1076388888888889 0.009304687500000004
1 0.7736666666666666 0.7736093749999999 0.11057638888888888 0.010947916666666658
1 0.7736944444444444 0.783828125 0.09602083333333332 0.007463541666666629
1 0.777861111111111 0.7942447916666667 0.09826388888888889 0.009828124999999943
1 0.773986111111111 0.8044791666666666 0.07831250000000002 0.007486979166666667
0 0.7679722222222223 0.8166927083333333 0.10697222222222219 0.007796875000000014
0 0.7696875 0.8256458333333333 0.10056250000000004 0.00866145833333339
0 0.7664791666666667 0.8357864583333333 0.08731249999999997 0.009583333333333381
0 0.7655416666666668 0.8463854166666667 0.08504166666666668 0.006398437499999924
0 0.762763888888889 0.8569635416666667 0.08819444444444445 0.0076015625000000146
0 0.7661874999999999 0.8672395833333333 0.07484027777777777 0.006221354166666634
0 0.7673611111111112 0.877296875 0.08546875000000002 0.006263020833333262
0 0.7664791666666667 0.8866354166666668 0.08207638888888885 0.006385416666666662
0 0.7686458333333333 0.8969322916666668 0.08979861111111115 0.009031249999999958
2 0.7858472222222221 0.5436822916666666 0.13101041666666666 0.009268229166666645
2 0.7873958333333333 0.5530520833333334 0.10758680555555553 0.0061380208333333165
2 0.7840277777777778 0.5650260416666666 0.10897569444444441 0.0070156249999999845
2 0.7890486111111111 0.57746875 0.11346180555555554 0.010921875000000015
2 0.7889444444444444 0.5896718750000001 0.10282986111111106 0.012226562499999982
2 0.7822638888888889 0.5999895833333333 0.1052361111111111 0.009164062499999985
2 0.7766041666666667 0.6130729166666666 0.11330208333333339 0.011067708333333334
2 0.7771666666666666 0.6231666666666666 0.10413888888888892 0.012070312499999977
2 0.7775625 0.6345260416666666 0.1013368055555556 0.008726562499999998
3 0.7786875 0.6465989583333334 0.09524652777777784 0.007656250000000023
3 0.7834930555555556 0.6564739583333333 0.1052361111111111 0.010080729166666675
3 0.7776180555555555 0.667171875 0.10539583333333334 0.00944270833333333
3 0.7784722222222222 0.6774739583333333 0.11079166666666664 0.007078124999999958
3 0.7739027777777778 0.6873072916666667 0.10713194444444445 0.010666666666666677
3 0.7725416666666667 0.699109375 0.11388888888888889 0.008924479166666662
3 0.7777222222222223 0.7101666666666666 0.10790625000000001 0.007445312500000038
3 0.7775138888888888 0.718640625 0.10421875000000003 0.004940104166666673
3 0.7759375 0.7285520833333333 0.10798611111111112 0.00964322916666666
3 0.7713402777777778 0.7384479166666668 0.096875 0.008481770833333376