3 0.6680555555555555 0.012109375 0.4027777777777778 0.02421875
3 0.665875 0.04350781250000004 0.3775763888888888 0.023531249999999913
3 0.6693472222222222 0.07331250000000003 0.3260902777777777 0.02163671874999995
3 0.6706388888888889 0.10628124999999997 0.33372916666666663 0.023246093750000085
3 0.6849166666666666 0.13809375 0.35952083333333335 0.022691406250000056
3 0.6779722222222222 0.16772656250000004 0.30813194444444447 0.02007031250000004
3 0.6985138888888889 0.20037500000000003 0.38462499999999994 0.036203125000000114
3 0.13958333333333334 0.321875 0.14583333333333334 0.025
3 0.14791666666666667 0.346875 0.14722222222222223 0.01953125
3 0.13819444444444445 0.369140625 0.16111111111111112 0.01875
3 0.15069444444444444 0.396484375 0.1763888888888889 0.023046875
3 0.14652777777777778 0.423046875 0.15833333333333333 0.01875
3 0.14375 0.446484375 0.14305555555555555 0.025
3 0.14930555555555555 0.4734375 0.13194444444444445 0.0171875
3 0.1451388888888889 0.493359375 0.15763888888888888 0.02890625
3 0.1527777777777778 0.517578125 0.15347222222222223 0.016796875
3 0.1486111111111111 0.538671875 0.1388888888888889 0.01953125
3 0.15486111111111112 0.566796875 0.15902777777777777 0.016796875
2 0.28958333333333336 0.312109375 0.07083333333333333 0.00546875
2 0.29444444444444445 0.326953125 0.07361111111111111 0.016015625
2 0.2965277777777778 0.34609375 0.07916666666666666 0.01640625
2 0.2951388888888889 0.36640625 0.06736111111111111 0.019921875
2 0.29583333333333334 0.385546875 0.06805555555555555 0.01640625
2 0.29583333333333334 0.4015625 0.06597222222222222 0.0234375
2 0.29305555555555557 0.423046875 0.06458333333333334 0.01796875
2 0.28958333333333336 0.440625 0.08194444444444444 0.014453125
2 0.29444444444444445 0.4578125 0.06875 0.015625
2 0.2923611111111111 0.480078125 0.07013888888888889 0.02421875
2 0.6548611111111111 0.319140625 0.5319444444444444 0.01953125
2 0.6590277777777778 0.5375 0.5402777777777777 0.0328125
2 0.6340277777777777 0.5765625 0.49027777777777776 0.0421875
2 0.6660277777777778 0.710421875 0.4529930555555557 0.03487890624999999
2 0.6354722222222222 0.7467265624999999 0.4041666666666667 0.032781250000000026
2 0.63825 0.9017109375000001 0.39177083333333323 0.027968750000000143
2 0.6503194444444444 0.93825 0.39401388888888894 0.0317617187499998
2 0.6659166666666666 0.969265625 0.310361111111111 0.02124609375000013
3 0.6763888888888889 0.36484375 0.575 0.034375
3 0.6902777777777778 0.40703125 0.6027777777777777 0.0375
3 0.6680555555555555 0.451171875 0.5583333333333333 0.03203125
3 0.6694444444444444 0.621875 0.5611111111111111 0.0265625
3 0.6359027777777778 0.6589296874999999 0.48781944444444447 0.03132031249999993
3 0.6792777777777778 0.7856640625 0.47627777777777774 0.028781249999999935
3 0.6623888888888889 0.8174609374999999 0.4724305555555555 0.02385937499999997
3 0.642625 0.8502734375 0.4350416666666667 0.029398437500000086
3 0.6576388888888889 0.99453125 0.3736111111111111 0.0109375
0 0.6576388888888889 0.498828125 0.5375 0.02265625