2 0.5965622664583191 0.8414634146341463 0.6156940009511517 0.3170731707317074
0 0.32523948637815076 0.012195121951219513 0.19131734492832397 0.024390243902439025
0 0.3459713295740199 0.05151219512195123 0.18954331136626118 0.01997560975609769
0 0.3422145526190638 0.08282926829268288 0.16696786466471905 0.03648780487804887
0 0.3530326788504654 0.13904878048780486 0.16039350499354582 0.03682926829268297
0 0.3275352945172906 0.18217073170731707 0.12258224064134798 0.020243902439024297
0 0.31250818669746583 0.22197560975609754 0.1301305795230655 0.02078048780487801
0 0.3649639241796317 0.27575609756097563 0.19368272301107414 0.033390243902439165
0 0.3571720904952782 0.31987804878048776 0.17618588219308373 0.04119512195121944
0 0.35463278755350225 0.35743902439024394 0.17674244174196624 0.018780487804878176
0 0.3412753583803248 0.3966585365853658 0.1462708064406549 0.05965853658536591
0 0.3490671920646783 0.429829268292683 0.1637676472586453 0.013121951219512207
0 0.3452060601943068 0.4559268292682927 0.13538311026564304 0.0347317073170732
0 0.34955418166995045 0.4925853658536585 0.12522589849853932 0.040512195121951255
0 0.3660770432773966 0.5303658536585366 0.13576574495549962 0.034853658536585286
0 0.3579025749031863 0.5629268292682927 0.10247652693797138 0.05143902439024406