1 0.4131944444444444 0.72734375 0.07361111111111111 0.028125
1 0.4152777777777778 0.75234375 0.06944444444444445 0.0234375
2 0.8456250000000001 0.8126093749999999 0.24284722222222224 0.12424609375000006
2 0.8218055555555556 0.9030156250000001 0.15074999999999994 0.010042968750000015
2 0.8243611111111111 0.9134218749999998 0.12451388888888885 0.0052304687499999504
2 0.8292083333333333 0.9241093750000001 0.11602777777777773 0.006203125000000043
2 0.8240277777777777 0.9342890624999999 0.10409027777777785 0.0025703124999999715
2 0.8533055555555555 0.9401796874999999 0.08194444444444444 0.0038046875000000923
2 0.8626527777777778 0.9480546875 0.06434027777777784 0.006992187500000036
2 0.88025 0.9548124999999998 0.06065972222222216 0.006992187500000036
0 0.7251527777777778 0.4886875 0.08911111111111107 0.018890625000000005
0 0.7463611111111111 0.5060078125 0.0887361111111111 0.01399218750000002
0 0.7361527777777778 0.522265625 0.06531944444444449 0.00850781249999999
0 0.7380277777777777 0.534171875 0.07658333333333331 0.009359375000000014
0 0.7450833333333334 0.54696875 0.07568055555555557 0.006398437500000043
0 0.7435833333333334 0.557 0.06666666666666667 0.011687500000000028
0 0.7479027777777778 0.5750078125 0.06404166666666669 0.011796875000000017
0 0.7377222222222222 0.5888203125 0.04894444444444446 0.006484374999999964
0 0.7317222222222223 0.6015703125 0.05195833333333337 0.006656249999999986
0 0.7526666666666666 0.6187968749999999 0.07733333333333334 0.010695312500000043
0 0.7495555555555556 0.6329296875 0.07034722222222219 0.01319531249999999
0 0.7485416666666668 0.6449609374999999 0.07056944444444453 0.006015625000000036
0 0.7432083333333334 0.6575234375 0.05840277777777771 0.01910937500000003
0 0.7463194444444444 0.6681484375 0.06538888888888887 0.004203124999999997
0 0.7447777777777778 0.6765078125 0.054055555555555496 0.011125000000000006
0 0.7465138888888889 0.68825 0.05 0.01297656250000001
0 0.7531111111111112 0.7003515625000001 0.054208333333333296 0.011164062499999971
0 0.7498472222222222 0.7107812499999999 0.04091666666666672 0.016476562500000024
0 0.55 0.527734375 0.2 0.11484375
0 0.5256944444444445 0.6078125 0.15138888888888888 0.015625
0 0.5222222222222223 0.623828125 0.14444444444444443 0.01015625
0 0.53125 0.639453125 0.1625 0.01171875
0 0.5145833333333333 0.65703125 0.12916666666666668 0.0125
0 0.5194444444444445 0.672265625 0.1388888888888889 0.01015625
0 0.5125 0.684765625 0.125 0.00546875
0 0.5131944444444444 0.698828125 0.12638888888888888 0.01171875
0 0.5145833333333333 0.71484375 0.12916666666666668 0.0078125
0 0.5090277777777777 0.7265625 0.11805555555555555 0.0078125
0 0.5284722222222222 0.7375 0.15694444444444444 0.0078125
0 0.5060416666666667 0.7504453125 0.11069444444444443 0.010890625000000043
0 0.5161111111111112 0.76321875 0.11833333333333332 0.009101562500000071