2 0.4513888888888889 0.3974609375 0.3090277777777778 0.158203125
2 0.4817708333333333 0.2841796875 0.19618055555555555 0.013671875
2 0.4782986111111111 0.271484375 0.1684027777777778 0.0068359375
2 0.4722222222222222 0.2578125 0.16493055555555555 0.009765625
2 0.4782986111111111 0.2451171875 0.13541666666666666 0.0048828125
2 0.4418402777777778 0.23779296875 0.11458333333333333 0.005859375
2 0.4305555555555556 0.22802734375 0.08506944444444445 0.009765625
2 0.4079861111111111 0.2197265625 0.078125 0.009765625
0 0.6666666666666666 0.884765625 0.3645833333333333 0.1376953125
0 0.6024305555555556 0.80224609375 0.1111111111111111 0.0234375
0 0.5755208333333334 0.78076171875 0.1111111111111111 0.017578125
0 0.5885416666666666 0.76025390625 0.08159722222222222 0.0107421875
0 0.5859375 0.74560546875 0.0954861111111111 0.01171875
0 0.5772569444444444 0.7294921875 0.09375 0.0078125
0 0.5789930555555556 0.716796875 0.08333333333333333 0.0146484375
0 0.5737847222222222 0.6943359375 0.0798611111111111 0.0146484375
0 0.5868055555555556 0.67724609375 0.06076388888888889 0.0078125
0 0.59375 0.6611328125 0.0642361111111111 0.0087890625
0 0.5677083333333334 0.6396484375 0.09722222222222222 0.013671875
0 0.5720486111111112 0.6220703125 0.08854166666666667 0.0166015625
0 0.5729166666666666 0.60693359375 0.08854166666666667 0.0078125
0 0.5798611111111112 0.59130859375 0.07291666666666667 0.0234375
0 0.5755208333333334 0.578125 0.08159722222222222 0.0048828125
0 0.578125 0.5673828125 0.06770833333333333 0.013671875
0 0.5755208333333334 0.552734375 0.0625 0.0166015625
0 0.5677083333333334 0.53759765625 0.06770833333333333 0.013671875
0 0.5711805555555556 0.5244140625 0.050347222222222224 0.0205078125
0 0.8480902777777778 0.7529296875 0.3038194444444444 0.1435546875
0 0.8732638888888888 0.65283203125 0.234375 0.0205078125
0 0.8784722222222222 0.6328125 0.22743055555555555 0.013671875
0 0.8680555555555556 0.61328125 0.25 0.015625
0 0.8888888888888888 0.59130859375 0.21180555555555555 0.015625
0 0.8767361111111112 0.57177734375 0.20833333333333334 0.0126953125
0 0.8793402777777778 0.55712890625 0.18055555555555555 0.0068359375
0 0.8828125 0.5390625 0.1909722222222222 0.0146484375
0 0.8715277777777778 0.51953125 0.1736111111111111 0.009765625
0 0.8758680555555556 0.50439453125 0.1545138888888889 0.009765625
0 0.8480902777777778 0.49072265625 0.19618055555555555 0.009765625
0 0.8758680555555556 0.47509765625 0.1388888888888889 0.013671875
0 0.8637152777777778 0.458984375 0.14756944444444445 0.01171875