1 0.4160590277777778 0.470458984375 0.3424131944444444 0.013173828125000009
1 0.41359375000000004 0.45318359374999995 0.328125 0.018291015625000018
1 0.4168055555555556 0.43327148437499996 0.3185069444444444 0.020546874999999964
1 0.416875 0.41411132812499996 0.30128472222222213 0.01529296875000008
1 0.4272916666666667 0.39458007812499996 0.2847222222222222 0.01830078125000001
1 0.41760416666666667 0.375390625 0.2613541666666667 0.015380859375
0 0.4025694444444444 0.35249023437500004 0.30743055555555565 0.014589843750000053
0 0.4068576388888888 0.335703125 0.28927083333333337 0.01587890624999999
0 0.39883680555555556 0.31668945312499996 0.27857638888888886 0.019335937499999956
0 0.39649305555555553 0.29681640625000005 0.26722222222222214 0.013251953124999938
0 0.3895486111111111 0.276982421875 0.2586805555555556 0.013857421875000053
0 0.3981076388888889 0.25771484375 0.25440972222222213 0.012587890625000098
0 0.4010416666666667 0.23885742187500003 0.2763020833333333 0.012744140624999956
0 0.3988368055555555 0.22134765624999997 0.27322916666666663 0.013203124999999982
0 0.4042534722222222 0.202041015625 0.2667013888888889 0.017265625000000062
2 0.4258854166666667 0.8982617187499999 0.3687152777777778 0.02806640625000001
2 0.44725694444444447 0.864384765625 0.36338541666666657 0.01620117187499992
2 0.45112847222222224 0.84681640625 0.34175347222222224 0.012275390624999938
2 0.4427083333333333 0.824365234375 0.33828125000000003 0.013613281250000053
2 0.4552604166666667 0.80103515625 0.3259895833333333 0.020449218750000053
2 0.45499999999999996 0.778154296875 0.30407986111111107 0.023388671875000044
2 0.4382986111111111 0.75880859375 0.31611111111111106 0.017763671875000053
2 0.4241493055555556 0.73427734375 0.3251909722222223 0.02099609375
2 0.4255555555555556 0.7153515625 0.31062499999999993 0.02280273437499991
2 0.4265451388888889 0.694052734375 0.3139756944444445 0.01807617187499999
3 0.4293576388888889 0.671416015625 0.3008854166666668 0.01601562500000009
3 0.4413715277777778 0.6529003906249999 0.31958333333333333 0.019248046875000036
3 0.4266840277777778 0.632841796875 0.31690972222222225 0.01880859374999999
3 0.4288194444444444 0.613525390625 0.32652777777777786 0.01384765624999984
3 0.4173958333333333 0.595087890625 0.32906250000000004 0.021445312500000036
3 0.4139930555555556 0.572958984375 0.3315972222222222 0.016865234374999982
3 0.4269444444444444 0.5522265625 0.3121006944444445 0.013271484375000142
3 0.4264236111111111 0.536337890625 0.3110243055555555 0.009736328125000027
3 0.42248263888888893 0.5177539062500001 0.3125 0.017607421874999973
3 0.41098958333333335 0.49919921874999995 0.3055555555555556 0.017158203124999938