3 0.7710590277777778 0.354375 0.4495312500000001 0.02497070312500005
3 0.7760416666666666 0.3828125 0.4479166666666667 0.015625
3 0.7689756944444445 0.413701171875 0.4407465277777778 0.01886718750000005
3 0.7697916666666667 0.4446875 0.4168923611111109 0.028769531250000036
3 0.7488368055555555 0.472041015625 0.40508680555555565 0.026171874999999956
3 0.7570659722222222 0.50380859375 0.41458333333333347 0.022011718749999964
3 0.7592534722222221 0.530244140625 0.4027777777777778 0.025410156249999982
3 0.760295138888889 0.562216796875 0.39328124999999997 0.01773437500000008
3 0.7741840277777778 0.58896484375 0.4118055555555554 0.02564453124999999
3 0.73078125 0.62158203125 0.29491319444444447 0.02708984375000001
2 0.75046875 0.025087890625 0.48703124999999997 0.027333984375000002
2 0.7638888888888888 0.056640625 0.4722222222222222 0.02734375
2 0.7855902777777778 0.08984375 0.4288194444444444 0.029296875
2 0.7916666666666666 0.12451171875 0.4166666666666667 0.0263671875
2 0.7934027777777778 0.15576171875 0.4131944444444444 0.0283203125
2 0.7813715277777777 0.190771484375 0.3752256944444444 0.02615234375000003
2 0.7854166666666667 0.2222265625 0.37638888888888883 0.038271484375
2 0.7984895833333334 0.255625 0.4002256944444444 0.03189453124999997
2 0.7932812500000002 0.289619140625 0.3828645833333333 0.028515625000000044
2 0.8008159722222222 0.3223046875 0.37708333333333344 0.028789062500000018
1 0.7584548611111112 0.653857421875 0.3247743055555554 0.01871093750000008
1 0.7508159722222223 0.6787890625 0.3881944444444443 0.02822265625000009
1 0.74953125 0.708154296875 0.3463020833333334 0.020546874999999964
1 0.7513888888888889 0.7370703125 0.35000000000000003 0.02628906250000007
1 0.7444444444444445 0.763564453125 0.33611111111111114 0.018085937499999982
1 0.7459548611111112 0.788642578125 0.3090277777777778 0.020048828124999973
0 0.7579861111111111 0.81734375 0.36088541666666685 0.018867187499999938
0 0.7520833333333332 0.8460546875 0.37453125000000004 0.022910156250000036
0 0.7338020833333334 0.876142578125 0.34258680555555565 0.02318359375000001
0 0.7291666666666666 0.901796875 0.3888888888888889 0.030214843750000053
0 0.7472222222222222 0.94060546875 0.36944444444444435 0.02970703125000007
0 0.7424826388888889 0.968798828125 0.3252256944444445 0.01708007812500001
0 0.7372743055555556 0.990947265625 0.34491319444444435 0.017119140624999973