3 0.5746527777777778 0.60205078125 0.8506944444444444 0.1748046875
3 0.6148784722222222 0.48041992187500004 0.7349479166666667 0.04761718749999999
3 0.6656597222222222 0.426171875 0.6426562499999999 0.040566406249999964
3 0.6584201388888888 0.371552734375 0.5413715277777776 0.03423828124999995
3 0.6759201388888889 0.3319140625 0.5040451388888889 0.01748046875000009
3 0.6403298611111111 0.29537109375000004 0.3576388888888889 0.02383789062500008
3 0.65421875 0.25939453125 0.37383680555555565 0.02091796875000007
3 0.6498784722222222 0.23050781249999996 0.34779513888888897 0.01522460937499992
3 0.6261631944444445 0.20876953124999997 0.3234895833333334 0.014746093749999911
3 0.6196527777777778 0.186396484375 0.29022569444444435 0.009052734374999982
3 0.6137152777777778 0.16799804687499997 0.3043923611111112 0.016542968750000053
3 0.6401909722222222 0.14675781249999997 0.26765624999999993 0.018339843749999973