2 0.11838440111420613 0.4326171875 0.23676880222841226 0.431640625
0 0.9944289693593314 0.603515625 0.011142061281337047 0.11328125
0 0.9526462395543176 0.62109375 0.027855153203342618 0.0859375
0 0.8969359331476323 0.6318359375 0.03064066852367688 0.091796875
0 0.8203342618384402 0.5947265625 0.04735376044568245 0.13671875
0 0.7562674094707521 0.6005859375 0.0584958217270195 0.123046875
0 0.7033426183844012 0.6015625 0.027855153203342618 0.123046875
0 0.6476323119777159 0.611328125 0.08635097493036212 0.103515625
0 0.6002785515320335 0.60546875 0.019498607242339833 0.115234375
0 0.5626740947075209 0.6083984375 0.05013927576601671 0.095703125
0 0.5111420612813371 0.60546875 0.0584958217270195 0.087890625
0 0.4568245125348189 0.59375 0.05013927576601671 0.095703125
0 0.41086350974930363 0.599609375 0.07242339832869081 0.072265625