2 0.3563497571131159 0.24114583333333334 0.19049271339347676 0.059895833333333336
2 0.33691880638445526 0.28619791666666666 0.12005551700208189 0.0049479166666666664
2 0.339000693962526 0.29140625 0.10235947258848022 0.0026041666666666665
2 0.3428174878556558 0.296875 0.09437890353920889 0.003125
2 0.3386537126995142 0.30182291666666666 0.08674531575294935 0.0013020833333333333
2 0.36224843858431643 0.30494791666666665 0.06662040249826509 0.0015625
2 0.369882026370576 0.30885416666666665 0.052394170714781405 0.0033854166666666668
2 0.3844552394170715 0.31223958333333335 0.04823039555863983 0.0033854166666666668
0 0.21651630811936157 0.04609375 0.20749479528105483 0.04765625
0 0.25850104094378906 0.07916666666666666 0.06453851492019431 0.008333333333333333
0 0.27550312283136713 0.08776041666666666 0.06419153365718251 0.00625
0 0.26717557251908397 0.09583333333333334 0.05135322692574601 0.004166666666666667
0 0.26891047883414293 0.10182291666666667 0.05690492713393477 0.004166666666666667
0 0.2744621790423317 0.10833333333333334 0.05794587092297016 0.002864583333333333
0 0.2734212352532963 0.11328125 0.04961832061068702 0.005208333333333333
0 0.2768910478834143 0.12239583333333333 0.05065926439972242 0.005729166666666666
0 0.2685634975711312 0.12916666666666668 0.037820957668285915 0.002864583333333333
0 0.263705759888966 0.13567708333333334 0.03573907009021513 0.00234375
0 0.28070784177654406 0.14427083333333332 0.05968077723802915 0.0049479166666666664
0 0.2782789729354615 0.15130208333333334 0.05447605829285219 0.005989583333333334
0 0.2772380291464261 0.15729166666666666 0.05586398334489938 0.0026041666666666665
0 0.2730742539902845 0.16354166666666667 0.04059680777238029 0.008333333333333333
0 0.27550312283136713 0.16875 0.05135322692574601 0.0018229166666666667
0 0.2744621790423317 0.17291666666666666 0.04233171408743928 0.005208333333333333
0 0.2758501040943789 0.17890625 0.037126995142262316 0.00546875
0 0.28105482303955587 0.18489583333333334 0.0388619014573213 0.0046875
0 0.2782789729354615 0.19010416666666666 0.02914642609299098 0.0067708333333333336
0 0.09888965995836224 0.09895833333333333 0.1835530881332408 0.053385416666666664
0 0.08223455933379598 0.13880208333333333 0.1436502428868841 0.007552083333333333
0 0.0791117279666898 0.146875 0.13497571131158917 0.0046875
0 0.08605135322692574 0.1546875 0.14954892435808467 0.00546875
0 0.07217210270645386 0.16328125 0.1183206106870229 0.00546875
0 0.08015267175572519 0.17109375 0.12630117973629423 0.0046875
0 0.07807078417765441 0.17734375 0.10582928521859819 0.0020833333333333333
0 0.07633587786259542 0.184375 0.12421929215822346 0.005208333333333333
0 0.08327550312283137 0.1921875 0.10305343511450382 0.0036458333333333334
0 0.08084663428174879 0.19817708333333334 0.09888965995836224 0.0033854166666666668
0 0.09888965995836224 0.20364583333333333 0.12144344205412907 0.0033854166666666668
0 0.08049965301873699 0.20989583333333334 0.08431644691186677 0.0049479166666666664
0 0.08848022206800833 0.21640625 0.09437890353920889 0.004166666666666667
3 0.8247744621790424 0.28072916666666664 0.35045107564191535 0.09479166666666666
3 0.8247744621790424 0.35494791666666664 0.35045107564191535 0.044270833333333336
2 0.27931991672449685 0.40182291666666664 0.1436502428868841 0.0036458333333333334
2 0.2817487855655795 0.4125 0.10721721027064539 0.014322916666666666
2 0.27931991672449685 0.42526041666666664 0.10791117279666898 0.0067708333333333336
2 0.2886884108258154 0.4356770833333333 0.12803608605135322 0.00859375
2 0.29354614850798055 0.44635416666666666 0.10166551006245662 0.005208333333333333
2 0.28556557945870925 0.45729166666666665 0.10270645385149202 0.00546875
1 0.2817487855655795 0.46484375 0.1339347675225538 0.010416666666666666
3 0.2630117973629424 0.47630208333333335 0.12838306731436502 0.0109375