2 0.5483506944444445 0.39732421875 0.31718750000000007 0.15924804687499994
2 0.5185763888888889 0.28431640625 0.20500000000000007 0.014365234375000036
2 0.5217708333333334 0.27130859375000005 0.1776041666666666 0.008193359375000098
2 0.5278298611111111 0.25794921875 0.17375000000000007 0.010625000000000107
2 0.5213541666666667 0.245224609375 0.14390624999999999 0.005449218749999929
2 0.5579513888888888 0.23786132812500005 0.1232638888888889 0.006582031250000009
2 0.5696354166666667 0.228017578125 0.09314236111111107 0.010644531250000089
2 0.5916319444444444 0.21957031250000003 0.08741319444444448 0.010644531250000089
0 0.3335590277777778 0.884892578125 0.37366319444444446 0.13827148437499992
0 0.39776041666666667 0.8022265625 0.1200694444444444 0.024589843750000062
0 0.4242708333333333 0.780576171875 0.11960069444444442 0.01846679687500008
0 0.41151041666666666 0.76025390625 0.09032986111111116 0.011611328124999876
0 0.41385416666666663 0.74537109375 0.1044097222222222 0.012675781250000018
0 0.42267361111111107 0.729375 0.10328125000000002 0.008974609375000053
0 0.4207986111111111 0.7168359375 0.0920138888888889 0.015585937500000036
0 0.4261979166666667 0.694326171875 0.08873263888888891 0.01572265624999991
0 0.4134722222222222 0.677060546875 0.06986111111111108 0.009082031249999956
0 0.40597222222222223 0.661123046875 0.07362847222222227 0.009296874999999982
0 0.4321527777777778 0.63958984375 0.10534722222222223 0.014345703125000053
0 0.4282638888888889 0.621923828125 0.0966145833333333 0.017470703125000098
0 0.42699652777777775 0.606884765625 0.09689236111111121 0.008496093750000044
0 0.42032986111111115 0.591181640625 0.0816840277777777 0.024863281250000036
0 0.42421875 0.577900390625 0.09041666666666665 0.006230468750000107
0 0.4222916666666667 0.5674511718749999 0.07624999999999993 0.014882812500000009
0 0.42446180555555557 0.5527734375 0.07118055555555555 0.017197265625000124
0 0.43270833333333336 0.537646484375 0.07644097222222218 0.014931640624999964
0 0.4286284722222222 0.524609375 0.05982638888888895 0.021572265625000142
0 0.15364583333333334 0.751953125 0.3072916666666667 0.14453125
0 0.12664930555555556 0.6529101562499999 0.24288194444444444 0.021132812499999876
0 0.12161458333333333 0.63279296875 0.23628472222222222 0.014492187500000142
0 0.1323784722222222 0.6133593749999999 0.2578125 0.01625976562500009
0 0.1109375 0.5914746093750001 0.22013888888888888 0.017041015625000044
0 0.12343749999999999 0.5719921875 0.2173611111111111 0.014023437500000124
0 0.12039930555555554 0.556904296875 0.18871527777777775 0.008066406249999991
0 0.11744791666666668 0.53908203125 0.20017361111111112 0.015400390624999982
0 0.12803819444444445 0.519296875 0.1831597222222222 0.011005859374999982
0 0.12447916666666667 0.5043261718750001 0.1638888888888889 0.010683593750000053
0 0.15225694444444446 0.490849609375 0.20555555555555557 0.010292968749999964
0 0.12387152777777777 0.47502929687499995 0.1470486111111111 0.014589843750000053
0 0.13645833333333332 0.45906250000000004 0.1565972222222222 0.012353515625000089