2 0.3034722222222222 0.3463541666666667 0.46076388888888886 0.029166666666666667
2 0.28854166666666664 0.4466145833333333 0.37604166666666666 0.030989583333333334
2 0.3055555555555556 0.48203125 0.33784722222222224 0.027083333333333334
2 0.16215277777777778 0.50859375 0.14722222222222223 0.034895833333333334
2 0.4010416666666667 0.5424479166666667 0.14131944444444444 0.0265625
0 0.32013888888888886 0.23645833333333333 0.5333333333333333 0.15442708333333333
3 0.28368055555555555 0.4044270833333333 0.415625 0.037760416666666664
2 0.09479166666666666 0.7640625 0.18958333333333333 0.023958333333333335
2 0.09479166666666666 0.7971354166666667 0.18958333333333333 0.0265625
2 0.08819444444444445 0.82890625 0.1763888888888889 0.0234375
2 0.09791666666666667 0.8559895833333333 0.19583333333333333 0.019270833333333334
2 0.08888888888888889 0.8856770833333333 0.17777777777777778 0.028645833333333332
0 0.4125 0.7828125 0.39444444444444443 0.065625
0 0.421875 0.8442708333333333 0.37569444444444444 0.0375
3 0.4354166666666667 0.8950520833333333 0.3486111111111111 0.03697916666666667
3 0.44479166666666664 0.93046875 0.3298611111111111 0.03697916666666667
3 0.45729166666666665 0.9716145833333333 0.30486111111111114 0.0484375
2 0.7170138888888888 0.9645833333333333 0.21458333333333332 0.07083333333333333
2 0.8079861111111111 0.9809895833333333 0.0006944444444444445 0.03802083333333333