3 0.8022284122562674 0.2587890625 0.3955431754874652 0.064453125
3 0.8091922005571031 0.330078125 0.3816155988857939 0.0390625
3 0.8036211699164345 0.4072265625 0.39275766016713093 0.048828125
3 0.8175487465181058 0.484375 0.3649025069637883 0.07421875
3 0.8022284122562674 0.5517578125 0.3955431754874652 0.068359375
3 0.8050139275766016 0.6318359375 0.38997214484679665 0.056640625
3 0.8147632311977716 0.697265625 0.37047353760445684 0.06640625
3 0.8189415041782729 0.7783203125 0.362116991643454 0.044921875
3 0.8245125348189415 0.84375 0.35097493036211697 0.06640625
3 0.8384401114206128 0.9267578125 0.3231197771587744 0.068359375
2 0.8537604456824512 0.0263671875 0.2924791086350975 0.052734375
2 0.8579387186629527 0.0966796875 0.2841225626740947 0.072265625
2 0.8676880222841226 0.1787109375 0.2646239554317549 0.076171875