1 0.4160590277777778 0.470458984375 0.3476215277777777 0.010244140625000009
1 0.41359375000000004 0.45318359374999995 0.3333333333333333 0.015361328125000018
1 0.4168055555555556 0.43327148437499996 0.32371527777777775 0.017617187499999964
1 0.416875 0.41411132812499996 0.3064930555555555 0.01236328125000008
1 0.4272916666666667 0.39458007812499996 0.2899305555555556 0.015371093750000009
1 0.41760416666666667 0.375390625 0.26656250000000004 0.012451171875
0 0.4025694444444444 0.35249023437500004 0.31263888888888897 0.011660156250000053
0 0.4068576388888888 0.335703125 0.2944791666666667 0.012949218749999991
0 0.39883680555555556 0.31668945312499996 0.2837847222222222 0.016406249999999956
0 0.39649305555555553 0.29681640625000005 0.2724305555555555 0.010322265624999938
0 0.3895486111111111 0.276982421875 0.2638888888888889 0.010927734375000053
0 0.3981076388888889 0.25771484375 0.2596180555555555 0.009658203125000098
0 0.4010416666666667 0.23885742187500003 0.28151041666666665 0.009814453124999956
0 0.3988368055555555 0.22134765624999997 0.2784375 0.010273437499999982
0 0.4042534722222222 0.202041015625 0.2719097222222222 0.014335937500000062
2 0.4258854166666667 0.8982617187499999 0.3739236111111111 0.02513671875000001
2 0.44725694444444447 0.864384765625 0.3685937499999999 0.01327148437499992
2 0.45112847222222224 0.84681640625 0.3469618055555556 0.009345703124999938
2 0.4427083333333333 0.824365234375 0.34348958333333335 0.010683593750000053
2 0.4552604166666667 0.80103515625 0.33119791666666665 0.017519531250000053
2 0.45499999999999996 0.778154296875 0.3092881944444444 0.020458984375000044
2 0.4382986111111111 0.75880859375 0.32131944444444444 0.014833984375000053
2 0.4241493055555556 0.73427734375 0.33039930555555563 0.01806640625
2 0.4255555555555556 0.7153515625 0.31583333333333324 0.01987304687499991
2 0.4265451388888889 0.694052734375 0.3191840277777778 0.015146484374999991
3 0.4293576388888889 0.671416015625 0.3060937500000001 0.013085937500000089
3 0.4413715277777778 0.6529003906249999 0.32479166666666665 0.016318359375000036
3 0.4266840277777778 0.632841796875 0.3221180555555556 0.01587890624999999
3 0.4288194444444444 0.613525390625 0.3317361111111112 0.01091796874999984
3 0.4173958333333333 0.595087890625 0.33427083333333335 0.018515625000000036
3 0.4139930555555556 0.572958984375 0.3368055555555556 0.013935546874999982
3 0.4269444444444444 0.5522265625 0.31730902777777786 0.010341796875000142
3 0.4264236111111111 0.536337890625 0.31623263888888886 0.006806640625000027
3 0.42248263888888893 0.5177539062500001 0.3177083333333333 0.014677734374999973
3 0.41098958333333335 0.49919921874999995 0.3107638888888889 0.014228515624999938