2 0.5483506944444445 0.60267578125 0.3362847222222223 0.15924804687499994
2 0.5185763888888889 0.71568359375 0.22409722222222228 0.014365234375000036
2 0.5217708333333334 0.72869140625 0.1967013888888888 0.008193359375000098
2 0.5278298611111111 0.74205078125 0.19284722222222228 0.010625000000000107
2 0.5213541666666667 0.754775390625 0.1630034722222222 0.005449218749999929
2 0.5579513888888888 0.762138671875 0.1423611111111111 0.006582031250000009
2 0.5696354166666667 0.771982421875 0.1122395833333333 0.010644531250000089
2 0.5916319444444444 0.7804296875 0.1065104166666667 0.010644531250000089
0 0.3335590277777778 0.115107421875 0.3927604166666667 0.13827148437500003
0 0.39776041666666667 0.1977734375 0.1391666666666666 0.024589843750000007
0 0.4242708333333333 0.219423828125 0.13869791666666664 0.018466796875000024
0 0.41151041666666666 0.23974609375 0.10942708333333338 0.011611328124999987
0 0.41385416666666663 0.25462890625 0.12350694444444442 0.012675781250000018
0 0.42267361111111107 0.270625 0.12237847222222224 0.008974609375000053
0 0.4207986111111111 0.2831640625 0.1111111111111111 0.015585937500000036
0 0.4261979166666667 0.305673828125 0.10782986111111113 0.015722656250000022
0 0.4134722222222222 0.322939453125 0.0889583333333333 0.009082031249999956
0 0.40597222222222223 0.338876953125 0.09272569444444449 0.009296874999999982
0 0.4321527777777778 0.36041015625 0.12444444444444445 0.014345703125000053
0 0.4282638888888889 0.378076171875 0.11571180555555552 0.017470703124999987
0 0.42699652777777775 0.393115234375 0.11598958333333344 0.008496093750000044
0 0.42032986111111115 0.408818359375 0.10078124999999992 0.024863281250000036
0 0.42421875 0.422099609375 0.10951388888888886 0.0062304687499999956
0 0.4222916666666667 0.432548828125 0.09534722222222215 0.014882812500000009
0 0.42446180555555557 0.4472265625 0.09027777777777778 0.017197265625000013
0 0.43270833333333336 0.462353515625 0.09553819444444439 0.014931640624999964
0 0.4286284722222222 0.475390625 0.07892361111111118 0.02157226562500003
0 0.15885416666666666 0.2470703125 0.3177083333333333 0.14453125
0 0.1284722222222222 0.3466796875 0.2569444444444444 0.021484375
0 0.12413194444444445 0.36669921875 0.2482638888888889 0.0146484375
0 0.13541666666666666 0.38623046875 0.2708333333333333 0.0166015625
0 0.11458333333333333 0.408203125 0.22916666666666666 0.017578125
0 0.12343749999999999 0.4280078125 0.23645833333333333 0.014023437500000013
0 0.12039930555555554 0.443095703125 0.20781249999999998 0.008066406249999991
0 0.11744791666666668 0.46091796875 0.21927083333333336 0.015400390624999982
0 0.12803819444444445 0.480703125 0.20225694444444445 0.011005859374999982
0 0.12447916666666667 0.49567382812499994 0.18298611111111113 0.010683593750000053
0 0.15225694444444446 0.509150390625 0.22465277777777778 0.010292968749999964
0 0.12387152777777777 0.524970703125 0.16614583333333333 0.014589843750000053
0 0.13645833333333332 0.5409375 0.17569444444444443 0.012353515625000089