2 0.06666666666666667 0.37395833333333334 0.13177083333333334 0.04479166666666667
2 0.06276041666666667 0.41171875 0.12395833333333334 0.004166666666666667
2 0.0359375 0.4309895833333333 0.04921875 0.008854166666666666
2 0.03828125 0.44479166666666664 0.06927083333333334 0.0078125
2 0.048177083333333336 0.4578125 0.0796875 0.007291666666666667
2 0.052083333333333336 0.46927083333333336 0.078125 0.009114583333333334
2 0.050520833333333334 0.4828125 0.07578125 0.0125
2 0.05364583333333333 0.49505208333333334 0.07942708333333333 0.005989583333333334
2 0.05625 0.5072916666666667 0.07942708333333333 0.007552083333333333
1 0.7623489583333334 0.42452083333333335 0.35929947916666666 0.04103906249999992
2 0.7846718750000001 0.11826041666666667 0.4202369791666667 0.06134114583333332
2 0.7697187500000001 0.249796875 0.3392864583333334 0.04607552083333329
2 0.7642864583333332 0.30679687499999997 0.34360156249999996 0.046604166666666676
2 0.7715052083333334 0.3672239583333334 0.2983619791666667 0.03932031250000006
3 0.7771562499999999 0.19533333333333333 0.3418151041666667 0.04637500000000004
0 0.761234375 0.46558854166666663 0.3265625 0.02228385416666671
0 0.7791666666666667 0.52571875 0.3930052083333334 0.07955729166666667
2 0.30755208333333334 0.971875 0.1796875 0.05625