2 0.4609375 0.60400390625 0.3229166666666667 0.1669921875
2 0.5017361111111112 0.7158203125 0.19791666666666666 0.01953125
2 0.4991319444444444 0.72900390625 0.1701388888888889 0.01171875
2 0.4947916666666667 0.74267578125 0.16493055555555555 0.0146484375
2 0.5026041666666666 0.7548828125 0.13541666666666666 0.0087890625
2 0.4661458333333333 0.763671875 0.11458333333333333 0.0087890625
2 0.4557291666666667 0.7734375 0.08506944444444445 0.01171875
2 0.4348958333333333 0.78271484375 0.0798611111111111 0.01171875
0 0.6302083333333334 0.11083984375 0.3767361111111111 0.1474609375
0 0.5737847222222222 0.1953125 0.11284722222222222 0.02734375
0 0.5494791666666666 0.2177734375 0.11284722222222222 0.0205078125
0 0.5642361111111112 0.2373046875 0.08333333333333333 0.0126953125
0 0.5633680555555556 0.25244140625 0.09722222222222222 0.0146484375
0 0.5555555555555556 0.2685546875 0.0954861111111111 0.0107421875
0 0.5590277777777778 0.28125 0.08506944444444445 0.0166015625
0 0.5555555555555556 0.3037109375 0.08159722222222222 0.0166015625
0 0.5703125 0.32080078125 0.0625 0.009765625
0 0.5789930555555556 0.33642578125 0.06597222222222222 0.009765625
0 0.5546875 0.3583984375 0.09722222222222222 0.0166015625
0 0.5598958333333334 0.3759765625 0.08854166666666667 0.01953125
0 0.5633680555555556 0.39111328125 0.08854166666666667 0.009765625
0 0.5711805555555556 0.40673828125 0.07465277777777778 0.0263671875
0 0.5685763888888888 0.419921875 0.08159722222222222 0.0078125
0 0.5711805555555556 0.43017578125 0.06944444444444445 0.015625
0 0.5703125 0.4453125 0.0642361111111111 0.017578125
0 0.5633680555555556 0.46044921875 0.06944444444444445 0.015625
0 0.5685763888888888 0.47314453125 0.05381944444444445 0.0224609375
0 0.8237847222222222 0.2373046875 0.3177083333333333 0.15234375
0 0.8585069444444444 0.33642578125 0.2361111111111111 0.02734375
0 0.8654513888888888 0.3564453125 0.22916666666666666 0.0205078125
0 0.8567708333333334 0.3759765625 0.25 0.0224609375
0 0.8802083333333334 0.39697265625 0.21180555555555555 0.0224609375
0 0.8689236111111112 0.4169921875 0.21006944444444445 0.01953125
0 0.8741319444444444 0.43212890625 0.18055555555555555 0.0126953125
0 0.8784722222222222 0.44970703125 0.19270833333333334 0.0205078125
0 0.8697916666666666 0.4697265625 0.1753472222222222 0.015625
0 0.875 0.48486328125 0.15625 0.0146484375
0 0.8480902777777778 0.4990234375 0.19791666666666666 0.0146484375
0 0.8776041666666666 0.513671875 0.1388888888888889 0.017578125
0 0.8671875 0.5302734375 0.14930555555555555 0.015625