1 0.14305555555555555 0.4390625 0.26805555555555555 0.0484375
1 0.13680555555555557 0.4640625 0.26666666666666666 0.0453125
1 0.12152777777777778 0.48671875 0.24305555555555555 0.0484375
1 0.10694444444444444 0.51015625 0.21388888888888888 0.040625
1 0.09166666666666666 0.5328125 0.18333333333333332 0.0390625
1 0.08402777777777778 0.55625 0.16805555555555557 0.0359375
1 0.0798611111111111 0.57734375 0.1597222222222222 0.0375
1 0.07083333333333333 0.596484375 0.14166666666666666 0.03359375
1 0.06458333333333334 0.6171875 0.12916666666666668 0.0359375
1 0.059027777777777776 0.636328125 0.11805555555555555 0.03359375
1 0.049305555555555554 0.65625 0.09861111111111111 0.025
0 0.03333333333333333 0.67734375 0.06666666666666667 0.034375
0 0.015277777777777777 0.69921875 0.030555555555555555 0.0203125
0 0.016666666666666666 0.720703125 0.03333333333333333 0.02265625
0 0.010416666666666666 0.741015625 0.020833333333333332 0.02109375
0 0.024305555555555556 0.76328125 0.04861111111111111 0.025
0 0.034722222222222224 0.784375 0.06944444444444445 0.028125
0 0.027777777777777776 0.8078125 0.05555555555555555 0.0296875
0 0.024305555555555556 0.824609375 0.04861111111111111 0.02578125
0 0.021527777777777778 0.8421875 0.043055555555555555 0.0265625
0 0.016666666666666666 0.861328125 0.03333333333333333 0.02578125
0 0.021527777777777778 0.878125 0.043055555555555555 0.0296875
0 0.058333333333333334 0.899609375 0.11666666666666667 0.03671875