1 0.24513888888888888 0.13541666666666666 0.3038194444444444 0.0734375
2 0.26493055555555556 0.19348958333333333 0.20625 0.011197916666666667
2 0.2791666666666667 0.20911458333333333 0.18680555555555556 0.0109375
2 0.2826388888888889 0.22213541666666667 0.13958333333333334 0.00859375
2 0.21215277777777777 0.23151041666666666 0.07013888888888889 0.007552083333333333
2 0.46145833333333336 0.44036458333333334 0.08402777777777778 0.022395833333333334
2 0.45555555555555555 0.46796875 0.07222222222222222 0.0171875
2 0.4565972222222222 0.48723958333333334 0.07430555555555556 0.013020833333333334
2 0.45416666666666666 0.51171875 0.06944444444444445 0.013020833333333334
2 0.453125 0.5364583333333334 0.06736111111111111 0.020833333333333332
2 0.4576388888888889 0.5604166666666667 0.0763888888888889 0.019791666666666666
2 0.46041666666666664 0.5809895833333333 0.08194444444444444 0.021354166666666667
2 0.46458333333333335 0.603125 0.09027777777777778 0.020833333333333332
2 0.46979166666666666 0.6234375 0.10069444444444445 0.021875
2 0.45902777777777776 0.6677083333333333 0.07916666666666666 0.023958333333333335
2 0.4625 0.6869791666666667 0.08611111111111111 0.016666666666666666
2 0.46076388888888886 0.70625 0.08263888888888889 0.017708333333333333
2 0.4565972222222222 0.7484375 0.07430555555555556 0.014583333333333334
2 0.45868055555555554 0.7684895833333333 0.07847222222222222 0.015104166666666667
2 0.4534722222222222 0.7864583333333334 0.06805555555555555 0.016666666666666666
2 0.4545138888888889 0.80703125 0.07013888888888889 0.0171875
2 0.4420138888888889 0.8278645833333333 0.04513888888888889 0.0234375
2 0.44027777777777777 0.8947916666666667 0.041666666666666664 0.015625
2 0.45 0.9796875 0.06111111111111111 0.009375
1 0.44930555555555557 0.64609375 0.059722222222222225 0.018229166666666668
3 0.44340277777777776 0.8755208333333333 0.04791666666666667 0.016666666666666666
3 0.4482638888888889 0.85078125 0.05763888888888889 0.0203125
3 0.4510416666666667 0.73125 0.06319444444444444 0.019791666666666666
0 0.44027777777777777 0.9356770833333333 0.041666666666666664 0.013020833333333334