3 0.7751736111111112 0.35693359375 0.4357638888888889 0.0302734375
3 0.78125 0.38623046875 0.4375 0.0205078125
3 0.7717013888888888 0.41650390625 0.4270833333333333 0.0244140625
3 0.7717013888888888 0.447265625 0.4045138888888889 0.0341796875
3 0.75 0.474609375 0.3923611111111111 0.03125
3 0.7569444444444444 0.50634765625 0.4010416666666667 0.02734375
3 0.7586805555555556 0.53271484375 0.3888888888888889 0.0302734375
3 0.7586805555555556 0.56494140625 0.3802083333333333 0.0224609375
3 0.7717013888888888 0.591796875 0.3993055555555556 0.0302734375
3 0.7265625 0.6240234375 0.28125 0.03125
2 0.7638888888888888 0.02734375 0.4722222222222222 0.033203125
2 0.7743055555555556 0.05908203125 0.4513888888888889 0.0322265625
2 0.7951388888888888 0.0927734375 0.4097222222222222 0.03515625
2 0.8003472222222222 0.1279296875 0.3993055555555556 0.03125
2 0.8020833333333334 0.15869140625 0.3958333333333333 0.0341796875
2 0.7907986111111112 0.193359375 0.3628472222222222 0.0302734375
2 0.7942708333333334 0.22509765625 0.3628472222222222 0.04296875
2 0.8064236111111112 0.2587890625 0.3871527777777778 0.037109375
2 0.7994791666666666 0.29248046875 0.3697916666666667 0.033203125
2 0.8064236111111112 0.3251953125 0.3645833333333333 0.033203125
1 0.7534722222222222 0.65625 0.3107638888888889 0.0224609375
1 0.7456597222222222 0.68115234375 0.375 0.033203125
1 0.7430555555555556 0.71044921875 0.3333333333333333 0.0244140625
1 0.7439236111111112 0.73974609375 0.3368055555555556 0.0302734375
1 0.7361111111111112 0.76611328125 0.3229166666666667 0.0224609375
1 0.7369791666666666 0.791015625 0.2951388888888889 0.0234375
0 0.7482638888888888 0.81982421875 0.3472222222222222 0.0234375
0 0.7413194444444444 0.8486328125 0.3611111111111111 0.02734375
0 0.7222222222222222 0.87841796875 0.3298611111111111 0.02734375
0 0.7170138888888888 0.90380859375 0.3767361111111111 0.03515625
0 0.7335069444444444 0.94287109375 0.3559027777777778 0.0341796875
0 0.7282986111111112 0.97119140625 0.3125 0.021484375
0 0.7213541666666666 0.9912109375 0.3315972222222222 0.017578125