1 0.4160590277777778 0.470458984375 0.30595486111111103 0.014150390625000009
1 0.41359375000000004 0.45318359374999995 0.2916666666666667 0.019267578125000018
1 0.4168055555555556 0.43327148437499996 0.28204861111111107 0.021523437499999964
1 0.416875 0.41411132812499996 0.2648263888888888 0.01626953125000008
1 0.4272916666666667 0.39458007812499996 0.2482638888888889 0.01927734375000001
1 0.41760416666666667 0.375390625 0.22489583333333338 0.016357421875
0 0.4025694444444444 0.35249023437500004 0.2709722222222223 0.015566406250000053
0 0.4068576388888888 0.335703125 0.2528125 0.01685546874999999
0 0.39883680555555556 0.31668945312499996 0.24211805555555552 0.020312499999999956
0 0.39649305555555553 0.29681640625000005 0.23076388888888882 0.014228515624999938
0 0.3895486111111111 0.276982421875 0.2222222222222222 0.014833984375000053
0 0.3981076388888889 0.25771484375 0.21795138888888882 0.013564453125000098
0 0.4010416666666667 0.23885742187500003 0.23984374999999997 0.013720703124999956
0 0.3988368055555555 0.22134765624999997 0.23677083333333332 0.014179687499999982
0 0.4042534722222222 0.202041015625 0.23024305555555558 0.018242187500000062
2 0.4258854166666667 0.8982617187499999 0.3322569444444444 0.02904296875000001
2 0.44725694444444447 0.864384765625 0.32692708333333326 0.01717773437499992
2 0.45112847222222224 0.84681640625 0.30529513888888893 0.013251953124999938
2 0.4427083333333333 0.824365234375 0.3018229166666667 0.014589843750000053
2 0.4552604166666667 0.80103515625 0.28953124999999996 0.021425781250000053
2 0.45499999999999996 0.778154296875 0.26762152777777776 0.024365234375000044
2 0.4382986111111111 0.75880859375 0.27965277777777775 0.018740234375000053
2 0.4241493055555556 0.73427734375 0.288732638888889 0.02197265625
2 0.4255555555555556 0.7153515625 0.2741666666666666 0.02377929687499991
2 0.4265451388888889 0.694052734375 0.27751736111111114 0.01905273437499999
3 0.4293576388888889 0.671416015625 0.2644270833333334 0.01699218750000009
3 0.4413715277777778 0.6529003906249999 0.28312499999999996 0.020224609375000036
3 0.4266840277777778 0.632841796875 0.28045138888888893 0.01978515624999999
3 0.4288194444444444 0.613525390625 0.2900694444444445 0.01482421874999984
3 0.4173958333333333 0.595087890625 0.2926041666666667 0.022421875000000036
3 0.4139930555555556 0.572958984375 0.2951388888888889 0.017841796874999982
3 0.4269444444444444 0.5522265625 0.2756423611111112 0.014248046875000142
3 0.4264236111111111 0.536337890625 0.2745659722222222 0.010712890625000027
3 0.42248263888888893 0.5177539062500001 0.2760416666666667 0.018583984374999973
3 0.41098958333333335 0.49919921874999995 0.2690972222222222 0.018134765624999938