1 0.4423611111111111 0.292578125 0.05 0.14765625
1 0.48680555555555555 0.292578125 0.044444444444444446 0.14765625
1 0.5298611111111111 0.286328125 0.05277777777777778 0.13515625
1 0.5736111111111111 0.280078125 0.041666666666666664 0.12265625
1 0.6159722222222223 0.2734375 0.043055555555555555 0.109375
1 0.6583333333333333 0.270703125 0.03888888888888889 0.10390625
1 0.6972222222222222 0.269921875 0.041666666666666664 0.10234375
1 0.7319444444444444 0.26640625 0.03611111111111111 0.0953125
1 0.76875 0.2640625 0.041666666666666664 0.090625
1 0.8041666666666667 0.262109375 0.03888888888888889 0.08671875
1 0.8416666666666667 0.258203125 0.025 0.07890625
0 0.88125 0.250390625 0.04583333333333333 0.06328125
0 0.9229166666666667 0.2421875 0.025 0.046875
0 0.9597222222222223 0.244140625 0.029166666666666667 0.05078125
0 0.9923611111111111 0.242578125 0.015277777777777777 0.04765625