1 0.3104166666666667 0.440234375 0.11805555555555555 0.01953125
3 0.8875 0.155078125 0.225 0.01796875
3 0.8895833333333333 0.178125 0.22083333333333333 0.0109375
3 0.8847222222222222 0.202734375 0.23055555555555557 0.01484375
3 0.8895833333333333 0.22734375 0.22083333333333333 0.021875
3 0.8777777777777778 0.24921875 0.24444444444444444 0.021875
3 0.8819444444444444 0.274609375 0.2361111111111111 0.01796875
3 0.8888888888888888 0.295703125 0.2222222222222222 0.01953125
3 0.8881944444444444 0.32109375 0.22361111111111112 0.0140625
3 0.8965277777777778 0.342578125 0.20694444444444443 0.01796875
3 0.8923611111111112 0.36875 0.2152777777777778 0.021875
2 0.8972222222222223 0.00390625 0.20555555555555555 0.0078125
2 0.8979166666666667 0.023828125 0.20416666666666666 0.02109375
2 0.90625 0.04921875 0.1875 0.028125
2 0.9006944444444445 0.076171875 0.1986111111111111 0.02578125
2 0.9013888888888889 0.103125 0.19722222222222222 0.0234375
2 0.9097222222222222 0.129296875 0.18055555555555555 0.02109375
1 0.9013888888888889 0.394921875 0.19722222222222222 0.01484375
1 0.8826388888888889 0.414453125 0.23472222222222222 0.02265625
1 0.8965277777777778 0.437890625 0.20694444444444443 0.01484375
2 0.15138888888888888 0.4796875 0.14097222222222222 0.018359375
2 0.15833333333333333 0.459375 0.14375 0.0125
2 0.6104166666666667 0.48828125 0.48194444444444445 0.0328125
2 0.6208333333333333 0.714453125 0.5027777777777778 0.03359375
2 0.5930555555555556 0.753125 0.44722222222222224 0.0421875
2 0.6021388888888889 0.8869843750000002 0.44327083333333345 0.03409765624999998
2 0.5833333333333334 0.92265625 0.42777777777777776 0.0375
3 0.6291666666666667 0.54140625 0.5194444444444445 0.0328125
3 0.6465277777777778 0.583203125 0.5541666666666667 0.03671875
3 0.6090277777777777 0.628125 0.4791666666666667 0.028125
3 0.625 0.798828125 0.5111111111111111 0.02578125
3 0.5909722222222222 0.834765625 0.44305555555555554 0.03046875
3 0.6153888888888889 0.9622265625 0.44230555555555545 0.02610937499999988
3 0.5979166666666667 0.99140625 0.44583333333333336 0.0171875
0 0.6159722222222223 0.675390625 0.4930555555555556 0.02265625