1 0.24513888888888888 0.11276041666666667 0.30659722222222224 0.06171875
2 0.26493055555555556 0.16119791666666666 0.2309027777777778 0.010416666666666666
2 0.2791666666666667 0.17421875 0.19756944444444444 0.009635416666666667
2 0.2826388888888889 0.18515625 0.13958333333333334 0.00703125
2 0.21215277777777777 0.19296875 0.07083333333333333 0.00625
3 0.17673611111111112 0.5377604166666666 0.35347222222222224 0.05260416666666667
2 0.20972222222222223 0.36276041666666664 0.41944444444444445 0.0765625
2 0.17430555555555555 0.4359375 0.3486111111111111 0.052083333333333336
2 0.1607638888888889 0.596875 0.3215277777777778 0.035416666666666666
2 0.16354166666666667 0.6565104166666667 0.32708333333333334 0.0609375
2 0.14340277777777777 0.7268229166666667 0.28680555555555554 0.05572916666666667
2 0.15 0.7903645833333334 0.3 0.0515625
2 0.14583333333333334 0.8424479166666666 0.2916666666666667 0.03802083333333333
2 0.1517361111111111 0.8979166666666667 0.3034722222222222 0.041666666666666664
2 0.6065972222222222 0.7513020833333334 0.37430555555555556 0.03177083333333333
2 0.5864583333333333 0.7994791666666666 0.33402777777777776 0.034375
2 0.6117083333333333 0.8488489583333333 0.35565625 0.03419010416666666
2 0.618451388888889 0.8869479166666667 0.35109027777777774 0.030476562500000172
2 0.5977152777777778 0.9297395833333333 0.3183541666666667 0.029364583333333392
2 0.5914652777777778 0.9645625 0.3380972222222223 0.023916666666666704
2 0.5881944444444445 0.9893229166666667 0.3375 0.021354166666666667
0 0.6434027777777778 0.30520833333333336 0.4479166666666667 0.010416666666666666
1 0.6402777777777777 0.34401041666666665 0.44166666666666665 0.05260416666666667
1 0.6350694444444445 0.38958333333333334 0.43125 0.05625
1 0.6326388888888889 0.4393229166666667 0.4263888888888889 0.0453125
1 0.6354166666666666 0.4765625 0.43194444444444446 0.04375
3 0.6236111111111111 0.5315104166666667 0.4083333333333333 0.03802083333333333
3 0.5996527777777778 0.5734375 0.36041666666666666 0.04375
3 0.6076388888888888 0.6138020833333333 0.3763888888888889 0.028645833333333332
3 0.615625 0.6528645833333333 0.3923611111111111 0.03177083333333333
3 0.5989583333333334 0.6973958333333333 0.3590277777777778 0.036458333333333336