2 0.05364583333333333 0.3067708333333333 0.10520833333333333 0.03619791666666667
2 0.050520833333333334 0.3375 0.10052083333333334 0.0033854166666666668
2 0.02890625 0.353125 0.03802083333333333 0.007291666666666667
2 0.030729166666666665 0.3645833333333333 0.05234375 0.005989583333333334
2 0.038802083333333334 0.37552083333333336 0.0671875 0.005989583333333334
2 0.041666666666666664 0.3846354166666667 0.05651041666666667 0.00703125
2 0.040625 0.3958333333333333 0.06015625 0.009635416666666667
2 0.043229166666666666 0.40572916666666664 0.06614583333333333 0.00546875
2 0.0453125 0.4158854166666667 0.07005208333333333 0.007291666666666667
2 0.7344479166666666 0.03063541666666666 0.3196432291666666 0.049755208333333335
2 0.7340781249999999 0.07325 0.3105651041666667 0.02518750000000001
2 0.7338541666666667 0.16596354166666666 0.31145833333333334 0.02414583333333328
2 0.7293177083333333 0.19892708333333337 0.2838541666666667 0.02459635416666662
2 0.7267135416666667 0.2395572916666667 0.29821354166666664 0.021552083333333392
2 0.7241822916666666 0.27661458333333333 0.29858593750000006 0.020888020833333344
2 0.73496875 0.36514062500000005 0.28392968749999997 0.02257812500000007
2 0.7418906249999999 0.3908125 0.28809375000000004 0.023145833333333362
2 0.7292395833333333 0.4294322916666667 0.26577604166666663 0.028067708333333267
2 0.7336302083333334 0.460390625 0.2581822916666667 0.02449999999999998
2 0.7322916666666667 0.49192708333333335 0.24270833333333333 0.016145833333333335
1 0.7360885416666666 0.12369270833333333 0.3389895833333334 0.037124999999999984
1 0.7282760416666666 0.32630729166666667 0.277234375 0.023588541666666647
1 0.30833333333333335 0.54921875 0.2833333333333333 0.03177083333333333
1 0.3215833333333334 0.6583125 0.2415520833333333 0.030130208333333287
2 0.31692708333333336 0.5104166666666666 0.26614583333333336 0.020833333333333332
0 0.3111979166666667 0.58359375 0.27760416666666665 0.033854166666666664
0 0.31484375 0.6190104166666667 0.2703125 0.03177083333333333
0 0.315625 0.6916666666666667 0.26875 0.026041666666666668
0 0.3104166666666667 0.7619791666666667 0.2791666666666667 0.021875
3 0.31290625 0.72746875 0.24536979166666673 0.024729166666666677
3 0.31053125000000004 0.797359375 0.22326562500000005 0.030244791666666753
3 0.32256770833333337 0.8312135416666667 0.23807812499999995 0.027359375000000106
3 0.3255208333333333 0.863859375 0.21735937499999997 0.027833333333333363
3 0.327546875 0.8992812499999999 0.19479166666666667 0.024598958333333344
3 0.3306145833333333 0.9233541666666666 0.17198958333333333 0.020906249999999935
3 0.3216145833333333 0.9893229166666667 0.2046875 0.021354166666666667
2 0.32771875 0.95940625 0.17777604166666663 0.021010416666666743
2 0.7482864583333334 0.74453125 0.3735130208333333 0.04244791666666667
2 0.750296875 0.8754270833333333 0.38363020833333344 0.08026302083333334