2 0.5844565217391304 0.514841075794621 0.3863043478260871 0.19812958435207817
2 0.5471739130434783 0.6563080684596577 0.24582608695652183 0.016760391198044053
2 0.5511739130434783 0.6725916870415647 0.21152173913043468 0.009034229828850979
2 0.5587608695652173 0.6893154034229829 0.20669565217391314 0.01207823960880209
2 0.5506521739130436 0.7052444987775061 0.1693260869565217 0.005599022004889887
2 0.5964782608695652 0.7144621026894865 0.14347826086956522 0.007017114914425439
2 0.611108695652174 0.7267848410757947 0.10576086956521734 0.012102689486552678
2 0.6386521739130434 0.737359413202934 0.09858695652173918 0.012102689486552678
0 0.39565217391304347 0.011002444987775062 0.1391304347826087 0.022004889975550123
0 0.4290869565217391 0.03507334963325183 0.13889130434782607 0.0218948655256724
0 0.4131086956521739 0.06051344743276284 0.10223913043478268 0.013312958435207807
0 0.41604347826086957 0.07914425427872862 0.11986956521739127 0.01464547677261616
0 0.42708695652173906 0.09916870415647923 0.11845652173913046 0.010012224938875372
0 0.4247391304347826 0.11486552567237161 0.10434782608695652 0.018288508557457256
0 0.4315 0.14304400977995108 0.10023913043478264 0.01845965770171152
0 0.41556521739130436 0.16465770171149144 0.07660869565217393 0.010146699266503611
0 0.4061739130434783 0.18460880195599022 0.0813260869565218 0.01041564792176037
0 0.4389565217391304 0.21156479217603913 0.12104347826086959 0.016735941320293466
0 0.4340869565217391 0.23367970660146697 0.11010869565217386 0.02064792176039118
0 0.4325 0.25250611246943766 0.11045652173913056 0.009413202933985386
0 0.4241521739130435 0.2721638141809291 0.09141304347826078 0.0299022004889976
0 0.4290217391304348 0.28878973105134476 0.10234782608695649 0.00657701711491442
0 0.4266086956521739 0.3018704156479218 0.08460869565217383 0.01740831295843522
0 0.42932608695652175 0.3202444987775061 0.0782608695652174 0.020305623471882656
0 0.4396521739130435 0.3391809290953545 0.08484782608695646 0.01746943765281169
0 0.43454347826086953 0.35550122249388755 0.06404347826086965 0.025782396088019598
0 0.1391304347826087 0.07946210268948656 0.2782608695652174 0.15892420537897312
0 0.10108695652173913 0.19437652811735942 0.20217391304347826 0.02444987775061125
0 0.09565217391304348 0.21943765281173594 0.19130434782608696 0.01589242053789731
0 0.10978260869565218 0.2438875305623472 0.21956521739130436 0.018337408312958436
0 0.08369565217391305 0.2713936430317848 0.1673913043478261 0.019559902200488997
0 0.09130434782608696 0.2952322738386308 0.1826086956521739 0.01589242053789731
0 0.08043478260869565 0.3147921760391198 0.1608695652173913 0.008557457212713936
0 0.08152173913043478 0.3367970660146699 0.16304347826086957 0.018337408312958436
0 0.08369565217391305 0.36185819070904646 0.1673913043478261 0.012224938875305624
0 0.075 0.3801955990220049 0.15 0.012224938875305624
0 0.10543478260869565 0.3973105134474328 0.2108695652173913 0.012224938875305624
0 0.06956521739130435 0.41687041564792177 0.1391304347826087 0.017114914425427872
0 0.08043478260869565 0.43704156479217604 0.1608695652173913 0.013447432762836185