3 0.8465277777777778 0.043359375 0.30694444444444446 0.03984375
3 0.8819444444444444 0.08671875 0.2361111111111111 0.0359375
3 0.9048611111111111 0.13046875 0.19027777777777777 0.028125
3 0.9145833333333333 0.162109375 0.17083333333333334 0.01640625
3 0.9291666666666667 0.19140625 0.14166666666666666 0.0203125
3 0.9340277777777778 0.219921875 0.13194444444444445 0.01796875
3 0.9354166666666667 0.243359375 0.12916666666666668 0.01484375
3 0.9340277777777778 0.260546875 0.13194444444444445 0.01328125
3 0.9305555555555556 0.278515625 0.1388888888888889 0.01171875
3 0.925 0.293359375 0.15 0.01640625
3 0.9430555555555555 0.31015625 0.11388888888888889 0.01875
3 0.13958333333333334 0.791796875 0.2791666666666667 0.09296875
3 0.12361111111111112 0.858984375 0.24722222222222223 0.03203125
3 0.1111111111111111 0.9015625 0.2222222222222222 0.034375
3 0.09444444444444444 0.937109375 0.18888888888888888 0.02265625
3 0.09375 0.96640625 0.1875 0.0234375
3 0.08958333333333333 0.994140625 0.17916666666666667 0.01171875