1 0.39947916666666666 0.24765625 0.11484375 0.0140625
1 0.39947916666666666 0.2609375 0.11223958333333334 0.011979166666666667
1 0.4044270833333333 0.27369791666666665 0.10520833333333333 0.015104166666666667
1 0.40963541666666664 0.28671875 0.096875 0.011979166666666667
1 0.41510416666666666 0.2994791666666667 0.08489583333333334 0.01171875
1 0.41744791666666664 0.31197916666666664 0.08020833333333334 0.010677083333333334
1 0.41796875 0.32369791666666664 0.07942708333333333 0.011458333333333333
1 0.42083333333333334 0.3341145833333333 0.0734375 0.009895833333333333
1 0.42291666666666666 0.3450520833333333 0.0671875 0.011197916666666667
1 0.4244791666666667 0.35546875 0.06171875 0.009895833333333333
1 0.4276041666666667 0.36666666666666664 0.059895833333333336 0.0067708333333333336
0 0.43385416666666665 0.37838541666666664 0.05026041666666667 0.013020833333333334
0 0.440625 0.39088541666666665 0.034375 0.0067708333333333336
0 0.4390625 0.40182291666666664 0.040625 0.008072916666666667
0 0.44036458333333334 0.41302083333333334 0.034895833333333334 0.0067708333333333336
0 0.43255208333333334 0.4239583333333333 0.04765625 0.00703125
0 0.42682291666666666 0.43515625 0.06302083333333333 0.008333333333333333
0 0.42890625 0.44765625 0.06171875 0.01015625
0 0.42916666666666664 0.45703125 0.05364583333333333 0.00703125
0 0.42942708333333335 0.4661458333333333 0.05390625 0.007552083333333333
0 0.43072916666666666 0.47630208333333335 0.0515625 0.007552083333333333
0 0.4276041666666667 0.48541666666666666 0.0625 0.009375
0 0.38619791666666664 0.49270833333333336 0.05078125 0.0140625
3 0.5924479166666666 0.24565104166666665 0.18880208333333334 0.021169270833333323
3 0.588921875 0.270234375 0.1589479166666667 0.019333333333333393
3 0.5871666666666667 0.29509375000000004 0.1464479166666667 0.01564322916666671
3 0.5877864583333333 0.3170677083333333 0.1412395833333333 0.014367187500000019
3 0.5995260416666667 0.3362916666666667 0.14299218749999998 0.016643229166666627
3 0.5928020833333334 0.3558958333333333 0.13148697916666668 0.015838541666666827
0 0.5910989583333334 0.13117708333333333 0.21931770833333336 0.01900781250000006
0 0.5926145833333333 0.15598958333333332 0.21444010416666667 0.01920052083333334
0 0.5914791666666666 0.178390625 0.2034088541666666 0.020291666666666687
0 0.593890625 0.2030625 0.19763281249999995 0.025742187499999975
2 0.5939375000000001 0.3807395833333333 0.1879270833333333 0.016343750000000056
2 0.5849895833333334 0.4011041666666666 0.16855989583333333 0.017106770833333465
2 0.5895833333333333 0.4254427083333333 0.14412760416666662 0.01672916666666661
2 0.5835208333333334 0.4493072916666667 0.14327604166666663 0.016497395833333428
2 0.5818177083333332 0.47350520833333337 0.11974479166666666 0.012049479166666781
2 0.5931822916666667 0.4909791666666667 0.11557812499999999 0.011484374999999858
2 0.5894895833333333 0.514421875 0.12514322916666665 0.015273437499999905
2 0.5861979166666667 0.528125 0.09947916666666666 0.003125
0 0.2822447916666667 0.6767656249999999 0.15923177083333329 0.036138020833333326
0 0.4037864583333333 0.7051250000000001 0.061031250000000155 0.041940104166666596
0 0.315484375 0.7101979166666667 0.0950286458333333 0.0251588541666667
1 0.20819270833333334 0.7146979166666667 0.06515104166666674 0.019638020833333294
1 0.3105572916666667 0.7529583333333334 0.11013281249999997 0.02776562499999997
1 0.4146302083333333 0.7684895833333333 0.032338541666666505 0.04249739583333341
1 0.22263020833333336 0.7513958333333333 0.0484375 0.018723958333333356
1 0.35724479166666673 0.7840677083333334 0.06391927083333329 0.021190104166666637
3 0.23338020833333334 0.7985885416666666 0.0738645833333333 0.02306510416666659
3 0.346640625 0.8167239583333333 0.09351302083333338 0.018619791666666666
3 0.22632812499999996 0.8236875 0.07400520833333335 0.02349739583333322
3 0.3463072916666667 0.8475989583333334 0.12040624999999991 0.02179687499999995
3 0.22457291666666665 0.8508229166666667 0.08290625000000003 0.026057291666666534
3 0.34413020833333335 0.8755416666666667 0.11467708333333348 0.015359374999999887
3 0.2042135416666667 0.873125 0.06515104166666662 0.02956510416666684
3 0.3365989583333333 0.9004479166666666 0.09588020833333341 0.016072916666666732
3 0.20335937500000004 0.90078125 0.07632552083333337 0.022940104166666704
3 0.33503645833333334 0.9303281250000001 0.11022656250000011 0.014749999999999848
3 0.19166666666666668 0.9234635416666667 0.07462239583333338 0.0281979166666666
3 0.3102291666666667 0.95803125 0.08527343749999995 0.017880208333333297
3 0.3067239583333334 0.9802864583333334 0.0840911458333333 0.014901041666666497
3 0.29921875 0.99765625 0.09427083333333333 0.0046875
3 0.15914062499999998 0.79546875 0.027270833333333282 0.1012604166666667
3 0.16988541666666665 0.965234375 0.1065364583333333 0.06105208333333323
2 0.19413020833333333 0.5549114583333332 0.09441145833333332 0.03396875000000001
2 0.1443645833333333 0.5926406249999999 0.1 0.03651041666666662
2 0.12694270833333335 0.6336979166666666 0.08030208333333337 0.032447916666666646
2 0.118609375 0.6709114583333334 0.059848958333333376 0.029223958333333282
2 0.12286979166666664 0.6951406250000001 0.04753645833333332 0.017083333333333308
2 0.115765625 0.7171145833333334 0.05416666666666667 0.026942708333333343
2 0.11320833333333334 0.7371875 0.03958333333333333 0.02163020833333332
2 0.11320833333333334 0.7640833333333333 0.04336979166666666 0.022395833333333334
2 0.10260416666666666 0.7874791666666667 0.037312500000000054 0.02183333333333337
2 0.0990520833333333 0.806515625 0.04441145833333333 0.020890625000000065
2 0.09128645833333332 0.8399947916666667 0.036458333333333336 0.02364583333333338
2 0.08835416666666666 0.8654218749999999 0.028692708333333292 0.020526041666666592
3 0.8333333333333334 0.5674479166666667 0.31145833333333334 0.07552083333333333
3 0.8556562499999999 0.6478697916666667 0.2606406249999999 0.02703385416666671
3 0.866296875 0.68596875 0.22485156250000007 0.02920052083333336
3 0.8647343749999999 0.7247395833333333 0.1805052083333332 0.02086979166666675
3 0.8279010416666667 0.7557708333333333 0.26071354166666677 0.021841145833333304
3 0.8465052083333333 0.784125 0.19203906250000008 0.017679687500000086
3 0.838171875 0.8147083333333334 0.17678645833333348 0.019765625000000023
3 0.6711302083333333 0.6916354166666667 0.05677083333333333 0.16596614583333333