2 0.5483506944444445 0.39732421875 0.31371527777777786 0.15729492187499994
2 0.5185763888888889 0.28431640625 0.20152777777777786 0.012412109375000036
2 0.5217708333333334 0.27130859375000005 0.17413194444444435 0.006240234375000098
2 0.5278298611111111 0.25794921875 0.17027777777777786 0.008671875000000107
2 0.5213541666666667 0.245224609375 0.14043402777777775 0.003496093749999929
2 0.5579513888888888 0.23786132812500005 0.11979166666666667 0.004628906250000009
2 0.5696354166666667 0.228017578125 0.08967013888888885 0.008691406250000089
2 0.5916319444444444 0.21957031250000003 0.08394097222222226 0.008691406250000089
0 0.3335590277777778 0.884892578125 0.37019097222222225 0.13631835937499992
0 0.39776041666666667 0.8022265625 0.11659722222222217 0.022636718750000062
0 0.4242708333333333 0.780576171875 0.1161284722222222 0.01651367187500008
0 0.41151041666666666 0.76025390625 0.08685763888888894 0.009658203124999876
0 0.41385416666666663 0.74537109375 0.10093749999999997 0.010722656250000018
0 0.42267361111111107 0.729375 0.0998090277777778 0.007021484375000053
0 0.4207986111111111 0.7168359375 0.08854166666666667 0.013632812500000036
0 0.4261979166666667 0.694326171875 0.08526041666666669 0.013769531249999911
0 0.4134722222222222 0.677060546875 0.06638888888888886 0.007128906249999956
0 0.40597222222222223 0.661123046875 0.07015625000000004 0.007343749999999982
0 0.4321527777777778 0.63958984375 0.10187500000000001 0.012392578125000053
0 0.4282638888888889 0.621923828125 0.09314236111111107 0.015517578125000098
0 0.42699652777777775 0.606884765625 0.09342013888888899 0.006542968750000044
0 0.42032986111111115 0.591181640625 0.07821180555555547 0.022910156250000036
0 0.42421875 0.577900390625 0.08694444444444442 0.004277343750000107
0 0.4222916666666667 0.5674511718749999 0.0727777777777777 0.012929687500000009
0 0.42446180555555557 0.5527734375 0.06770833333333333 0.015244140625000124
0 0.43270833333333336 0.537646484375 0.07296874999999996 0.012978515624999964
0 0.4286284722222222 0.524609375 0.05635416666666673 0.019619140625000142
0 0.1527777777777778 0.751953125 0.3055555555555556 0.142578125
0 0.12664930555555556 0.6529101562499999 0.23940972222222223 0.019179687499999876
0 0.12161458333333333 0.63279296875 0.23281249999999998 0.012539062500000142
0 0.1323784722222222 0.6133593749999999 0.2543402777777778 0.014306640625000089
0 0.1109375 0.5914746093750001 0.21666666666666667 0.015087890625000044
0 0.12343749999999999 0.5719921875 0.21388888888888888 0.012070312500000124
0 0.12039930555555554 0.556904296875 0.18524305555555554 0.006113281249999991
0 0.11744791666666668 0.53908203125 0.1967013888888889 0.013447265624999982
0 0.12803819444444445 0.519296875 0.1796875 0.009052734374999982
0 0.12447916666666667 0.5043261718750001 0.16041666666666668 0.008730468750000053
0 0.15225694444444446 0.490849609375 0.20208333333333334 0.008339843749999964
0 0.12387152777777777 0.47502929687499995 0.14357638888888888 0.012636718750000053
0 0.13645833333333332 0.45906250000000004 0.15312499999999998 0.010400390625000089