2 0.05486111111111111 0.28125 0.10972222222222222 0.0546875
2 0.05138888888888889 0.330078125 0.10277777777777777 0.00546875
2 0.007638888888888889 0.35546875 0.015277777777777777 0.0125
2 0.016666666666666666 0.373828125 0.03333333333333333 0.01015625
2 0.029861111111111113 0.391015625 0.059722222222222225 0.01015625
2 0.029166666666666667 0.405859375 0.058333333333333334 0.01171875
2 0.027777777777777776 0.423828125 0.05555555555555555 0.01640625
2 0.029861111111111113 0.43984375 0.059722222222222225 0.0078125
2 0.034722222222222224 0.455859375 0.06944444444444445 0.01171875
0 0.6819444444444445 0.31875 0.044444444444444446 0.0140625
0 0.6805555555555556 0.336328125 0.041666666666666664 0.01015625
0 0.68125 0.396875 0.043055555555555555 0.0109375
1 0.6902777777777778 0.22578125 0.06111111111111111 0.015625
1 0.6993055555555555 0.2421875 0.07916666666666666 0.009375
1 0.6875 0.25625 0.05555555555555555 0.0125
1 0.6833333333333333 0.271875 0.04722222222222222 0.0125
1 0.6805555555555556 0.287109375 0.041666666666666664 0.01171875
1 0.6840277777777778 0.30390625 0.04861111111111111 0.0140625
2 0.7048611111111112 0.015234375 0.09027777777777778 0.01953125
2 0.7020833333333333 0.032421875 0.08472222222222223 0.01484375
2 0.6958333333333333 0.048828125 0.07222222222222222 0.01796875
3 0.6972222222222222 0.066015625 0.075 0.01953125
3 0.69375 0.083203125 0.06805555555555555 0.01640625
3 0.7013888888888888 0.09921875 0.08333333333333333 0.015625
3 0.6958333333333333 0.115234375 0.07222222222222222 0.01640625
3 0.7055555555555556 0.133203125 0.09166666666666666 0.01484375
3 0.6993055555555555 0.144921875 0.07916666666666666 0.01328125
3 0.6993055555555555 0.1625 0.07916666666666666 0.0140625
3 0.6965277777777777 0.176171875 0.07361111111111111 0.01171875
3 0.6958333333333333 0.19140625 0.07222222222222222 0.0125
3 0.69375 0.207421875 0.06805555555555555 0.01015625
2 0.5340277777777778 0.600390625 0.2513888888888889 0.09921875
2 0.56875 0.677734375 0.18194444444444444 0.03828125
2 0.5909722222222222 0.712109375 0.1375 0.02734375
2 0.5916666666666667 0.741015625 0.1361111111111111 0.02578125
2 0.6006944444444444 0.76640625 0.11805555555555555 0.0171875
2 0.5888888888888889 0.784375 0.14166666666666666 0.03125
2 0.5819444444444445 0.80859375 0.15555555555555556 0.0171875
2 0.5909722222222222 0.83046875 0.1375 0.01875
1 0.17430555555555555 0.619140625 0.3486111111111111 0.08359375
1 0.15493055555555557 0.6951875000000001 0.29055555555555546 0.0255859375
1 0.14854166666666666 0.721859375 0.2870416666666666 0.016421874999999985
1 0.15566666666666665 0.7425937499999999 0.2846249999999999 0.01830468750000005
1 0.15918055555555558 0.7676484375 0.2657361111111112 0.01737500000000001
1 0.16872222222222225 0.791296875 0.27184722222222224 0.025085937499999923
1 0.9395833333333333 0.703125 0.12083333333333333 0.009375
1 0.9395833333333333 0.716796875 0.12083333333333333 0.01484375
1 0.9430555555555555 0.7328125 0.11388888888888889 0.015625
1 0.9444444444444444 0.748046875 0.1111111111111111 0.01171875
1 0.9520833333333333 0.763671875 0.09583333333333334 0.01484375
1 0.9520833333333333 0.77890625 0.09583333333333334 0.0125
0 0.9375 0.797265625 0.125 0.01171875
0 0.9479166666666666 0.810546875 0.10416666666666667 0.01171875
0 0.9416666666666667 0.82578125 0.11666666666666667 0.015625
0 0.9416666666666667 0.841796875 0.11666666666666667 0.01171875
0 0.9409722222222222 0.857421875 0.11805555555555555 0.01171875
0 0.9451388888888889 0.8734375 0.10972222222222222 0.0109375
0 0.9416666666666667 0.88828125 0.11666666666666667 0.0109375
0 0.9416666666666667 0.90234375 0.11666666666666667 0.0109375
0 0.9451388888888889 0.917578125 0.10972222222222222 0.01484375
2 0.9416666666666667 0.491796875 0.11666666666666667 0.01796875
2 0.9451388888888889 0.50703125 0.10972222222222222 0.01875
2 0.9444444444444444 0.52421875 0.1111111111111111 0.015625
3 0.9486111111111111 0.5421875 0.10277777777777777 0.0140625
3 0.9493055555555555 0.55703125 0.10138888888888889 0.015625
3 0.94375 0.573046875 0.1125 0.01640625
3 0.9430555555555555 0.588671875 0.11388888888888889 0.01171875
3 0.9381944444444444 0.603515625 0.12361111111111112 0.01796875
3 0.9361111111111111 0.62109375 0.12777777777777777 0.0140625
3 0.9451388888888889 0.6375 0.10972222222222222 0.0109375
3 0.9451388888888889 0.650390625 0.10972222222222222 0.00859375
3 0.9430555555555555 0.665234375 0.11388888888888889 0.01484375
3 0.9402777777777778 0.680078125 0.11944444444444445 0.01484375