2 0.2040625 0.19404687500000004 0.1599652777777778 0.03800781250000007
2 0.1907986111111111 0.22535416666666663 0.11059027777777777 0.013583333333333414
2 0.19253472222222223 0.24176041666666664 0.07690972222222223 0.014888020833333352
2 0.190625 0.25590625 0.08576388888888889 0.007414062499999948
2 0.7732638888888889 0.24869791666666666 0.36875 0.022395833333333334
3 0.18819444444444444 0.26328125 0.2125 0.0067708333333333336
3 0.18472222222222223 0.28151041666666665 0.22430555555555556 0.019791666666666666
3 0.19375 0.3033854166666667 0.23819444444444443 0.018489583333333334
3 0.190625 0.3263020833333333 0.22951388888888888 0.019010416666666665
3 0.17430555555555555 0.42630208333333336 0.23506944444444444 0.0203125
3 0.17673611111111112 0.4088541666666667 0.19930555555555557 0.0125
3 0.2548611111111111 0.39140625 0.10416666666666667 0.014322916666666666
3 0.10868055555555556 0.3463541666666667 0.1232638888888889 0.0109375
3 0.2881944444444444 0.35494791666666664 0.05486111111111111 0.025260416666666667
1 0.18020833333333333 0.45677083333333335 0.23645833333333333 0.010677083333333334
1 0.17604166666666668 0.47682291666666665 0.23472222222222222 0.017708333333333333
1 0.18680555555555556 0.49557291666666664 0.23506944444444444 0.016927083333333332
1 0.17465277777777777 0.5171875 0.22395833333333334 0.0125
1 0.1753472222222222 0.53359375 0.23298611111111112 0.020052083333333335
1 0.17569444444444443 0.5502604166666667 0.25277777777777777 0.016145833333333335
0 0.18055555555555555 0.58671875 0.23402777777777778 0.01484375
0 0.17604166666666668 0.5971354166666667 0.19826388888888888 0.008333333333333333
0 0.184375 0.6065104166666667 0.18506944444444445 0.0140625
0 0.1684027777777778 0.6213541666666667 0.21979166666666666 0.025260416666666667
0 0.17777777777777778 0.6471354166666666 0.20555555555555555 0.016927083333333332
0 0.17881944444444445 0.66953125 0.2204861111111111 0.022135416666666668
0 0.18715277777777778 0.6908854166666667 0.22881944444444444 0.016927083333333332
0 0.18368055555555557 0.7044270833333334 0.23645833333333333 0.016666666666666666
0 0.18125 0.721875 0.22152777777777777 0.0109375