1 0.4160590277777778 0.470458984375 0.34067708333333324 0.015126953125000009
1 0.41359375000000004 0.45318359374999995 0.3263888888888889 0.020244140625000018
1 0.4168055555555556 0.43327148437499996 0.3167708333333333 0.022499999999999964
1 0.416875 0.41411132812499996 0.29954861111111103 0.01724609375000008
1 0.4272916666666667 0.39458007812499996 0.2829861111111111 0.02025390625000001
1 0.41760416666666667 0.375390625 0.2596180555555556 0.017333984375
0 0.4025694444444444 0.35249023437500004 0.3056944444444445 0.016542968750000053
0 0.4068576388888888 0.335703125 0.2875347222222222 0.01783203124999999
0 0.39883680555555556 0.31668945312499996 0.27684027777777775 0.021289062499999956
0 0.39649305555555553 0.29681640625000005 0.26548611111111103 0.015205078124999938
0 0.3895486111111111 0.276982421875 0.2569444444444444 0.015810546875000053
0 0.3981076388888889 0.25771484375 0.25267361111111103 0.014541015625000098
0 0.4010416666666667 0.23885742187500003 0.2745659722222222 0.014697265624999956
0 0.3988368055555555 0.22134765624999997 0.27149305555555553 0.015156249999999982
0 0.4042534722222222 0.202041015625 0.2649652777777778 0.019218750000000062
2 0.4258854166666667 0.8982617187499999 0.36697916666666663 0.03001953125000001
2 0.44725694444444447 0.864384765625 0.36164930555555547 0.01815429687499992
2 0.45112847222222224 0.84681640625 0.34001736111111114 0.014228515624999938
2 0.4427083333333333 0.824365234375 0.33654513888888893 0.015566406250000053
2 0.4552604166666667 0.80103515625 0.32425347222222217 0.022402343750000053
2 0.45499999999999996 0.778154296875 0.30234374999999997 0.025341796875000044
2 0.4382986111111111 0.75880859375 0.31437499999999996 0.019716796875000053
2 0.4241493055555556 0.73427734375 0.3234548611111112 0.02294921875
2 0.4255555555555556 0.7153515625 0.3088888888888888 0.02475585937499991
2 0.4265451388888889 0.694052734375 0.31223958333333335 0.02002929687499999
3 0.4293576388888889 0.671416015625 0.29914930555555563 0.01796875000000009
3 0.4413715277777778 0.6529003906249999 0.31784722222222217 0.021201171875000036
3 0.4266840277777778 0.632841796875 0.31517361111111114 0.02076171874999999
3 0.4288194444444444 0.613525390625 0.32479166666666676 0.01580078124999984
3 0.4173958333333333 0.595087890625 0.32732638888888893 0.023398437500000036
3 0.4139930555555556 0.572958984375 0.3298611111111111 0.018818359374999982
3 0.4269444444444444 0.5522265625 0.3103645833333334 0.015224609375000142
3 0.4264236111111111 0.536337890625 0.3092881944444444 0.011689453125000027
3 0.42248263888888893 0.5177539062500001 0.3107638888888889 0.019560546874999973
3 0.41098958333333335 0.49919921874999995 0.3038194444444444 0.019111328124999938