1 0.13125 0.518359375 0.2625 0.06328125
1 0.13958333333333334 0.54296875 0.2652777777777778 0.059375
1 0.1388888888888889 0.56796875 0.24583333333333332 0.06171875
1 0.13819444444444445 0.593359375 0.2222222222222222 0.05234375
1 0.1375 0.618359375 0.1986111111111111 0.05
1 0.14305555555555555 0.641796875 0.18888888888888888 0.04609375
1 0.15069444444444444 0.66328125 0.18611111111111112 0.04765625
1 0.15347222222222223 0.683203125 0.1736111111111111 0.04296875
1 0.15833333333333333 0.70390625 0.16666666666666666 0.04453125
1 0.16319444444444445 0.7234375 0.15833333333333333 0.0421875
1 0.16597222222222222 0.744921875 0.14305555555555555 0.0328125
0 0.16180555555555556 0.768359375 0.12083333333333333 0.03984375
0 0.15763888888888888 0.793359375 0.0875 0.025
0 0.1701388888888889 0.812890625 0.09444444444444444 0.028125
0 0.1763888888888889 0.83359375 0.08888888888888889 0.02578125
0 0.2013888888888889 0.8515625 0.12222222222222222 0.03125
0 0.22291666666666668 0.8703125 0.14722222222222223 0.0359375
0 0.22847222222222222 0.893359375 0.1388888888888889 0.0375
0 0.23541666666666666 0.9109375 0.1361111111111111 0.03359375
0 0.2423611111111111 0.927734375 0.13472222222222222 0.03359375
0 0.24791666666666667 0.946875 0.13055555555555556 0.0328125
0 0.26180555555555557 0.962109375 0.14444444444444443 0.0375
0 0.35555555555555557 0.963671875 0.12361111111111112 0.04296875