2 0.6277777777777778 0.230078125 0.65 0.08203125
2 0.5520833333333334 0.45234375 0.6222222222222222 0.0796875
2 0.5680555555555555 0.492578125 0.5416666666666666 0.0828125
2 0.50625 0.62265625 0.48055555555555557 0.06953125
2 0.5284722222222222 0.6609375 0.45694444444444443 0.06796875
2 0.49236111111111114 0.814453125 0.4152777777777778 0.05703125
2 0.4722222222222222 0.85 0.4027777777777778 0.059375
2 0.45 0.8796875 0.3263888888888889 0.04453125
2 0.4361111111111111 0.98125 0.32222222222222224 0.03671875
3 0.6555555555555556 0.03515625 0.6888888888888889 0.0703125
3 0.65625 0.073046875 0.6680555555555555 0.0875
3 0.6375 0.116015625 0.6388888888888888 0.065625
3 0.6291666666666667 0.14296875 0.6666666666666666 0.06640625
3 0.6340277777777777 0.173828125 0.6652777777777777 0.075
3 0.6180555555555556 0.2828125 0.6736111111111112 0.0796875
3 0.5888888888888889 0.323046875 0.6902777777777778 0.084375
3 0.6 0.36875 0.6430555555555556 0.07578125
3 0.525 0.53515625 0.5708333333333333 0.065625
3 0.5472222222222223 0.573828125 0.49027777777777776 0.06484375
3 0.47638888888888886 0.696484375 0.4791666666666667 0.0609375
3 0.48680555555555555 0.729296875 0.4736111111111111 0.05625
3 0.49930555555555556 0.76328125 0.4375 0.059375
3 0.45069444444444445 0.913671875 0.3763888888888889 0.053125
3 0.4513888888888889 0.947265625 0.3541666666666667 0.0515625
3 0.6666666666666666 0.991015625 0.08888888888888889 0.01796875
3 0.20902777777777778 0.968359375 0.09305555555555556 0.02109375
0 0.5708333333333333 0.414453125 0.5625 0.06015625