3 0.7699652777777778 0.64501953125 0.4600694444444444 0.0263671875
3 0.7734375 0.6162109375 0.453125 0.017578125
3 0.7689756944444445 0.586298828125 0.45116319444444447 0.020820312499999938
3 0.7697916666666667 0.5553125 0.4273090277777776 0.030722656250000036
3 0.7488368055555555 0.527958984375 0.4155034722222223 0.028124999999999956
3 0.7570659722222222 0.49619140625 0.4250000000000001 0.023964843749999964
3 0.7592534722222221 0.469755859375 0.4131944444444444 0.027363281249999982
3 0.760295138888889 0.43778320312499996 0.4036979166666666 0.01968750000000008
3 0.7741840277777778 0.41103515625 0.4222222222222221 0.02759765624999999
3 0.73078125 0.37841796875 0.3053298611111111 0.02904296875000001
2 0.75046875 0.974912109375 0.4974479166666666 0.02928710937500001
2 0.7612847222222222 0.9423828125 0.4774305555555556 0.029296875
2 0.7829861111111112 0.9091796875 0.4340277777777778 0.03125
2 0.7890625 0.87451171875 0.421875 0.0283203125
2 0.7907986111111112 0.84326171875 0.4184027777777778 0.0302734375
2 0.7813715277777777 0.809228515625 0.3856423611111111 0.028105468749999973
2 0.7854166666666667 0.7777734375 0.38680555555555546 0.04022460937500005
2 0.7960069444444444 0.74365234375 0.4079861111111111 0.0341796875
2 0.7932812500000002 0.7103808593750001 0.39328124999999997 0.030468750000000044
2 0.8008159722222222 0.6776953125 0.38750000000000007 0.030742187500000018
1 0.7584548611111112 0.34614257812500004 0.3351909722222221 0.02066406250000008
1 0.7508159722222223 0.32121093749999996 0.39861111111111097 0.03017578125000009
1 0.74953125 0.291845703125 0.35671875000000003 0.022499999999999964
1 0.7513888888888889 0.2629296875 0.3604166666666667 0.02824218750000007
1 0.7444444444444445 0.236435546875 0.3465277777777778 0.020039062499999982
1 0.7459548611111112 0.21135742187499995 0.3194444444444444 0.022001953124999973
0 0.7579861111111111 0.18265624999999996 0.37130208333333353 0.020820312499999938
0 0.7520833333333332 0.1539453125 0.3849479166666667 0.024863281250000036
0 0.7338020833333334 0.12385742187500004 0.3530034722222223 0.02513671875000001
0 0.7291666666666666 0.09820312499999995 0.3993055555555556 0.03216796875000005
0 0.7472222222222222 0.05939453125000005 0.37986111111111104 0.03166015625000007
0 0.7424826388888889 0.031201171875000044 0.3356423611111112 0.01903320312500001
0 0.7369791666666666 0.00927734375 0.3559027777777778 0.0185546875