1 0.3368055555555556 0.156640625 0.44583333333333336 0.17265625
2 0.3972222222222222 0.286328125 0.325 0.02890625
2 0.4270833333333333 0.320703125 0.2652777777777778 0.02578125
2 0.4548611111111111 0.35 0.20972222222222223 0.0203125
2 0.35738888888888887 0.3707109375 0.1409305555555556 0.01735937500000002
2 0.11180555555555556 0.51484375 0.22361111111111112 0.021875
2 0.11597222222222223 0.5671875 0.23194444444444445 0.021875
2 0.11458333333333333 0.588671875 0.22916666666666666 0.01796875
2 0.11180555555555556 0.608984375 0.22361111111111112 0.01796875
2 0.10833333333333334 0.651171875 0.21666666666666667 0.01171875
2 0.06875 0.786328125 0.1375 0.01640625
2 0.06944444444444445 0.847265625 0.1388888888888889 0.01640625
2 0.06736111111111111 0.890625 0.13472222222222222 0.0171875
2 0.059722222222222225 0.908203125 0.11944444444444445 0.02109375
2 0.06388888888888888 0.92734375 0.12777777777777777 0.0203125
2 0.3590277777777778 0.7269765625 0.39940277777777766 0.021804687499999975
2 0.3468194444444444 0.81915625 0.3492083333333333 0.015101562499999943
2 0.3571388888888889 0.8398125000000001 0.32222222222222224 0.013101562499999986
2 0.36666666666666664 0.8691093750000001 0.31745833333333323 0.01701562499999998
2 0.36309722222222224 0.8918828125000001 0.28651388888888885 0.013445312500000028
2 0.3580416666666667 0.9673359375 0.3140833333333333 0.016148437500000057
2 0.35347222222222224 0.990234375 0.27361111111111114 0.01953125
3 0.10486111111111111 0.5421875 0.20972222222222223 0.021875
3 0.10347222222222222 0.6796875 0.20694444444444443 0.01875
3 0.06736111111111111 0.721875 0.13472222222222222 0.0203125
3 0.06319444444444444 0.8109375 0.12638888888888888 0.01875
3 0.06111111111111111 0.828125 0.12222222222222222 0.0109375
3 0.05625 0.870703125 0.1125 0.01640625
0 0.09305555555555556 0.634375 0.18611111111111112 0.01875
0 0.06388888888888888 0.952734375 0.12777777777777777 0.02421875
0 0.32737499999999997 0.9206796875000001 0.29444444444444445 0.021937499999999943
1 0.08402777777777778 0.703515625 0.16805555555555557 0.02265625
1 0.06597222222222222 0.744140625 0.13194444444444445 0.01484375
1 0.07291666666666667 0.76328125 0.14583333333333334 0.0140625
1 0.3355138888888889 0.7624140625 0.33848611111111115 0.017906249999999967
1 0.3499027777777778 0.7876953125 0.34147222222222223 0.01378124999999999
1 0.35793055555555553 0.944890625 0.27619444444444446 0.014562500000000079
2 0.6625 0.50390625 0.20555555555555555 0.0078125
2 0.6666666666666666 0.54921875 0.21388888888888888 0.021875
2 0.6652777777777777 0.570703125 0.2111111111111111 0.01796875
2 0.6625 0.591015625 0.20555555555555555 0.01796875
2 0.6590277777777778 0.633203125 0.1986111111111111 0.01171875
2 0.6194444444444445 0.768359375 0.11944444444444445 0.01640625
2 0.6201388888888889 0.829296875 0.12083333333333333 0.01640625
2 0.6180555555555556 0.87265625 0.11666666666666667 0.0171875
2 0.6104166666666667 0.890234375 0.10138888888888889 0.02109375
2 0.6145833333333334 0.909375 0.10972222222222222 0.0203125
2 0.85 0.70859375 0.3 0.021875
2 0.85625 0.80078125 0.2875 0.015625
2 0.86875 0.821484375 0.2625 0.01328125
2 0.8743055555555556 0.85078125 0.2513888888888889 0.0171875
2 0.8805555555555555 0.873828125 0.2388888888888889 0.01328125
2 0.8708333333333333 0.948828125 0.25833333333333336 0.01640625
2 0.8791666666666667 0.97265625 0.24166666666666667 0.0203125
2 0.8881944444444444 0.994140625 0.22361111111111112 0.01171875
3 0.6555555555555556 0.52421875 0.19166666666666668 0.021875
3 0.6541666666666667 0.66171875 0.18888888888888888 0.01875
3 0.6180555555555556 0.70390625 0.11666666666666667 0.0203125
3 0.6138888888888889 0.79296875 0.10833333333333334 0.01875
3 0.6118055555555556 0.81015625 0.10416666666666667 0.0109375
3 0.6069444444444444 0.852734375 0.09444444444444444 0.01640625
0 0.64375 0.61640625 0.16805555555555557 0.01875
0 0.6145833333333334 0.934765625 0.10972222222222222 0.02421875
0 0.8604166666666667 0.90234375 0.2791666666666667 0.021875
1 0.6347222222222222 0.685546875 0.15 0.02265625
1 0.6166666666666667 0.726171875 0.11388888888888889 0.01484375
1 0.6236111111111111 0.7453125 0.12777777777777777 0.0140625
1 0.8534722222222222 0.744140625 0.29305555555555557 0.01796875
1 0.8604166666666667 0.76953125 0.2791666666666667 0.0140625
1 0.8805555555555555 0.9265625 0.2388888888888889 0.0140625