2 0.3454861111111111 0.3072916666666667 0.18472222222222223 0.07682291666666667
2 0.3267361111111111 0.36484375 0.11006944444444444 0.005989583333333334
2 0.3284722222222222 0.37161458333333336 0.10034722222222223 0.0033854166666666668
2 0.33229166666666665 0.37838541666666664 0.10347222222222222 0.004427083333333333
2 0.3284722222222222 0.3848958333333333 0.08194444444444444 0.0015625
2 0.35138888888888886 0.3885416666666667 0.06770833333333333 0.00234375
2 0.35868055555555556 0.39375 0.04513888888888889 0.00390625
2 0.37256944444444445 0.39791666666666664 0.04895833333333333 0.004427083333333333
0 0.21006944444444445 0.05859375 0.19930555555555557 0.06041666666666667
0 0.25069444444444444 0.10078125 0.0625 0.010416666666666666
0 0.2673611111111111 0.11197916666666667 0.065625 0.008072916666666667
0 0.2590277777777778 0.12213541666666666 0.04548611111111111 0.0046875
0 0.2607638888888889 0.12994791666666666 0.05520833333333333 0.00546875
0 0.26631944444444444 0.13802083333333334 0.05381944444444445 0.0036458333333333334
0 0.26493055555555556 0.14427083333333332 0.04826388888888889 0.0067708333333333336
0 0.26840277777777777 0.15598958333333332 0.04826388888888889 0.007291666666666667
0 0.2604166666666667 0.16458333333333333 0.03229166666666667 0.003125
0 0.25555555555555554 0.17291666666666666 0.03784722222222222 0.0036458333333333334
0 0.2722222222222222 0.18385416666666668 0.05451388888888889 0.005989583333333334
0 0.26979166666666665 0.19270833333333334 0.05173611111111111 0.0078125
0 0.2690972222222222 0.20052083333333334 0.050694444444444445 0.0033854166666666668
0 0.26458333333333334 0.20833333333333334 0.03923611111111111 0.010677083333333334
0 0.2673611111111111 0.21510416666666668 0.04756944444444444 0.00234375
0 0.2659722222222222 0.22057291666666667 0.03993055555555555 0.006510416666666667
0 0.2673611111111111 0.228125 0.035069444444444445 0.00703125
0 0.2725694444444444 0.23567708333333334 0.04097222222222222 0.00703125
0 0.2701388888888889 0.24244791666666668 0.030208333333333334 0.009635416666666667
0 0.09583333333333334 0.12604166666666666 0.18680555555555556 0.07135416666666666
0 0.0798611111111111 0.17708333333333334 0.1284722222222222 0.00859375
0 0.07673611111111112 0.18723958333333332 0.13402777777777777 0.006510416666666667
0 0.08333333333333333 0.19713541666666667 0.1451388888888889 0.0067708333333333336
0 0.06979166666666667 0.20833333333333334 0.12569444444444444 0.007552083333333333
0 0.07777777777777778 0.21822916666666667 0.12916666666666668 0.00625
0 0.07569444444444444 0.22604166666666667 0.10381944444444445 0.002864583333333333
0 0.07395833333333333 0.23489583333333333 0.10625 0.00625
0 0.08055555555555556 0.24505208333333334 0.10868055555555556 0.004427083333333333
0 0.07847222222222222 0.25286458333333334 0.09270833333333334 0.004427083333333333
0 0.09583333333333334 0.2596354166666667 0.12222222222222222 0.004427083333333333
0 0.078125 0.2677083333333333 0.08402777777777778 0.006510416666666667
0 0.08611111111111111 0.27578125 0.08159722222222222 0.0049479166666666664
2 0.8114583333333333 0.2643229166666667 0.36319444444444443 0.0265625
2 0.7887013888888889 0.35386979166666666 0.29715972222222214 0.02645312499999998
2 0.8026527777777778 0.385265625 0.2875625 0.024611979166666725
2 0.6920138888888889 0.40859375 0.12430555555555556 0.034895833333333334
2 0.8808680555555556 0.4389166666666667 0.11515277777777781 0.023625000000000066
0 0.8149305555555556 0.16666666666666666 0.3701388888888889 0.14166666666666666
3 0.7846597222222222 0.31627083333333333 0.30688194444444444 0.02985677083333336
2 0.7819444444444444 0.5151041666666667 0.30416666666666664 0.010416666666666666
2 0.7829861111111112 0.5369791666666667 0.30625 0.017708333333333333
2 0.7722222222222223 0.56875 0.2847222222222222 0.022916666666666665
2 0.7670555555555555 0.60246875 0.25277777777777777 0.023763020833333332
2 0.765625 0.6307291666666667 0.27152777777777776 0.028125
2 0.7559444444444444 0.6624114583333333 0.21782291666666664 0.02109375
2 0.7516180555555555 0.6956354166666666 0.2169756944444444 0.020750000000000077
2 0.7508472222222222 0.7286822916666666 0.22885763888888894 0.024575520833333305
2 0.7452152777777779 0.7602291666666667 0.20215972222222214 0.020528645833333314
2 0.7543194444444444 0.78771875 0.23017013888888885 0.017463541666666534
2 0.7457569444444444 0.817296875 0.20902777777777778 0.025802083333333316
0 0.9534722222222223 0.7080729166666667 0.09305555555555556 0.07447916666666667