1 0.3506944444444444 0.21328125 0.47638888888888886 0.165625
2 0.4111111111111111 0.343359375 0.35555555555555557 0.02734375
2 0.4423611111111111 0.37734375 0.29305555555555557 0.0234375
2 0.4625 0.40703125 0.25277777777777777 0.0203125
2 0.34349999999999997 0.4277421875 0.14301388888888894 0.017750000000000023
2 0.7423611111111111 0.118359375 0.30694444444444446 0.03671875
2 0.7069444444444445 0.25234375 0.2361111111111111 0.040625
2 0.7027777777777777 0.299609375 0.22777777777777777 0.03515625
2 0.7034722222222223 0.380078125 0.22916666666666666 0.03671875
3 0.7243055555555555 0.195703125 0.2708333333333333 0.05234375
3 0.9666666666666667 0.59921875 0.06666666666666667 0.0125
3 0.9673611111111111 0.6234375 0.06527777777777778 0.0140625
3 0.9673611111111111 0.648046875 0.06527777777777778 0.02265625
3 0.9583333333333334 0.6703125 0.08333333333333333 0.021875
3 0.9597222222222223 0.695703125 0.08055555555555556 0.01796875
3 0.9631944444444445 0.716796875 0.07361111111111111 0.02109375
3 0.9652777777777778 0.742578125 0.06944444444444445 0.01484375
3 0.9673611111111111 0.763671875 0.06527777777777778 0.02109375
3 0.9729166666666667 0.78984375 0.05416666666666667 0.021875
1 0.9625 0.8359375 0.075 0.0234375
1 0.9701388888888889 0.859375 0.059722222222222225 0.0171875
1 0.9701388888888889 0.88203125 0.059722222222222225 0.021875
1 0.9701388888888889 0.903515625 0.059722222222222225 0.01484375
1 0.9763888888888889 0.9234375 0.04722222222222222 0.0171875
0 0.9708333333333333 0.946484375 0.058333333333333334 0.01640625
0 0.9659722222222222 0.96953125 0.06805555555555555 0.01875
0 0.9652777777777778 0.991796875 0.06944444444444445 0.01640625