2 0.23576388888888888 0.39765625 0.12152777777777778 0.0953125
2 0.22291666666666668 0.47239583333333335 0.07430555555555556 0.007552083333333333
2 0.22430555555555556 0.48098958333333336 0.06701388888888889 0.004427083333333333
2 0.2267361111111111 0.4895833333333333 0.06145833333333333 0.005208333333333333
2 0.22395833333333334 0.4981770833333333 0.05138888888888889 0.0020833333333333333
2 0.23993055555555556 0.5028645833333333 0.049305555555555554 0.0033854166666666668
2 0.24479166666666666 0.509375 0.03298611111111111 0.005208333333333333
2 0.25416666666666665 0.5151041666666667 0.03125 0.005729166666666666
0 0.14340277777777777 0.07604166666666666 0.14930555555555555 0.0859375
0 0.17083333333333334 0.13046875 0.04201388888888889 0.013541666666666667
0 0.18229166666666666 0.14479166666666668 0.04236111111111111 0.01015625
0 0.17673611111111112 0.15833333333333333 0.03263888888888889 0.005989583333333334
0 0.17777777777777778 0.16796875 0.035416666666666666 0.006510416666666667
0 0.18159722222222222 0.17864583333333334 0.0375 0.0046875
0 0.18090277777777777 0.18697916666666667 0.034375 0.009375
0 0.18333333333333332 0.20182291666666666 0.03229166666666667 0.008854166666666666
0 0.17777777777777778 0.21302083333333333 0.022916666666666665 0.0046875
0 0.17465277777777777 0.22369791666666666 0.02673611111111111 0.0046875
0 0.1857638888888889 0.23776041666666667 0.03576388888888889 0.007552083333333333
0 0.1840277777777778 0.24947916666666667 0.03680555555555556 0.010677083333333334
0 0.18368055555555557 0.259375 0.034722222222222224 0.0036458333333333334
0 0.18055555555555555 0.26979166666666665 0.02847222222222222 0.014322916666666666
0 0.18229166666666666 0.2786458333333333 0.03090277777777778 0.00234375
0 0.18159722222222222 0.28541666666666665 0.025 0.0078125
0 0.18229166666666666 0.2950520833333333 0.026041666666666668 0.009895833333333333
0 0.18611111111111112 0.30520833333333336 0.028125 0.009114583333333334
0 0.184375 0.3138020833333333 0.019791666666666666 0.0125
0 0.06527777777777778 0.16328125 0.12430555555555556 0.08984375
0 0.05451388888888889 0.22916666666666666 0.09965277777777778 0.013020833333333334
0 0.05243055555555556 0.24244791666666668 0.08472222222222223 0.007552083333333333
0 0.05694444444444444 0.2552083333333333 0.10138888888888889 0.009635416666666667
0 0.04756944444444444 0.26953125 0.08784722222222222 0.010416666666666666
0 0.053125 0.2825520833333333 0.07847222222222222 0.0067708333333333336
0 0.05173611111111111 0.29244791666666664 0.07013888888888889 0.0036458333333333334
0 0.050347222222222224 0.30416666666666664 0.07256944444444445 0.008072916666666667
0 0.05520833333333333 0.3171875 0.06944444444444445 0.005989583333333334
0 0.05347222222222222 0.32708333333333334 0.0625 0.005729166666666666
0 0.06527777777777778 0.3359375 0.07673611111111112 0.0049479166666666664
0 0.053125 0.3463541666666667 0.057291666666666664 0.008333333333333333
0 0.058680555555555555 0.35703125 0.0625 0.00703125
3 0.5347222222222222 0.228125 0.20972222222222223 0.019791666666666666
3 0.521875 0.25286458333333334 0.1840277777777778 0.018229166666666668
3 0.5177083333333333 0.27786458333333336 0.17569444444444443 0.015104166666666667
3 0.5131944444444444 0.29973958333333334 0.16666666666666666 0.013020833333333334
3 0.5278402777777778 0.3191041666666667 0.17815624999999996 0.015601562499999963
3 0.5204861111111111 0.33828125 0.18125 0.0171875
0 0.5434027777777778 0.11380208333333333 0.22708333333333333 0.018229166666666668
0 0.5440972222222222 0.13854166666666667 0.22847222222222222 0.01875
0 0.5444444444444444 0.1609375 0.22916666666666666 0.020833333333333332
0 0.5413194444444445 0.18567708333333333 0.22291666666666668 0.025520833333333333
2 0.5357638888888889 0.36328125 0.21180555555555555 0.016145833333333335
2 0.5232638888888889 0.38359375 0.18680555555555556 0.016145833333333335
2 0.5184027777777778 0.4080729166666667 0.17708333333333334 0.016145833333333335
2 0.5128472222222222 0.4317708333333333 0.16597222222222222 0.015625
2 0.5097222222222222 0.45598958333333334 0.1597222222222222 0.013020833333333334
2 0.5193819444444445 0.4737916666666667 0.16382638888888887 0.012526041666666524
2 0.5144583333333332 0.497234375 0.15227430555555554 0.013710937499999905
2 0.5105416666666667 0.5170260416666667 0.12638888888888888 0.01466145833333338
2 0.50625 0.5333645833333333 0.1390798611111111 0.01139583333333339
1 0.5173611111111112 0.5528645833333333 0.175 0.021354166666666667
1 0.5041666666666667 0.5760416666666667 0.1486111111111111 0.010416666666666666
1 0.5072916666666667 0.5947916666666667 0.15486111111111112 0.015625
1 0.4986736111111111 0.6180208333333332 0.1294201388888889 0.017739583333333305