1 0.4160590277777778 0.529541015625 0.32157986111111103 0.01610351562500001
1 0.41359375000000004 0.54681640625 0.3072916666666667 0.021220703125000018
1 0.4168055555555556 0.566728515625 0.29767361111111107 0.023476562499999964
1 0.416875 0.585888671875 0.2804513888888888 0.01822265625000008
1 0.4272916666666667 0.605419921875 0.2638888888888889 0.02123046875000001
1 0.41760416666666667 0.624609375 0.24052083333333338 0.018310546875
0 0.4025694444444444 0.647509765625 0.2865972222222223 0.017519531250000053
0 0.4068576388888888 0.664296875 0.2684375 0.01880859374999999
0 0.39883680555555556 0.683310546875 0.25774305555555554 0.022265624999999956
0 0.39649305555555553 0.70318359375 0.24638888888888882 0.016181640624999938
0 0.3895486111111111 0.723017578125 0.2378472222222222 0.016787109375000053
0 0.3981076388888889 0.74228515625 0.23357638888888882 0.015517578125000098
0 0.4010416666666667 0.761142578125 0.25546874999999997 0.015673828124999956
0 0.3988368055555555 0.77865234375 0.2523958333333333 0.016132812499999982
0 0.4042534722222222 0.797958984375 0.24586805555555558 0.020195312500000062
2 0.4258854166666667 0.10173828125 0.3478819444444444 0.03099609375000001
2 0.44725694444444447 0.135615234375 0.34255208333333326 0.019130859374999976
2 0.45112847222222224 0.15318359375 0.32092013888888893 0.015205078124999993
2 0.4427083333333333 0.175634765625 0.3174479166666667 0.016542968749999998
2 0.4552604166666667 0.19896484375 0.30515624999999996 0.023378906249999998
2 0.45499999999999996 0.221845703125 0.28324652777777776 0.02631835937499999
2 0.4382986111111111 0.24119140625 0.29527777777777775 0.020693359374999998
2 0.4241493055555556 0.26572265625 0.304357638888889 0.02392578125
2 0.4255555555555556 0.2846484375 0.2897916666666666 0.025732421875000022
2 0.4265451388888889 0.305947265625 0.29314236111111114 0.02100585937499999
3 0.4293576388888889 0.328583984375 0.2800520833333334 0.018945312499999978
3 0.4413715277777778 0.347099609375 0.29874999999999996 0.022177734375000036
3 0.4266840277777778 0.367158203125 0.29607638888888893 0.02173828124999999
3 0.4288194444444444 0.386474609375 0.3056944444444445 0.01677734374999995
3 0.4173958333333333 0.404912109375 0.3082291666666667 0.024375000000000036
3 0.4139930555555556 0.427041015625 0.3107638888888889 0.019794921874999982
3 0.4269444444444444 0.4477734375 0.2912673611111112 0.01620117187500003
3 0.4264236111111111 0.463662109375 0.2901909722222222 0.012666015625000027
3 0.42248263888888893 0.48224609375 0.2916666666666667 0.020537109374999973
3 0.41098958333333335 0.50080078125 0.2847222222222222 0.020087890624999938