2 0.3177083333333333 0.52734375 0.28125 0.173828125
2 0.11631944444444445 0.51025390625 0.024305555555555556 0.1103515625
2 0.09375 0.51220703125 0.012152777777777778 0.0947265625
2 0.06944444444444445 0.515625 0.017361111111111112 0.0927734375
2 0.046875 0.51220703125 0.008680555555555556 0.076171875
2 0.033854166666666664 0.53271484375 0.010416666666666666 0.064453125
2 0.016493055555555556 0.5390625 0.017361111111111112 0.0478515625
2 0.005208333333333333 0.55126953125 0.010416666666666666 0.0439453125
0 0.9913194444444444 0.45703125 0.017361111111111112 0.0625
0 0.9626736111111112 0.4501953125 0.019097222222222224 0.0458984375
0 0.9366319444444444 0.45166015625 0.020833333333333332 0.0537109375
0 0.9079861111111112 0.45654296875 0.013888888888888888 0.052734375
0 0.8854166666666666 0.45556640625 0.026041666666666668 0.046875
0 0.8454861111111112 0.45849609375 0.026041666666666668 0.044921875
0 0.8151041666666666 0.451171875 0.013888888888888888 0.0341796875
0 0.7864583333333334 0.447265625 0.015625 0.0361328125
0 0.7482638888888888 0.4619140625 0.024305555555555556 0.0546875
0 0.7170138888888888 0.45947265625 0.029513888888888888 0.0498046875
0 0.6901041666666666 0.458984375 0.013888888888888888 0.0498046875
0 0.6623263888888888 0.455078125 0.041666666666666664 0.041015625
0 0.6388888888888888 0.45751953125 0.008680555555555556 0.0458984375
0 0.6197916666666666 0.4560546875 0.024305555555555556 0.0380859375
0 0.59375 0.45751953125 0.029513888888888888 0.03515625
0 0.5668402777777778 0.4619140625 0.024305555555555556 0.0380859375
0 0.5434027777777778 0.4599609375 0.036458333333333336 0.0283203125
0 0.9105902777777778 0.30419921875 0.17881944444444445 0.1708984375
0 0.7717013888888888 0.2900390625 0.036458333333333336 0.1318359375
0 0.7361111111111112 0.287109375 0.024305555555555556 0.1279296875
0 0.7013888888888888 0.29296875 0.027777777777777776 0.140625
0 0.6623263888888888 0.28125 0.027777777777777776 0.119140625
0 0.6276041666666666 0.2880859375 0.022569444444444444 0.1171875
0 0.6015625 0.28662109375 0.012152777777777778 0.1015625
0 0.5694444444444444 0.28466796875 0.026041666666666668 0.107421875
0 0.5347222222222222 0.291015625 0.017361111111111112 0.09765625
0 0.5078125 0.28857421875 0.017361111111111112 0.0869140625
0 0.4835069444444444 0.30419921875 0.017361111111111112 0.1103515625
0 0.4557291666666667 0.28857421875 0.024305555555555556 0.078125
0 0.4270833333333333 0.29541015625 0.020833333333333332 0.0830078125