2 0.56875 0.2234375 0.6472222222222223 0.0375
2 0.5409722222222222 0.44921875 0.6194444444444445 0.0375
2 0.5659722222222222 0.487890625 0.5347222222222222 0.04609375
2 0.5326388888888889 0.621484375 0.475 0.03671875
2 0.5631944444444444 0.6578125 0.4527777777777778 0.0375
2 0.5604166666666667 0.8125 0.4111111111111111 0.0296875
2 0.5486111111111112 0.84921875 0.39861111111111114 0.03203125
2 0.5326388888888889 0.880078125 0.3236111111111111 0.021875
2 0.5409722222222222 0.98203125 0.32222222222222224 0.01484375
3 0.5611111111111111 0.01953125 0.7041666666666667 0.0390625
3 0.5625 0.065625 0.6638888888888889 0.04296875
3 0.5527777777777778 0.109765625 0.6388888888888888 0.021875
3 0.5506944444444445 0.13671875 0.6680555555555555 0.02109375
3 0.5618055555555556 0.166796875 0.6638888888888889 0.0296875
3 0.5701388888888889 0.276171875 0.6722222222222223 0.034375
3 0.5493055555555556 0.318359375 0.6875 0.0375
3 0.5708333333333333 0.362890625 0.6402777777777777 0.03203125
3 0.5326388888888889 0.533203125 0.5694444444444444 0.0265625
3 0.5625 0.569921875 0.4875 0.03125
3 0.5194444444444445 0.696484375 0.47638888888888886 0.02890625
3 0.5361111111111111 0.728515625 0.4722222222222222 0.02421875
3 0.55625 0.761328125 0.43472222222222223 0.0296875
3 0.5409722222222222 0.9140625 0.3736111111111111 0.02734375
3 0.5486111111111112 0.947265625 0.35138888888888886 0.02734375
3 0.7743055555555556 0.98359375 0.08333333333333333 0.028125
3 0.3125 0.984765625 0.09027777777777778 0.01484375
0 0.5513888888888889 0.41015625 0.5611111111111111 0.021875