3 0.5842013888888888 0.3984375 0.8315972222222222 0.1875
3 0.6145833333333334 0.5205078125 0.7013888888888888 0.0595703125
3 0.6631944444444444 0.57568359375 0.609375 0.0517578125
3 0.6545138888888888 0.6298828125 0.5069444444444444 0.0439453125
3 0.6710069444444444 0.669921875 0.4704861111111111 0.02734375
3 0.6336805555555556 0.7060546875 0.3229166666666667 0.0322265625
3 0.6467013888888888 0.7421875 0.3402777777777778 0.029296875
3 0.6414930555555556 0.77099609375 0.3142361111111111 0.0234375
3 0.6171875 0.79248046875 0.2899305555555556 0.0224609375
3 0.6102430555555556 0.81494140625 0.2552083333333333 0.0166015625
3 0.6032986111111112 0.8330078125 0.2708333333333333 0.0244140625
3 0.6293402777777778 0.8544921875 0.234375 0.025390625