1 0.8652777777777778 0.4671875 0.26944444444444443 0.028125
1 0.8652777777777778 0.4921875 0.26944444444444443 0.0234375
1 0.8763888888888889 0.51640625 0.24722222222222223 0.0296875
1 0.8881944444444444 0.541015625 0.22361111111111112 0.02265625
1 0.9 0.56484375 0.2 0.0234375
1 0.9048611111111111 0.588671875 0.19027777777777777 0.02109375
1 0.90625 0.610546875 0.1875 0.02265625
1 0.9125 0.630078125 0.175 0.01953125
1 0.9166666666666666 0.651171875 0.16666666666666666 0.02265625
1 0.9201388888888888 0.670703125 0.1597222222222222 0.02109375
1 0.9263888888888889 0.691796875 0.14722222222222223 0.01328125
0 0.9402777777777778 0.7140625 0.11944444444444445 0.025
0 0.9555555555555556 0.7375 0.08888888888888889 0.0140625
0 0.9513888888888888 0.758203125 0.09722222222222222 0.01484375
0 0.9541666666666667 0.779296875 0.09166666666666666 0.01328125
0 0.9375 0.800390625 0.125 0.01484375
0 0.925 0.82109375 0.15 0.015625
0 0.9298611111111111 0.84453125 0.14027777777777778 0.01875
0 0.9305555555555556 0.862109375 0.1388888888888889 0.01484375
0 0.93125 0.8796875 0.1375 0.015625
0 0.9333333333333333 0.89921875 0.13333333333333333 0.015625
0 0.9263888888888889 0.916015625 0.14722222222222223 0.01796875
0 0.8398194444444443 0.9302578125000001 0.12593055555555566 0.0272343750000001