1 0.1361111111111111 0.453125 0.2652777777777778 0.0390625
1 0.13333333333333333 0.478125 0.2652777777777778 0.03515625
1 0.12083333333333333 0.5015625 0.24166666666666667 0.0390625
1 0.1076388888888889 0.525390625 0.2152777777777778 0.03203125
1 0.09444444444444444 0.549609375 0.18888888888888888 0.03203125
1 0.08819444444444445 0.572265625 0.1763888888888889 0.02890625
1 0.08541666666666667 0.594140625 0.17083333333333334 0.03046875
1 0.07777777777777778 0.613671875 0.15555555555555556 0.02734375
1 0.07222222222222222 0.634375 0.14444444444444443 0.0296875
1 0.06736111111111111 0.65390625 0.13472222222222222 0.028125
1 0.059027777777777776 0.674609375 0.11805555555555555 0.01953125
0 0.044444444444444446 0.69609375 0.08888888888888889 0.0296875
0 0.027777777777777776 0.71953125 0.05555555555555555 0.0171875
0 0.030555555555555555 0.740234375 0.06111111111111111 0.01953125
0 0.025694444444444443 0.7609375 0.05138888888888889 0.0171875
0 0.041666666666666664 0.78203125 0.08333333333333333 0.0203125
0 0.05277777777777778 0.803515625 0.10555555555555556 0.02265625
0 0.04722222222222222 0.8265625 0.09444444444444444 0.025
0 0.04513888888888889 0.844921875 0.09027777777777778 0.02109375
0 0.043055555555555555 0.86171875 0.08611111111111111 0.021875
0 0.03958333333333333 0.880859375 0.07916666666666666 0.02109375
0 0.04583333333333333 0.898046875 0.09166666666666666 0.02421875
0 0.1076388888888889 0.916015625 0.11805555555555555 0.0328125