1 0.4600694444444444 0.24296875 0.13819444444444445 0.014583333333333334
1 0.4600694444444444 0.2559895833333333 0.13090277777777778 0.01171875
1 0.46597222222222223 0.26848958333333334 0.12395833333333334 0.015104166666666667
1 0.4722222222222222 0.28151041666666665 0.11006944444444444 0.011458333333333333
1 0.47847222222222224 0.29401041666666666 0.09409722222222222 0.011197916666666667
1 0.4809027777777778 0.30625 0.08506944444444445 0.009635416666666667
1 0.48159722222222223 0.31744791666666666 0.08506944444444445 0.010677083333333334
1 0.48506944444444444 0.32786458333333335 0.08298611111111111 0.009895833333333333
1 0.48715277777777777 0.3385416666666667 0.07881944444444444 0.0109375
1 0.4888888888888889 0.3489583333333333 0.0798611111111111 0.0109375
1 0.49270833333333336 0.35963541666666665 0.07326388888888889 0.00703125
0 0.5 0.37135416666666665 0.058680555555555555 0.012760416666666666
0 0.5076388888888889 0.38359375 0.03888888888888889 0.006510416666666667
0 0.5059027777777778 0.39427083333333335 0.04548611111111111 0.007552083333333333
0 0.5072916666666667 0.40520833333333334 0.04097222222222222 0.006510416666666667
0 0.4986111111111111 0.4161458333333333 0.05798611111111111 0.007291666666666667
0 0.49166666666666664 0.4270833333333333 0.06979166666666667 0.007552083333333333
0 0.49409722222222224 0.4390625 0.06666666666666667 0.009635416666666667
0 0.49444444444444446 0.4484375 0.06840277777777778 0.0078125
0 0.4947916666666667 0.45755208333333336 0.06284722222222222 0.007552083333333333
0 0.49618055555555557 0.4674479166666667 0.06215277777777778 0.0078125
0 0.49270833333333336 0.47630208333333335 0.07048611111111111 0.008854166666666666
0 0.44513888888888886 0.48359375 0.05381944444444445 0.013020833333333334
2 0.8371527777777777 0.01953125 0.32569444444444445 0.0390625
2 0.8482638888888889 0.053385416666666664 0.3034722222222222 0.04114583333333333
2 0.8621527777777778 0.09635416666666667 0.27569444444444446 0.0375
2 0.8729166666666667 0.14114583333333333 0.25416666666666665 0.035416666666666666
2 0.8833333333333333 0.1796875 0.23333333333333334 0.030208333333333334
3 0.8708333333333333 0.2203125 0.25833333333333336 0.027083333333333334
1 0.8715277777777778 0.2609375 0.2569444444444444 0.029166666666666667
0 0.8708333333333333 0.30755208333333334 0.25833333333333336 0.0328125
0 0.88125 0.34661458333333334 0.2375 0.043229166666666666