2 0.39826388888888886 0.3046875 0.6190972222222222 0.026302083333333334
2 0.3784722222222222 0.39296875 0.5197916666666667 0.028645833333333332
2 0.4010416666666667 0.42421875 0.43125 0.022916666666666665
2 0.21284722222222222 0.44765625 0.22083333333333333 0.03463541666666667
2 0.5260416666666666 0.47734375 0.18645833333333334 0.0234375
0 0.4201388888888889 0.20807291666666666 0.7420138888888889 0.14401041666666667
3 0.37222222222222223 0.35572916666666665 0.5333333333333333 0.03203125
0 0.8489583333333334 0.6354166666666666 0.09791666666666667 0.01875
2 0.8659722222222223 0.475 0.13194444444444445 0.059375
2 0.85625 0.5221354166666666 0.1125 0.019270833333333334
2 0.8552083333333333 0.5432291666666667 0.11041666666666666 0.013541666666666667
2 0.8430555555555556 0.5583333333333333 0.08611111111111111 0.01875
2 0.8440972222222223 0.5786458333333333 0.08819444444444445 0.011458333333333333
2 0.84375 0.6171875 0.0875 0.010416666666666666
2 0.83125 0.6544270833333333 0.0625 0.0109375
3 0.8430555555555556 0.5979166666666667 0.08611111111111111 0.014583333333333334