2 0.3125 0.21692708333333333 0.175 0.05651041666666667
2 0.2955729166666667 0.25755208333333335 0.11041666666666666 0.004427083333333333
2 0.29739583333333336 0.26223958333333336 0.09375 0.00234375
2 0.30078125 0.2671875 0.09166666666666666 0.003125
2 0.29713541666666665 0.2716145833333333 0.07109375 0.0010416666666666667
2 0.31796875 0.27421875 0.06432291666666666 0.0018229166666666667
2 0.32447916666666665 0.27786458333333336 0.046875 0.003125
2 0.33697916666666666 0.28098958333333335 0.03828125 0.002864583333333333
0 0.19010416666666666 0.04140625 0.1890625 0.04479166666666667
0 0.2265625 0.07109375 0.05755208333333333 0.0078125
0 0.24166666666666667 0.07890625 0.05625 0.005729166666666666
0 0.234375 0.08619791666666667 0.04010416666666667 0.0033854166666666668
0 0.2359375 0.09166666666666666 0.052083333333333336 0.00390625
0 0.24088541666666666 0.09739583333333333 0.05078125 0.0026041666666666665
0 0.23984375 0.10182291666666667 0.045572916666666664 0.005208333333333333
0 0.24296875 0.10989583333333333 0.03958333333333333 0.004427083333333333
0 0.23567708333333334 0.11614583333333334 0.034375 0.0026041666666666665
0 0.23125 0.121875 0.03619791666666667 0.0026041666666666665
0 0.24635416666666668 0.1296875 0.04739583333333333 0.004166666666666667
0 0.24401041666666667 0.13619791666666667 0.04791666666666667 0.00546875
0 0.24322916666666666 0.14140625 0.04895833333333333 0.00234375
0 0.23958333333333334 0.14713541666666666 0.0375 0.0078125
0 0.24166666666666667 0.15182291666666667 0.04609375 0.0015625
0 0.240625 0.15572916666666667 0.03411458333333333 0.004166666666666667
0 0.24192708333333332 0.1609375 0.03177083333333333 0.0049479166666666664
0 0.24661458333333333 0.16640625 0.03515625 0.0046875
0 0.24427083333333333 0.17109375 0.028385416666666666 0.0067708333333333336
0 0.08671875 0.0890625 0.17083333333333334 0.051041666666666666
0 0.07213541666666666 0.125 0.128125 0.0067708333333333336
0 0.06927083333333334 0.13203125 0.11640625 0.004166666666666667
0 0.07552083333333333 0.1390625 0.12630208333333334 0.0049479166666666664
0 0.06328125 0.14713541666666666 0.11770833333333333 0.005729166666666666
0 0.0703125 0.15416666666666667 0.10286458333333333 0.0036458333333333334
0 0.06848958333333334 0.159375 0.09375 0.0020833333333333333
0 0.06692708333333333 0.16588541666666667 0.09609375 0.004427083333333333
0 0.07291666666666667 0.17291666666666666 0.0921875 0.003125
0 0.07083333333333333 0.17838541666666666 0.0828125 0.003125
0 0.08671875 0.18333333333333332 0.11041666666666666 0.003125
0 0.07057291666666667 0.1890625 0.07395833333333333 0.0046875
0 0.07786458333333333 0.19479166666666667 0.07578125 0.0033854166666666668
2 0.8109375 0.27395833333333336 0.378125 0.04791666666666667
3 0.36640625 0.653125 0.40677083333333336 0.1
3 0.3684895833333333 0.7276927083333333 0.37154947916666664 0.04618489583333343
0 0.3880208333333333 0.7885416666666667 0.36354166666666665 0.03333333333333333
0 0.3932291666666667 0.8325520833333333 0.353125 0.050520833333333334
0 0.39895833333333336 0.8821979166666666 0.31243489583333334 0.043265625000000085
0 0.39095312500000007 0.9257552083333334 0.25950520833333335 0.03357031249999996
2 0.38939062500000005 0.9737291666666666 0.335546875 0.03245052083333348
3 0.8010416666666667 0.6541666666666667 0.39791666666666664 0.1
3 0.8075520833333333 0.728734375 0.37154947916666664 0.04618489583333343
0 0.82265625 0.7895833333333333 0.3546875 0.03333333333333333
0 0.8278645833333333 0.83359375 0.34427083333333336 0.050520833333333334
0 0.8380208333333333 0.8832395833333333 0.31243489583333334 0.043265625000000085
0 0.830015625 0.9267968750000001 0.25950520833333335 0.03357031249999996
2 0.828453125 0.9747708333333333 0.335546875 0.03245052083333348