1 0.30972222222222223 0.18411458333333333 0.38298611111111114 0.09947916666666666
2 0.3347222222222222 0.26328125 0.2791666666666667 0.016666666666666666
2 0.3524305555555556 0.284375 0.24340277777777777 0.015364583333333333
2 0.35694444444444445 0.30234375 0.17465277777777777 0.011197916666666667
2 0.26805555555555555 0.31484375 0.08402777777777778 0.009635416666666667
2 0.7395833333333334 0.46770833333333334 0.24166666666666667 0.04375
3 0.24618055555555557 0.6388020833333333 0.49236111111111114 0.05260416666666667
2 0.24409722222222222 0.53671875 0.48819444444444443 0.0515625
2 0.22430555555555556 0.6979166666666666 0.4486111111111111 0.03333333333333333
2 0.23472222222222222 0.7575520833333333 0.46944444444444444 0.0609375
2 0.21458333333333332 0.8278645833333333 0.42916666666666664 0.05572916666666667
2 0.22118055555555555 0.89140625 0.4423611111111111 0.0515625
2 0.2170138888888889 0.9434895833333333 0.4340277777777778 0.03802083333333333
2 0.23368055555555556 0.9890625 0.42430555555555555 0.021875
1 0.8350694444444444 0.7119791666666667 0.3298611111111111 0.03229166666666667
1 0.8295138888888889 0.7966145833333333 0.34097222222222223 0.030729166666666665
1 0.8371527777777777 0.90546875 0.32569444444444445 0.033854166666666664
2 0.825 0.5354166666666667 0.35 0.04479166666666667
2 0.834375 0.5783854166666667 0.33125 0.03697916666666667
2 0.8291666666666667 0.62421875 0.3416666666666667 0.0390625
2 0.8322916666666667 0.6651041666666667 0.33541666666666664 0.04375
2 0.8267361111111111 0.7528645833333333 0.34652777777777777 0.033854166666666664
0 0.8253472222222222 0.8307291666666666 0.34930555555555554 0.034375
0 0.8315972222222222 0.86640625 0.3368055555555556 0.03177083333333333
0 0.8326388888888889 0.9390625 0.3347222222222222 0.026041666666666668
3 0.8385416666666666 0.9747395833333333 0.3229166666666667 0.024479166666666666