3 0.5763888888888888 0.39697265625 0.8472222222222222 0.1748046875
3 0.6148784722222222 0.519580078125 0.7297395833333334 0.04761718749999999
3 0.6656597222222222 0.573828125 0.6374479166666666 0.040566406249999964
3 0.6584201388888888 0.628447265625 0.5361631944444443 0.03423828124999995
3 0.6759201388888889 0.6680859375 0.49883680555555565 0.01748046875000009
3 0.6403298611111111 0.70462890625 0.3524305555555556 0.02383789062500008
3 0.65421875 0.74060546875 0.3686284722222223 0.02091796875000007
3 0.6498784722222222 0.7694921875 0.34258680555555565 0.01522460937499992
3 0.6261631944444445 0.79123046875 0.31828125000000007 0.014746093749999911
3 0.6196527777777778 0.813603515625 0.28501736111111103 0.009052734374999982
3 0.6137152777777778 0.832001953125 0.29918402777777786 0.016542968750000053
3 0.6401909722222222 0.8532421875 0.2624479166666666 0.018339843749999973