1 0.9150485436893204 0.5863636363636363 0.16990291262135923 0.03272727272727273
1 0.9150485436893204 0.5572727272727273 0.16990291262135923 0.02909090909090909
1 0.9279935275080906 0.5290909090909091 0.14401294498381878 0.034545454545454546
1 0.941747572815534 0.5 0.11650485436893204 0.02727272727272727
1 0.9555016181229773 0.4722727272727273 0.0889967637540453 0.028181818181818183
1 0.9611650485436893 0.4445454545454545 0.07766990291262135 0.025454545454545455
1 0.9627831715210357 0.41909090909090907 0.0744336569579288 0.02727272727272727
1 0.9700647249190939 0.39636363636363636 0.059870550161812294 0.023636363636363636
1 0.9749190938511327 0.37272727272727274 0.05016181229773463 0.02727272727272727
1 0.9789644012944984 0.3490909090909091 0.042071197411003236 0.025454545454545455
0 0.941747572815534 0.04818181818181818 0.11650485436893204 0.03272727272727273