2 0.2586805555555556 0.23098958333333333 0.38819444444444445 0.01953125
2 0.24583333333333332 0.29791666666666666 0.30868055555555557 0.019791666666666666
2 0.2604166666666667 0.32135416666666666 0.27708333333333335 0.0171875
2 0.13819444444444445 0.3390625 0.1326388888888889 0.024479166666666666
2 0.3416666666666667 0.36171875 0.11805555555555555 0.017447916666666667
0 0.27291666666666664 0.15755208333333334 0.42777777777777776 0.09713541666666667
3 0.24166666666666667 0.26953125 0.36215277777777777 0.025520833333333333
2 0.6541666666666667 0.5122395833333333 0.26944444444444443 0.024479166666666666
2 0.653125 0.5416666666666666 0.2673611111111111 0.026041666666666668
2 0.6538194444444444 0.634375 0.26875 0.025
2 0.6361111111111111 0.6674479166666667 0.23333333333333334 0.024479166666666666
2 0.6451388888888889 0.7080729166666667 0.2513888888888889 0.022395833333333334
2 0.6461805555555555 0.7450520833333333 0.2534722222222222 0.0234375
2 0.6423611111111112 0.83359375 0.24583333333333332 0.0234375
2 0.6472222222222223 0.859375 0.25555555555555554 0.022916666666666665
2 0.63125 0.8979166666666667 0.22361111111111112 0.028125
2 0.6315972222222223 0.92890625 0.22430555555555556 0.024479166666666666
2 0.6256944444444444 0.9651041666666667 0.2125 0.025
2 0.6184027777777777 0.9955729166666667 0.19791666666666666 0.008854166666666666
1 0.6600694444444445 0.5921875 0.28125 0.0375
1 0.634375 0.7947916666666667 0.2298611111111111 0.023958333333333335