2 0.06284722222222222 0.23880208333333333 0.11458333333333333 0.026302083333333334
2 0.059375 0.2630208333333333 0.11736111111111111 0.0026041666666666665
2 0.034027777777777775 0.2752604166666667 0.04826388888888889 0.005989583333333334
2 0.03611111111111111 0.28411458333333334 0.06180555555555556 0.0046875
2 0.04583333333333333 0.29244791666666664 0.08159722222222222 0.0049479166666666664
2 0.049305555555555554 0.29973958333333334 0.07118055555555555 0.005729166666666666
2 0.04791666666666667 0.30859375 0.06701388888888889 0.00703125
2 0.050694444444444445 0.31614583333333335 0.0798611111111111 0.004166666666666667
2 0.05347222222222222 0.32395833333333335 0.07881944444444444 0.005208333333333333
0 0.6059027777777778 0.23072916666666668 0.15208333333333332 0.017708333333333333
0 0.6135416666666667 0.38359375 0.1673611111111111 0.011979166666666667
2 0.628125 0.0703125 0.19652777777777777 0.0625
2 0.6104166666666667 0.11744791666666667 0.16111111111111112 0.0171875
2 0.6131944444444445 0.13854166666666667 0.16666666666666666 0.013541666666666667
2 0.6006944444444444 0.15364583333333334 0.14166666666666666 0.017708333333333333
2 0.6013888888888889 0.17421875 0.14305555555555555 0.0109375
2 0.6006944444444444 0.2125 0.14166666666666666 0.009375
2 0.5885416666666666 0.25052083333333336 0.11736111111111111 0.011458333333333333
2 0.59375 0.2643229166666667 0.12777777777777777 0.008854166666666666
2 0.5944444444444444 0.30182291666666666 0.12916666666666668 0.013020833333333334
2 0.5909722222222222 0.3171875 0.12222222222222222 0.017708333333333333
2 0.5909722222222222 0.33619791666666665 0.12222222222222222 0.015104166666666667
2 0.5909722222222222 0.35130208333333335 0.12222222222222222 0.011979166666666667
2 0.5857638888888889 0.3671875 0.11180555555555556 0.011458333333333333
1 0.5923611111111111 0.2830729166666667 0.125 0.013020833333333334
3 0.6024305555555556 0.19322916666666667 0.1451388888888889 0.014583333333333334
2 0.16909722222222223 0.5158854166666667 0.33819444444444446 0.03177083333333333
2 0.171875 0.55078125 0.34375 0.03177083333333333
2 0.16215277777777778 0.5856770833333333 0.32430555555555557 0.0296875
2 0.1763888888888889 0.6150104166666668 0.2905104166666667 0.018484375000000004
2 0.18340972222222224 0.6424479166666667 0.31056944444444445 0.016984375000000065
2 0.17345833333333333 0.6742812499999999 0.28888888888888886 0.022486979166666643
2 0.1712222222222222 0.7076770833333333 0.2611111111111111 0.0248046875
2 0.1685972222222222 0.736265625 0.2628854166666667 0.026950520833333276
2 0.16011111111111107 0.7676197916666666 0.23518402777777775 0.02265625
2 0.15578472222222225 0.80084375 0.2422847222222223 0.023791666666666583
2 0.1550138888888889 0.833890625 0.24382638888888897 0.026234374999999942
2 0.14938194444444444 0.8654375000000001 0.22793055555555558 0.023348958333333295
2 0.15848611111111113 0.8929270833333334 0.24922916666666659 0.019302083333333307
2 0.1499236111111111 0.9225052083333334 0.23055555555555557 0.028687499999999963
0 0.41597222222222224 0.81328125 0.22777777777777777 0.07760416666666667
0 0.4253472222222222 0.8807291666666667 0.20902777777777778 0.0375
3 0.4388888888888889 0.9315104166666667 0.18194444444444444 0.03697916666666667
3 0.4482638888888889 0.9669270833333333 0.16319444444444445 0.03697916666666667
2 0.9229166666666667 0.7479322916666666 0.14652777777777778 0.06505208333333339
2 0.9397708333333333 0.7995 0.1161562499999999 0.02651302083333332
2 0.9530069444444444 0.8223125000000001 0.09351736111111109 0.01790624999999994
2 0.9543958333333333 0.8415208333333334 0.08657291666666664 0.015755208333333333
2 0.9583333333333334 0.8583333333333333 0.08333333333333333 0.011458333333333333
2 0.953125 0.8703125 0.09375 0.019791666666666666
2 0.9496527777777778 0.88671875 0.09618055555555556 0.010677083333333334
2 0.9510416666666667 0.9010416666666666 0.09791666666666667 0.013541666666666667
1 0.7306597222222223 0.7603281249999999 0.16935069444444445 0.053489583333333354
1 0.7219097222222222 0.8108541666666668 0.14527777777777773 0.017057291666666665
1 0.7187152777777778 0.8286354166666666 0.1435208333333333 0.010947916666666658
1 0.7222777777777777 0.8424583333333333 0.14231249999999995 0.012203125000000033
1 0.7240347222222223 0.8591614583333335 0.1328680555555556 0.011583333333333338
1 0.7288055555555556 0.8749270833333334 0.13592361111111112 0.01672395833333328