2 0.23695350451075636 0.16778125 0.38256419153365706 0.026536458333333356
2 0.22465648854961834 0.25699479166666667 0.32332408049965294 0.029057291666666648
2 0.23859819569743235 0.288390625 0.2963844552394171 0.02565364583333339
2 0.12074947952810548 0.3028645833333333 0.12352532963219987 0.0140625
0 0.2506453851492019 0.07006249999999999 0.4426231783483691 0.13923958333333342
3 0.220617626648161 0.21939583333333335 0.35247050659264395 0.034544270833333356
3 0.8667591950034698 0.24010416666666667 0.26648160999306036 0.034375
3 0.8660652324774463 0.27682291666666664 0.2678695350451076 0.04010416666666667
1 0.8469812630117973 0.18463541666666666 0.3060374739764053 0.059895833333333336
0 0.20229007633587787 0.44583333333333336 0.11623872310895211 0.01328125
0 0.19986120749479527 0.4609375 0.11623872310895211 0.009635416666666667
0 0.19430950728660654 0.47421875 0.11138098542678695 0.013802083333333333
0 0.19569743233865372 0.4864583333333333 0.10756419153365718 0.008333333333333333
0 0.19569743233865372 0.5 0.10131852879944483 0.01015625
0 0.1988202637057599 0.5130208333333334 0.10964607911172797 0.008854166666666666
0 0.19777931991672448 0.52578125 0.11068702290076336 0.005989583333333334
0 0.1946564885496183 0.5380208333333333 0.11623872310895211 0.015104166666666667
0 0.18910478834142957 0.55234375 0.09646079111727966 0.01484375
1 0.20749479528105483 0.365625 0.12179042331714088 0.0140625
1 0.208882720333102 0.3796875 0.14122137404580154 0.008333333333333333
1 0.20124913254684246 0.3919270833333333 0.12768910478834142 0.011197916666666667
1 0.20055517002081888 0.40520833333333334 0.11866759195003469 0.0109375
1 0.20263705759888967 0.41875 0.10895211658570438 0.009895833333333333
1 0.20159611380985426 0.4328125 0.11866759195003469 0.0125
3 0.19986120749479527 0.31354166666666666 0.1582234559333796 0.007291666666666667
3 0.20263705759888967 0.3229166666666667 0.14746703678001388 0.009895833333333333
3 0.20263705759888967 0.3359375 0.1453851492019431 0.0109375
3 0.19986120749479527 0.3497395833333333 0.1460791117279667 0.009114583333333334
3 0.8154059680777238 0.7567708333333333 0.3691880638445524 0.09479166666666666
3 0.823733518390007 0.8309895833333333 0.3525329632199861 0.0453125
0 0.8369188063844553 0.8921875 0.32616238723108953 0.03333333333333333
0 0.8556557945870923 0.9359375 0.2886884108258154 0.04583333333333333
0 0.868147120055517 0.9825520833333333 0.263705759888966 0.034895833333333334