3 0.5798611111111112 0.60205078125 0.8402777777777778 0.1806640625
3 0.6148784722222222 0.48041992187500004 0.7141145833333334 0.05445312499999999
3 0.6656597222222222 0.426171875 0.6218229166666666 0.047402343749999964
3 0.6584201388888888 0.371552734375 0.5205381944444443 0.04107421874999995
3 0.6759201388888889 0.3319140625 0.48321180555555565 0.02431640625000009
3 0.6403298611111111 0.29537109375000004 0.3368055555555556 0.03067382812500008
3 0.65421875 0.25939453125 0.3530034722222223 0.02775390625000007
3 0.6498784722222222 0.23050781249999996 0.32696180555555565 0.02206054687499992
3 0.6261631944444445 0.20876953124999997 0.30265625000000007 0.02158203124999991
3 0.6196527777777778 0.186396484375 0.26939236111111103 0.015888671874999982
3 0.6137152777777778 0.16799804687499997 0.28355902777777786 0.023378906250000053
3 0.6401909722222222 0.14675781249999997 0.2468229166666666 0.025175781249999973