2 0.20197916666666668 0.2372760416666667 0.1474652777777778 0.03488281250000007
2 0.18871527777777777 0.2685833333333333 0.10225694444444444 0.012541666666666748
2 0.19045138888888888 0.2849895833333333 0.0859375 0.016450520833333353
2 0.18854166666666666 0.2991354166666667 0.09409722222222222 0.008455729166666615
2 0.19583333333333333 0.31074999999999997 0.09861111111111111 0.00965624999999998
2 0.19947916666666668 0.32262500000000005 0.0859375 0.006427083333333409
2 0.19354166666666667 0.33463020833333335 0.08243055555555551 0.006716145833333324
1 0.190625 0.3430104166666667 0.103125 0.011968750000000009
3 0.17604166666666668 0.35590104166666664 0.10506944444444441 0.012619791666666677
2 0.7699375 0.36349479166666665 0.38353125000000005 0.031424479166666686
2 0.7451388888888889 0.4118645833333333 0.31984027777777774 0.030687500000000038
2 0.7815972222222223 0.45677083333333335 0.35208333333333336 0.026041666666666668
1 0.740625 0.01484375 0.51875 0.0296875
1 0.7440972222222222 0.05130208333333333 0.5118055555555555 0.0453125
1 0.746875 0.08854166666666667 0.50625 0.04375
3 0.7606180555555555 0.1438541666666667 0.475 0.03800000000000002
3 0.742263888888889 0.1855260416666667 0.4164652777777778 0.04396354166666671
3 0.7447430555555554 0.22607812500000002 0.4432569444444444 0.028348958333333365
3 0.7511875 0.264921875 0.46210416666666654 0.03163541666666667
3 0.7469236111111113 0.30964583333333334 0.4039652777777778 0.03626041666666661
2 0.5149305555555556 0.94453125 0.2298611111111111 0.03177083333333333
2 0.48680555555555555 0.9888020833333333 0.1736111111111111 0.022395833333333334
0 0.5434027777777778 0.4859375 0.28680555555555554 0.03229166666666667
1 0.55 0.5372395833333333 0.3 0.05260416666666667
1 0.5447916666666667 0.5828125 0.28958333333333336 0.05625
1 0.5423611111111111 0.6325520833333333 0.2847222222222222 0.0453125
1 0.5451388888888888 0.6697916666666667 0.2902777777777778 0.04375
3 0.5333333333333333 0.7247395833333333 0.26666666666666666 0.03802083333333333
3 0.509375 0.7666666666666667 0.21875 0.04375
3 0.5173611111111112 0.80703125 0.23472222222222222 0.028645833333333332
3 0.5253472222222222 0.84609375 0.25069444444444444 0.03177083333333333
3 0.5086805555555556 0.890625 0.21736111111111112 0.036458333333333336