1 0.3327182553162579 0.698170731707317 0.6130155581221549 0.03534146341463407
1 0.32777878931992666 0.7413170731707318 0.5843875263265168 0.04812195121951235
1 0.3342140091038794 0.791048780487805 0.5651166519464638 0.053756097560975435
1 0.3343531489910999 0.8389024390243903 0.530609959915755 0.04063414634146367
1 0.35522413207418985 0.8876829268292684 0.4974250968136422 0.04814634146341468
1 0.3358141178069162 0.935609756097561 0.45060452476391066 0.04085365853658529
0 0.30262925470480334 0.9865853658536585 0.5426455601603369 0.02682926829268295
2 0.3489280521774577 0.039268292682926885 0.5785088660914466 0.05487804878048781
2 0.35174563489367483 0.08653658536585371 0.5493242747469256 0.05939024390243908
2 0.3537283782865684 0.1397317073170732 0.5560377743053196 0.04758536585365852
3 0.35936354371900264 0.1962682926829269 0.529809905564237 0.04243902439024383
3 0.38343474420816626 0.24251219512195124 0.5672733201983831 0.05051219512195132
3 0.3540066580610096 0.29260975609756107 0.5619164345403901 0.049414634146341396
3 0.358285209593043 0.3408536585365854 0.5811873089204431 0.03702439024390236
3 0.33539669814525436 0.38690243902439025 0.5862659148039949 0.05600000000000005
3 0.3285788436714452 0.44217073170731713 0.5913445206875466 0.044560975609756026
3 0.3545284326380868 0.49395121951219506 0.5522809973503636 0.03558536585365857
3 0.3534848834839323 0.5336341463414634 0.5501243290984442 0.026756097560975745
3 0.3455886948841634 0.5800487804878048 0.5530810517018819 0.046414634146341394
3 0.3225610435491542 0.6263902439024391 0.539167062979822 0.0452926829268292