1 0.3298611111111111 0.32734375 0.09895833333333333 0.019791666666666666
1 0.3298611111111111 0.34479166666666666 0.09479166666666666 0.01640625
1 0.33402777777777776 0.36171875 0.090625 0.020833333333333332
1 0.3385416666666667 0.37890625 0.07256944444444445 0.014322916666666666
1 0.34305555555555556 0.3958333333333333 0.0642361111111111 0.014583333333333334
1 0.34479166666666666 0.4122395833333333 0.06770833333333333 0.01484375
1 0.3451388888888889 0.4276041666666667 0.06527777777777778 0.015364583333333333
1 0.34756944444444443 0.44140625 0.05555555555555555 0.011979166666666667
1 0.34930555555555554 0.45598958333333334 0.058680555555555555 0.015364583333333333
1 0.3506944444444444 0.46979166666666666 0.051041666666666666 0.013020833333333334
1 0.353125 0.484375 0.05 0.008854166666666666
0 0.35833333333333334 0.5 0.03888888888888889 0.016145833333333335
0 0.3638888888888889 0.5166666666666667 0.029166666666666667 0.009375
0 0.3625 0.5309895833333333 0.034027777777777775 0.010677083333333334
0 0.36354166666666665 0.5458333333333333 0.029513888888888888 0.008854166666666666
0 0.3572916666666667 0.5604166666666667 0.04201388888888889 0.009895833333333333
0 0.3524305555555556 0.575 0.05243055555555556 0.0109375
0 0.3541666666666667 0.59140625 0.04826388888888889 0.012760416666666666
0 0.3545138888888889 0.60390625 0.04479166666666667 0.009375
0 0.3548611111111111 0.6161458333333333 0.04618055555555556 0.010677083333333334
0 0.3559027777777778 0.6296875 0.041666666666666664 0.009635416666666667
0 0.353125 0.64140625 0.046875 0.011458333333333333
0 0.3190972222222222 0.6513020833333333 0.04375 0.01953125
2 0.6585833333333333 0.09854687499999999 0.2858576388888889 0.0254895833333333
2 0.6603541666666667 0.12625 0.24425347222222232 0.018770833333333313
2 0.6593402777777778 0.14528645833333334 0.24766319444444443 0.013942708333333324
2 0.6585208333333333 0.1696770833333333 0.21439236111111104 0.012619791666666677
2 0.6558055555555555 0.1944895833333333 0.20827083333333338 0.0197265625
2 0.6577638888888888 0.21864062499999998 0.23055555555555557 0.018828125000000046
2 0.6611736111111112 0.23919270833333334 0.2278402777777777 0.020015624999999915
2 0.6629444444444444 0.26130729166666666 0.22007638888888895 0.017794270833333313
2 0.6660347222222223 0.28147395833333333 0.2595312500000001 0.020156250000000025
2 0.657701388888889 0.3257291666666667 0.21351041666666679 0.02080729166666669
2 0.6640763888888889 0.3450520833333333 0.22948263888888884 0.01583854166666659
2 0.6638888888888889 0.36418229166666666 0.21641319444444443 0.015507812500000048
2 0.6570694444444444 0.4066458333333333 0.21881249999999994 0.013419270833333267
2 0.661236111111111 0.4265833333333333 0.2330798611111111 0.01498437499999999
2 0.65625 0.444390625 0.20662847222222228 0.015223958333333343
2 0.6569444444444444 0.46522395833333335 0.21281597222222218 0.015747395833333164
2 0.6462152777777778 0.485921875 0.1920451388888889 0.022046874999999962
2 0.6456458333333334 0.5528125 0.18333333333333332 0.014744791666666639
2 0.6328263888888889 0.6140416666666667 0.1693194444444444 0.01730989583333316
2 0.6549236111111111 0.637578125 0.19741319444444436 0.008315104166666743
2 0.6500625 0.6598802083333334 0.15555555555555556 0.014236979166666686
2 0.642423611111111 0.680859375 0.15429166666666663 0.012442708333333503
2 0.6399305555555556 0.69609375 0.15902777777777777 0.0078125
1 0.6468402777777779 0.30395833333333333 0.22702083333333328 0.018244791666666652
1 0.6406597222222222 0.5763593749999999 0.18686805555555558 0.016640624999999905
3 0.6540416666666667 0.5336458333333333 0.18838194444444442 0.01644270833333342
3 0.6509444444444444 0.5090208333333333 0.21376388888888884 0.020223958333333295
3 0.6527777777777778 0.3893229166666667 0.22121527777777775 0.019458333333333282
0 0.6538541666666666 0.59359375 0.17663888888888898 0.013223958333333266
1 0.16001388888888887 0.9565104166666667 0.08900347222222224 0.009031250000000076
1 0.16116666666666668 0.9673645833333334 0.11030208333333331 0.0058203124999999765
1 0.15471527777777777 0.976890625 0.0970763888888889 0.007403645833333291
1 0.15411111111111112 0.9870312499999999 0.09189930555555555 0.007341145833333348
1 0.15555555555555556 0.996875 0.09027777777777778 0.00625
2 0.15815972222222222 0.7313489583333334 0.12141319444444447 0.016677083333333325
2 0.1632847222222222 0.7454531249999999 0.12647569444444445 0.011080729166666685
2 0.16513194444444446 0.7566302083333334 0.12323611111111106 0.00910677083333331
2 0.16307638888888892 0.7684114583333332 0.11302083333333333 0.008429687500000001
2 0.1585625 0.7786770833333333 0.10735069444444444 0.01275000000000001
2 0.15688888888888888 0.7916979166666667 0.10301041666666665 0.012229166666666676
2 0.1600972222222222 0.80409375 0.10442708333333334 0.00852083333333334
2 0.1635138888888889 0.816046875 0.12427777777777776 0.013398437500000011
2 0.16056250000000002 0.8276979166666667 0.12413194444444445 0.010078125000000012
2 0.15772916666666667 0.8383958333333333 0.11730555555555552 0.011947916666666695
3 0.15723611111111108 0.8500260416666666 0.12152777777777778 0.012635416666666661
3 0.15390277777777778 0.8614010416666666 0.12123611111111114 0.011083333333333318
3 0.15786805555555555 0.8720572916666666 0.1285902777777778 0.01026041666666669
3 0.1539652777777778 0.8829114583333334 0.12482638888888889 0.011130208333333336
3 0.15870833333333334 0.8947552083333333 0.13431944444444446 0.009645833333333324
3 0.15497916666666667 0.9025885416666667 0.12974305555555554 0.009255208333333324
3 0.15381944444444445 0.9144375 0.13206249999999997 0.009520833333333319
3 0.15572916666666667 0.9235104166666666 0.12314583333333336 0.007697916666666652
3 0.1557013888888889 0.9336041666666667 0.12135416666666667 0.008354166666666647
3 0.15341666666666665 0.9441510416666666 0.12175694444444443 0.007052083333333315
1 0.42569444444444443 0.7169270833333333 0.09166666666666666 0.021354166666666667
1 0.41354166666666664 0.7419270833333333 0.06736111111111111 0.027604166666666666
1 0.4173611111111111 0.809375 0.075 0.022916666666666665
3 0.4107638888888889 0.8877604166666667 0.06180555555555556 0.018229166666666668