2 0.3454861111111111 0.48203125 0.18784722222222222 0.12265625
2 0.3267361111111111 0.57265625 0.1111111111111111 0.009375
2 0.3284722222222222 0.5830729166666667 0.10451388888888889 0.005208333333333333
2 0.33229166666666665 0.59375 0.09791666666666667 0.00703125
2 0.3284722222222222 0.60390625 0.08194444444444444 0.0026041666666666665
2 0.35138888888888886 0.6096354166666667 0.07118055555555555 0.00390625
2 0.35868055555555556 0.6177083333333333 0.049652777777777775 0.00625
2 0.37256944444444445 0.62421875 0.043402777777777776 0.00625
0 0.21006944444444445 0.0921875 0.20347222222222222 0.09713541666666667
0 0.25069444444444444 0.15833333333333333 0.065625 0.01796875
0 0.2673611111111111 0.17552083333333332 0.06666666666666667 0.01328125
0 0.2590277777777778 0.19166666666666668 0.049652777777777775 0.008072916666666667
0 0.2607638888888889 0.20364583333333333 0.05520833333333333 0.00859375
0 0.26631944444444444 0.21640625 0.057291666666666664 0.00546875
0 0.26493055555555556 0.2265625 0.046875 0.010416666666666666
0 0.26840277777777777 0.24453125 0.04583333333333333 0.010677083333333334
0 0.2604166666666667 0.25833333333333336 0.03784722222222222 0.00546875
0 0.25555555555555554 0.27109375 0.03576388888888889 0.0049479166666666664
0 0.2722222222222222 0.28828125 0.05451388888888889 0.009375
0 0.26979166666666665 0.30234375 0.05381944444444445 0.012760416666666666
0 0.2690972222222222 0.3145833333333333 0.04861111111111111 0.0046875
0 0.26458333333333334 0.32708333333333334 0.03923611111111111 0.016666666666666666
0 0.2673611111111111 0.3377604166666667 0.04652777777777778 0.0036458333333333334
0 0.2659722222222222 0.34609375 0.03993055555555555 0.01015625
0 0.2673611111111111 0.3578125 0.03819444444444445 0.011979166666666667
0 0.2725694444444444 0.3697916666666667 0.03784722222222222 0.01015625
0 0.2701388888888889 0.3802083333333333 0.030208333333333334 0.015364583333333333
0 0.09583333333333334 0.19791666666666666 0.1736111111111111 0.10416666666666667
0 0.0798611111111111 0.27760416666666665 0.13159722222222223 0.014322916666666666
0 0.07673611111111112 0.29375 0.14270833333333333 0.01015625
0 0.08333333333333333 0.309375 0.13854166666666667 0.010677083333333334
0 0.06979166666666667 0.3268229166666667 0.12361111111111112 0.011979166666666667
0 0.07777777777777778 0.3424479166666667 0.12569444444444444 0.009895833333333333
0 0.07569444444444444 0.35442708333333334 0.09930555555555555 0.004427083333333333
0 0.07395833333333333 0.36875 0.11493055555555555 0.010416666666666666
0 0.08055555555555556 0.3846354166666667 0.09652777777777778 0.00625
0 0.07847222222222222 0.3966145833333333 0.08819444444444445 0.00703125
0 0.09583333333333334 0.40729166666666666 0.12222222222222222 0.0067708333333333336
0 0.078125 0.4200520833333333 0.08506944444444445 0.01015625
0 0.08611111111111111 0.4328125 0.08472222222222223 0.007552083333333333
3 0.5638888888888889 0.80703125 0.12083333333333333 0.0140625
3 0.56875 0.8289739583333334 0.09210763888888904 0.01689843749999985
3 0.38125 0.8075520833333333 0.07222222222222222 0.015104166666666667
3 0.46493055555555557 0.8041666666666667 0.06319444444444444 0.008333333333333333
2 0.8017361111111111 0.8544270833333333 0.34375 0.0359375
2 0.7878472222222223 0.9059895833333333 0.3159722222222222 0.028645833333333332
2 0.7804027777777778 0.9497916666666666 0.29274652777777777 0.025546875000000094
1 0.8009236111111112 0.9841718749999999 0.2219895833333333 0.024276041666666734