2 0.5483506944444445 0.39732421875 0.34670138888888896 0.16120117187499994
2 0.5185763888888889 0.28431640625 0.23451388888888897 0.016318359375000036
2 0.5217708333333334 0.27130859375000005 0.20711805555555549 0.010146484375000098
2 0.5278298611111111 0.25794921875 0.20326388888888897 0.012578125000000107
2 0.5213541666666667 0.245224609375 0.17342013888888885 0.007402343749999929
2 0.5579513888888888 0.23786132812500005 0.1527777777777778 0.008535156250000009
2 0.5696354166666667 0.228017578125 0.12265624999999997 0.012597656250000089
2 0.5916319444444444 0.21957031250000003 0.11692708333333338 0.012597656250000089
0 0.3335590277777778 0.884892578125 0.40317708333333335 0.14022460937499992
0 0.39776041666666667 0.8022265625 0.1495833333333333 0.026542968750000062
0 0.4242708333333333 0.780576171875 0.1491145833333333 0.02041992187500008
0 0.41151041666666666 0.76025390625 0.11984375000000005 0.013564453124999876
0 0.41385416666666663 0.74537109375 0.1339236111111111 0.014628906250000018
0 0.42267361111111107 0.729375 0.13279513888888891 0.010927734375000053
0 0.4207986111111111 0.7168359375 0.12152777777777778 0.017539062500000036
0 0.4261979166666667 0.694326171875 0.1182465277777778 0.01767578124999991
0 0.4134722222222222 0.677060546875 0.09937499999999996 0.011035156249999956
0 0.40597222222222223 0.661123046875 0.10314236111111115 0.011249999999999982
0 0.4321527777777778 0.63958984375 0.13486111111111113 0.016298828125000053
0 0.4282638888888889 0.621923828125 0.12612847222222218 0.019423828125000098
0 0.42699652777777775 0.606884765625 0.1264062500000001 0.010449218750000044
0 0.42032986111111115 0.591181640625 0.11119791666666659 0.026816406250000036
0 0.42421875 0.577900390625 0.11993055555555553 0.008183593750000107
0 0.4222916666666667 0.5674511718749999 0.10576388888888882 0.01683593750000001
0 0.42446180555555557 0.5527734375 0.10069444444444445 0.019150390625000124
0 0.43270833333333336 0.537646484375 0.10595486111111106 0.016884765624999964
0 0.4286284722222222 0.524609375 0.08934027777777784 0.023525390625000142
0 0.16145833333333334 0.751953125 0.3229166666666667 0.146484375
0 0.1310763888888889 0.65234375 0.2621527777777778 0.0234375
0 0.1267361111111111 0.63232421875 0.2534722222222222 0.0166015625
0 0.13802083333333334 0.61279296875 0.2760416666666667 0.0185546875
0 0.1171875 0.5908203125 0.234375 0.01953125
0 0.12343749999999999 0.5719921875 0.24687499999999998 0.015976562500000124
0 0.12039930555555554 0.556904296875 0.21822916666666664 0.010019531249999991
0 0.11744791666666668 0.53908203125 0.22968750000000002 0.017353515624999982
0 0.12803819444444445 0.519296875 0.2126736111111111 0.012958984374999982
0 0.12447916666666667 0.5043261718750001 0.19340277777777778 0.012636718750000053
0 0.15225694444444446 0.490849609375 0.23506944444444444 0.012246093749999964
0 0.12387152777777777 0.47502929687499995 0.17656249999999998 0.016542968750000053
0 0.13645833333333332 0.45906250000000004 0.1861111111111111 0.014306640625000089