1 0.8673611111111111 0.4671875 0.2652777777777778 0.028125
1 0.8673611111111111 0.4921875 0.2652777777777778 0.025
1 0.8784722222222222 0.51640625 0.24305555555555555 0.0296875
1 0.8895833333333333 0.54140625 0.22083333333333333 0.0234375
1 0.9013888888888889 0.565234375 0.19722222222222222 0.02421875
1 0.90625 0.5890625 0.1875 0.021875
1 0.9076388888888889 0.6109375 0.18472222222222223 0.0234375
1 0.9138888888888889 0.63046875 0.17222222222222222 0.0203125
1 0.9180555555555555 0.65078125 0.1638888888888889 0.0234375
1 0.9215277777777777 0.67109375 0.15694444444444444 0.021875
1 0.9284722222222223 0.691796875 0.14305555555555555 0.01484375
0 0.9423611111111111 0.7140625 0.11527777777777778 0.025
0 0.9569444444444445 0.7375 0.08611111111111111 0.0140625
0 0.9534722222222223 0.758203125 0.09305555555555556 0.01640625
0 0.95625 0.779296875 0.0875 0.01484375
0 0.9395833333333333 0.8 0.12083333333333333 0.015625
0 0.9270833333333334 0.82109375 0.14583333333333334 0.0171875
0 0.93125 0.844921875 0.1375 0.01953125
0 0.9319444444444445 0.8625 0.1361111111111111 0.015625
0 0.9326388888888889 0.880078125 0.13472222222222222 0.01640625
0 0.9354166666666667 0.898828125 0.12916666666666668 0.01640625
0 0.9284722222222223 0.915625 0.14305555555555555 0.01875
0 0.8398194444444443 0.9302578125000001 0.11898611111111121 0.0280156250000001