1 0.8659722222222223 0.53203125 0.26805555555555555 0.0265625
1 0.8659722222222223 0.50703125 0.26805555555555555 0.0234375
1 0.8770833333333333 0.4828125 0.24583333333333332 0.028125
1 0.8888888888888888 0.45859375 0.2222222222222222 0.021875
1 0.9006944444444445 0.433984375 0.1986111111111111 0.02265625
1 0.9055555555555556 0.4109375 0.18888888888888888 0.0203125
1 0.9069444444444444 0.3890625 0.18611111111111112 0.021875
1 0.9131944444444444 0.36875 0.1736111111111111 0.01875
1 0.9173611111111111 0.3484375 0.16527777777777777 0.021875
1 0.9208333333333333 0.32890625 0.15833333333333333 0.0203125
1 0.9270833333333334 0.307421875 0.14583333333333334 0.01328125
0 0.9409722222222222 0.28515625 0.11805555555555555 0.0234375
0 0.95625 0.26171875 0.0875 0.0125
0 0.9520833333333333 0.241015625 0.09583333333333334 0.01484375
0 0.9548611111111112 0.219921875 0.09027777777777778 0.01328125
0 0.9381944444444444 0.19921875 0.12361111111111112 0.0140625
0 0.9256944444444445 0.178125 0.1486111111111111 0.015625
0 0.9305555555555556 0.155078125 0.1388888888888889 0.01796875
0 0.93125 0.13671875 0.1375 0.0140625
0 0.9319444444444445 0.119921875 0.1361111111111111 0.01484375
0 0.9340277777777778 0.100390625 0.13194444444444445 0.01484375
0 0.9270833333333334 0.08359375 0.14583333333333334 0.0171875
0 0.8398194444444443 0.06974218749999998 0.12315277777777787 0.026453125000000098