2 0.6521300448430494 0.24856060606060607 0.3984304932735427 0.2046338383838383
2 0.613677130044843 0.10244949494949493 0.2535426008968611 0.017310606060606106
2 0.6178026905829597 0.0856313131313132 0.21816143497757837 0.009330808080808207
2 0.6256278026905829 0.06835858585858584 0.21318385650224225 0.012474747474747612
2 0.6172645739910314 0.05190656565656567 0.17464125560538113 0.005782828282828191
2 0.6645291479820628 0.0423863636363637 0.14798206278026907 0.007247474747474759
2 0.6796188340807175 0.02965909090909092 0.10908071748878918 0.012500000000000115
2 0.7080269058295964 0.018737373737373778 0.10168161434977584 0.012500000000000115
0 0.37473094170403587 0.8789520202020202 0.4713677130044843 0.17751262626262615
0 0.45764573991031393 0.7720707070707071 0.1438565022421524 0.030530303030303112
0 0.49188340807174885 0.7440782828282828 0.14325112107623314 0.022613636363636468
0 0.4754035874439462 0.7178030303030303 0.10544843049327361 0.013749999999999839
0 0.4784304932735426 0.6985606060606061 0.12363228699551566 0.015126262626262649
0 0.48982062780269053 0.6778787878787879 0.1221748878923767 0.01034090909090916
0 0.48739910313901347 0.6616666666666666 0.10762331838565023 0.018888888888888934
0 0.49437219730941706 0.6325631313131314 0.10338565022421528 0.019065656565656595
0 0.4779372197309417 0.6102398989898989 0.07901345291479822 0.010479797979797922
0 0.4682511210762332 0.5896338383838384 0.0838789237668162 0.010757575757575735
0 0.5020627802690583 0.5617929292929293 0.12484304932735428 0.017285353535353605
0 0.4970403587443946 0.5389520202020203 0.11356502242152461 0.021325757575757557
0 0.49540358744394614 0.5195075757575758 0.11392376681614363 0.00972222222222228
0 0.4867937219730942 0.49920454545454546 0.09428251121076223 0.03088383838383843
0 0.4918161434977578 0.4820328282828283 0.1055605381165919 0.006792929292929287
0 0.4893273542600897 0.46852272727272726 0.0872645739910313 0.01797979797979799
0 0.49213004484304934 0.4495454545454546 0.08071748878923767 0.02097222222222224
0 0.502780269058296 0.4299873737373738 0.08751121076233177 0.018042929292929246
0 0.4975112107623318 0.4131313131313131 0.06605381165919291 0.02662878787878792
0 0.1681614349775785 0.7089646464646465 0.336322869955157 0.1856060606060606
0 0.1289237668161435 0.5795454545454546 0.257847533632287 0.025252525252525252
0 0.12331838565022421 0.5536616161616161 0.24663677130044842 0.016414141414141416
0 0.13789237668161436 0.5284090909090909 0.2757847533632287 0.01893939393939394
0 0.1109865470852018 0.5 0.2219730941704036 0.020202020202020204
0 0.11883408071748879 0.4753787878787879 0.23766816143497757 0.016414141414141416
0 0.10762331838565023 0.4551767676767677 0.21524663677130046 0.008838383838383838
0 0.10874439461883408 0.432449494949495 0.21748878923766815 0.01893939393939394
0 0.1109865470852018 0.4065656565656566 0.2219730941704036 0.012626262626262626
0 0.1047085201793722 0.3869065656565657 0.20044843049327354 0.01255050505050512
0 0.1405829596412556 0.3694823232323232 0.25426008968609864 0.0120454545454545
0 0.10392376681614349 0.3490277777777777 0.1786995515695067 0.01760101010101017
0 0.1201793721973094 0.32838383838383844 0.19103139013452913 0.014709595959596075