1 0.3993055555555556 0.3411458333333333 0.11145833333333334 0.019010416666666665
1 0.3993055555555556 0.359375 0.11527777777777778 0.016927083333333332
1 0.4045138888888889 0.3770833333333333 0.10590277777777778 0.020572916666666666
1 0.4097222222222222 0.39505208333333336 0.09027777777777778 0.015364583333333333
1 0.4149305555555556 0.4125 0.0875 0.017447916666666667
1 0.4173611111111111 0.42994791666666665 0.08125 0.01484375
1 0.41805555555555557 0.44583333333333336 0.07361111111111111 0.01484375
1 0.42083333333333334 0.46015625 0.07152777777777777 0.01328125
1 0.42256944444444444 0.4752604166666667 0.07083333333333333 0.015885416666666666
1 0.42430555555555555 0.4895833333333333 0.07048611111111111 0.015364583333333333
1 0.42743055555555554 0.5049479166666667 0.06284722222222222 0.009635416666666667
0 0.43368055555555557 0.5213541666666667 0.04895833333333333 0.01796875
0 0.440625 0.5385416666666667 0.0375 0.010416666666666666
0 0.4388888888888889 0.5536458333333333 0.03819444444444445 0.010416666666666666
0 0.44027777777777777 0.56875 0.03611111111111111 0.009114583333333334
0 0.4326388888888889 0.5841145833333333 0.049652777777777775 0.01015625
0 0.4267361111111111 0.5994791666666667 0.058680555555555555 0.010677083333333334
0 0.4288194444444444 0.61640625 0.058333333333333334 0.01328125
0 0.42916666666666664 0.6294270833333333 0.053125 0.009635416666666667
0 0.42951388888888886 0.6421875 0.052083333333333336 0.009895833333333333
0 0.4305555555555556 0.65625 0.050694444444444445 0.009895833333333333
0 0.42743055555555554 0.6684895833333333 0.058680555555555555 0.011979166666666667
0 0.3861111111111111 0.67890625 0.04548611111111111 0.017708333333333333
1 0.965625 0.3580729166666667 0.06875 0.018229166666666668
1 0.9805555555555555 0.39505208333333336 0.03888888888888889 0.0171875
3 0.9767361111111111 0.4421875 0.04652777777777778 0.023958333333333335
3 0.971875 0.4671875 0.05625 0.025
3 0.9666666666666667 0.49453125 0.06666666666666667 0.028645833333333332
3 0.9611111111111111 0.5166666666666667 0.07777777777777778 0.030208333333333334
3 0.9590277777777778 0.5442708333333334 0.08194444444444444 0.021875
3 0.95 0.5672135416666666 0.0988020833333334 0.027677083333333265
3 0.9066319444444444 0.43921875 0.03636111111111104 0.1012604166666667
3 0.9209583333333332 0.608984375 0.14204861111111108 0.06105208333333323
3 0.8963402777777778 0.66315625 0.07512500000000004 0.03681770833333336
3 0.9722222222222222 0.6625 0.05555555555555555 0.023958333333333335
2 0.9104166666666667 0.07265625 0.17916666666666667 0.0265625
2 0.9371527777777777 0.11015625 0.12569444444444444 0.0296875
2 0.9496527777777778 0.14348958333333334 0.10069444444444445 0.027604166666666666
2 0.8857291666666667 0.16243229166666667 0.11452083333333339 0.030645833333333292
2 0.9451388888888889 0.1984375 0.10972222222222222 0.034375
2 0.8869305555555554 0.236390625 0.13333333333333333 0.03651041666666662
2 0.8637013888888889 0.2774479166666667 0.1070694444444445 0.032447916666666646
2 0.8525902777777777 0.3146614583333333 0.07979861111111117 0.029223958333333282
2 0.8582708333333332 0.338890625 0.06338194444444444 0.017083333333333308
2 0.8487986111111111 0.3608645833333333 0.07222222222222222 0.026942708333333343
2 0.845388888888889 0.3809375 0.05277777777777778 0.02163020833333332
2 0.845388888888889 0.4078333333333333 0.05782638888888888 0.022395833333333334
2 0.83125 0.43122916666666666 0.04975000000000007 0.02183333333333337
2 0.8265138888888888 0.450265625 0.05921527777777776 0.020890625000000065
2 0.8161597222222222 0.4837447916666667 0.04861111111111111 0.02364583333333338
2 0.8122499999999999 0.5091718749999999 0.038256944444444385 0.020526041666666592