2 0.4313055555555556 0.22334375 0.6704027777777777 0.040921874999999996
2 0.45897222222222217 0.44907031249999996 0.6424166666666667 0.04045312499999998
2 0.43419444444444444 0.4878359375 0.5586527777777778 0.049476562499999946
2 0.4674166666666667 0.621359375 0.49904166666666677 0.04007031249999997
2 0.43686111111111114 0.6576640625 0.47638888888888886 0.04056250000000006
2 0.4396388888888889 0.8126484375 0.43493055555555554 0.03249999999999993
2 0.4517083333333334 0.8491875 0.42275 0.035398437499999956
2 0.46730555555555553 0.8802031250000001 0.34711111111111104 0.025304687499999902
2 0.4588611111111111 0.9818828125 0.3451944444444444 0.018085937500000072
3 0.4375 0.019921875 0.7277777777777777 0.03984375
3 0.4375 0.0655859375 0.6870694444444445 0.04584375
3 0.44690277777777776 0.109640625 0.6631388888888889 0.025054687499999995
3 0.44913888888888887 0.13668750000000002 0.6911388888888891 0.023859375000000016
3 0.43793055555555555 0.166921875 0.6879305555555556 0.03264062500000002
3 0.42991666666666667 0.276171875 0.6954027777777777 0.03719531250000001
3 0.4504305555555555 0.3181796875 0.7107916666666666 0.04068750000000003
3 0.4292777777777777 0.3628359375 0.6642083333333334 0.0350546875
3 0.4674166666666666 0.5332578125 0.5930555555555556 0.02974218749999995
3 0.4372916666666667 0.5698671875 0.5114305555555556 0.034445312499999936
3 0.48066666666666663 0.6966015624999999 0.4998888888888888 0.031906249999999935
3 0.4637777777777778 0.7283984375 0.49604166666666666 0.02698437499999997
3 0.4440138888888889 0.7612109375 0.4586527777777778 0.032523437500000085
3 0.45929166666666665 0.9140859375 0.39733333333333337 0.0305781249999999
3 0.4510694444444444 0.947203125 0.3744722222222222 0.030703125000000143
3 0.2256388888888889 0.983625 0.107375 0.030953124999999915
3 0.6873888888888889 0.984765625 0.11377777777777773 0.01796875
0 0.4484027777777778 0.4101328125 0.5849305555555554 0.025070312499999935