1 0.2630208333333333 0.15026041666666667 0.33619791666666665 0.084375
2 0.284375 0.21510416666666668 0.23854166666666668 0.013541666666666667
2 0.29921875 0.23229166666666667 0.19088541666666667 0.01171875
2 0.3033854166666667 0.246875 0.16067708333333333 0.010416666666666666
2 0.22760416666666666 0.25729166666666664 0.07760416666666667 0.008333333333333333
2 0.13880208333333333 0.40963541666666664 0.19427083333333334 0.019270833333333334
2 0.159015625 0.4469166666666667 0.19523958333333333 0.02418750000000003
2 0.14979166666666668 0.47526562499999997 0.1827395833333333 0.013927083333333338
2 0.3020833333333333 0.4234375 0.08333333333333333 0.046875
3 0.54296875 0.6380208333333334 0.1859375 0.025
3 0.5361979166666667 0.8171875 0.17239583333333333 0.03333333333333333
3 0.5348958333333333 0.84765625 0.16979166666666667 0.021354166666666667
2 0.5481770833333334 0.41796875 0.19635416666666666 0.0359375
2 0.55 0.45208333333333334 0.2 0.0375
2 0.5434895833333333 0.5317708333333333 0.18697916666666667 0.040625
2 0.5416666666666666 0.5708333333333333 0.18333333333333332 0.036458333333333336
2 0.5497395833333333 0.6033854166666667 0.19947916666666668 0.03697916666666667
2 0.54609375 0.6752604166666667 0.1921875 0.027604166666666666
2 0.54296875 0.7091145833333333 0.1859375 0.0359375
2 0.5338541666666666 0.74609375 0.16770833333333332 0.024479166666666666
2 0.5330729166666667 0.7776041666666667 0.16614583333333333 0.03229166666666667
2 0.5252604166666667 0.878125 0.15052083333333333 0.0125
2 0.5044270833333333 0.9625 0.10885416666666667 0.03333333333333333
2 0.5002604166666667 0.9919270833333333 0.10052083333333334 0.016145833333333335
1 0.5453125 0.49505208333333334 0.190625 0.034895833333333334
1 0.5341145833333333 0.9013020833333333 0.16822916666666668 0.021354166666666667
0 0.5239583333333333 0.9247395833333333 0.14791666666666667 0.022395833333333334