3 0.5772569444444444 0.60205078125 0.8454861111111112 0.1787109375
3 0.6148784722222222 0.48041992187500004 0.7262673611111112 0.05152343749999999
3 0.6656597222222222 0.426171875 0.6339756944444443 0.044472656249999964
3 0.6584201388888888 0.371552734375 0.5326909722222221 0.03814453124999995
3 0.6759201388888889 0.3319140625 0.4953645833333334 0.02138671875000009
3 0.6403298611111111 0.29537109375000004 0.3489583333333333 0.02774414062500008
3 0.65421875 0.25939453125 0.36515625000000007 0.02482421875000007
3 0.6498784722222222 0.23050781249999996 0.3391145833333334 0.01913085937499992
3 0.6261631944444445 0.20876953124999997 0.31480902777777786 0.01865234374999991
3 0.6196527777777778 0.186396484375 0.2815451388888888 0.012958984374999982
3 0.6137152777777778 0.16799804687499997 0.29571180555555565 0.020449218750000053
3 0.6401909722222222 0.14675781249999997 0.25897569444444435 0.022246093749999973