2 0.05243055555555556 0.3614583333333333 0.09340277777777778 0.0390625
2 0.049305555555555554 0.39791666666666664 0.09722222222222222 0.00390625
2 0.028125 0.41640625 0.04097222222222222 0.009114583333333334
2 0.029861111111111113 0.42994791666666665 0.057291666666666664 0.007552083333333333
2 0.03784722222222222 0.4427083333333333 0.07013888888888889 0.007552083333333333
2 0.04097222222222222 0.45364583333333336 0.06284722222222222 0.008854166666666666
2 0.03958333333333333 0.4669270833333333 0.057291666666666664 0.011458333333333333
2 0.04201388888888889 0.4786458333333333 0.06076388888888889 0.005729166666666666
2 0.044097222222222225 0.4903645833333333 0.06909722222222223 0.00859375
0 0.49930555555555556 0.18567708333333333 0.11944444444444445 0.13177083333333334
1 0.5850694444444444 0.61640625 0.29097222222222224 0.019270833333333334
1 0.5833333333333334 0.64140625 0.2875 0.028645833333333332
1 0.5816875 0.7090208333333334 0.2808159722222222 0.021651041666666634
1 0.5770833333333333 0.7307291666666667 0.275 0.023958333333333335
1 0.5844652777777778 0.8407187500000001 0.25026041666666665 0.022749999999999916
2 0.5737013888888889 0.6791354166666667 0.25399305555555557 0.031187500000000055
2 0.5706597222222223 0.7626562499999999 0.24618055555555557 0.02244791666666662
3 0.5848958333333333 0.787390625 0.2815972222222222 0.019833333333333297
0 0.5826388888888889 0.5934895833333333 0.2861111111111111 0.0078125
0 0.5879375 0.8100572916666666 0.23385416666666667 0.01829166666666661
0 0.584375 0.8694427083333333 0.23541666666666666 0.02247395833333338