2 0.8100558659217877 0.9114420062695925 0.37988826815642457 0.17711598746081506
0 0.5227094972067039 0.16750783699059563 0.5872346368715085 0.22036050156739817
0 0.6260055865921789 0.3001880877742947 0.17921787709497197 0.03789968652037619
0 0.6686592178770949 0.3349373040752351 0.17846368715083796 0.02807210031347966
0 0.6481284916201118 0.3675548589341693 0.13136871508379896 0.01706896551724136
0 0.6518994413407821 0.39144200626959247 0.15402234636871504 0.018777429467084668
0 0.6660893854748603 0.4171159874608151 0.15220670391061455 0.01283699059561137
0 0.663072625698324 0.4372413793103448 0.1340782122905028 0.02344827586206902
0 0.6717597765363129 0.47336990595611284 0.12879888268156428 0.023667711598746116
0 0.6512849162011173 0.5010815047021944 0.09843575418994416 0.013009404388714662
0 0.6392178770949721 0.5266614420062696 0.10449720670391069 0.013354231974921601
0 0.6813407821229049 0.5612225705329154 0.15553072625698325 0.021457680250783786
0 0.6750837988826816 0.589576802507837 0.14148044692737424 0.0264733542319749
0 0.6730446927374302 0.6137147335423198 0.14192737430167615 0.01206896551724145
0 0.66231843575419 0.6389184952978056 0.11745810055865909 0.03833855799373046
0 0.6685754189944134 0.6602351097178684 0.1315083798882681 0.008432601880877735
0 0.6654748603351955 0.6770062695924765 0.10871508379888256 0.022319749216300956
0 0.6689664804469274 0.700564263322884 0.1005586592178771 0.026034482758620713
0 0.6822346368715084 0.7248432601880878 0.10902234636871501 0.022398119122256997
0 0.6756703910614524 0.7457680250783699 0.0822905027932962 0.033056426332288454
0 0.23743016759776536 0.3785266457680251 0.4748603351955307 0.2304075235109718
0 0.18980446927374303 0.5398432601880878 0.37681564245810056 0.03235109717868336
0 0.18156424581005587 0.5713166144200627 0.36312849162011174 0.02037617554858934
0 0.19972067039106145 0.6026645768025078 0.3994413407821229 0.023510971786833857
0 0.16620111731843576 0.6379310344827587 0.3324022346368715 0.025078369905956112
0 0.18463687150837987 0.669717868338558 0.33575418994413403 0.020940438871473375
0 0.1797486033519553 0.6939341692789969 0.28966480446927373 0.011379310344827571
0 0.17500000000000002 0.7225391849529781 0.3081005586592179 0.02315047021943571
0 0.1920391061452514 0.754294670846395 0.2807262569832402 0.01609717868338555
0 0.18631284916201118 0.7783228840125391 0.24972067039106147 0.01557993730407532
0 0.2310055865921788 0.7999529780564263 0.3167597765363129 0.014952978056426276
0 0.18533519553072625 0.825344827586207 0.22262569832402232 0.02184952978056435
0 0.20558659217877093 0.8509717868338558 0.23798882681564243 0.018260188087774437