1 0.49444444444444446 0.19166666666666668 0.13506944444444444 0.010416666666666666
1 0.49444444444444446 0.20182291666666666 0.14305555555555555 0.009635416666666667
1 0.5010416666666667 0.21171875 0.1295138888888889 0.01171875
1 0.5072916666666667 0.221875 0.11597222222222223 0.008854166666666666
1 0.5142361111111111 0.23177083333333334 0.10694444444444444 0.009375
1 0.5170138888888889 0.24140625 0.10069444444444445 0.008333333333333333
1 0.5177083333333333 0.25052083333333336 0.0920138888888889 0.008333333333333333
1 0.5211805555555555 0.25859375 0.08923611111111111 0.0078125
1 0.5236111111111111 0.2669270833333333 0.09097222222222222 0.009375
1 0.5256944444444445 0.275 0.08090277777777778 0.008333333333333333
1 0.5295138888888888 0.28359375 0.0763888888888889 0.00546875
0 0.5371527777777778 0.29270833333333335 0.058333333333333334 0.009375
0 0.5458333333333333 0.3026041666666667 0.044444444444444446 0.00546875
0 0.54375 0.3109375 0.051041666666666666 0.00625
0 0.5451388888888888 0.31953125 0.04479166666666667 0.005208333333333333
0 0.5357638888888889 0.328125 0.059722222222222225 0.00546875
0 0.5284722222222222 0.33671875 0.07395833333333333 0.005989583333333334
0 0.53125 0.3463541666666667 0.07083333333333333 0.007291666666666667
0 0.5315972222222223 0.3536458333333333 0.07361111111111111 0.005989583333333334
0 0.5319444444444444 0.3606770833333333 0.07083333333333333 0.00625
0 0.5333333333333333 0.36875 0.07083333333333333 0.006510416666666667
0 0.5295138888888888 0.37552083333333336 0.07013888888888889 0.0067708333333333336
0 0.478125 0.38125 0.06354166666666666 0.011197916666666667
2 0.6697916666666667 0.12109375 0.20069444444444445 0.0234375
2 0.6670138888888889 0.14895833333333333 0.1951388888888889 0.01875
2 0.6642361111111111 0.16796875 0.18958333333333333 0.013020833333333334
2 0.6621527777777778 0.1921875 0.18541666666666667 0.013541666666666667
2 0.6607638888888889 0.2171875 0.18263888888888888 0.021875
2 0.6614583333333334 0.24114583333333334 0.1840277777777778 0.01875
2 0.6600694444444445 0.26197916666666665 0.18125 0.01875
2 0.6663194444444445 0.28411458333333334 0.19375 0.019270833333333334
2 0.6760416666666667 0.30416666666666664 0.21319444444444444 0.020833333333333332
2 0.6607638888888889 0.3484375 0.18263888888888888 0.021875
2 0.6659722222222222 0.36770833333333336 0.19305555555555556 0.016666666666666666
2 0.6614583333333334 0.38697916666666665 0.1840277777777778 0.015625
1 0.6555555555555556 0.3268229166666667 0.17222222222222222 0.018229166666666668
3 0.6572916666666667 0.40598958333333335 0.17569444444444443 0.0078125
3 0.2520833333333333 0.42109375 0.17916666666666667 0.022395833333333334
1 0.24479166666666666 0.4549479166666667 0.13576388888888888 0.008072916666666667
2 0.2517361111111111 0.4713541666666667 0.115625 0.009114583333333334
2 0.25590277777777776 0.4830729166666667 0.12048611111111111 0.00625
2 0.25625 0.4947916666666667 0.11145833333333334 0.00703125
2 0.2569444444444444 0.50625 0.11076388888888888 0.009114583333333334
2 0.25625 0.5166666666666667 0.09930555555555555 0.0046875
2 0.26493055555555556 0.5263020833333333 0.11284722222222222 0.00546875
2 0.2670138888888889 0.5388020833333333 0.11909722222222222 0.0067708333333333336
2 0.6895833333333333 0.5606770833333333 0.24027777777777778 0.03177083333333333
2 0.6902777777777778 0.5955729166666667 0.24166666666666667 0.0296875
2 0.6854166666666667 0.6307291666666667 0.23194444444444445 0.030208333333333334
2 0.6864583333333333 0.6596354166666667 0.23402777777777778 0.019270833333333334
2 0.6916666666666667 0.6869791666666667 0.24444444444444444 0.017708333333333333
2 0.6819444444444445 0.71875 0.225 0.022916666666666665
2 0.6722222222222223 0.75234375 0.20555555555555555 0.024479166666666666
2 0.6701388888888888 0.7809895833333333 0.2013888888888889 0.0265625
2 0.6638888888888889 0.8122395833333333 0.18888888888888888 0.024479166666666666
2 0.6555555555555556 0.8453125 0.17222222222222222 0.021875
2 0.6569444444444444 0.8783854166666667 0.175 0.024479166666666666
2 0.6479166666666667 0.9098958333333333 0.15694444444444444 0.020833333333333332
2 0.6586805555555556 0.9375 0.17847222222222223 0.017708333333333333
2 0.6538194444444444 0.9669270833333333 0.16875 0.028645833333333332
0 0.8878472222222222 0.8580729166666666 0.22430555555555556 0.07760416666666667
0 0.8972222222222223 0.9255208333333333 0.20555555555555555 0.0375
3 0.9107638888888889 0.9763020833333333 0.17847222222222223 0.03697916666666667