1 0.8618055555555556 0.53203125 0.2763888888888889 0.0265625
1 0.8618055555555556 0.50703125 0.2763888888888889 0.0234375
1 0.8729166666666667 0.4828125 0.25416666666666665 0.028125
1 0.8847222222222222 0.45859375 0.23055555555555557 0.021875
1 0.8965277777777778 0.433984375 0.20694444444444443 0.02265625
1 0.9013888888888889 0.4109375 0.19722222222222222 0.0203125
1 0.9027777777777778 0.3890625 0.19444444444444445 0.021875
1 0.9090277777777778 0.36875 0.18194444444444444 0.01875
1 0.9131944444444444 0.3484375 0.1736111111111111 0.021875
1 0.9166666666666666 0.32890625 0.16666666666666666 0.0203125
1 0.9229166666666667 0.307421875 0.15416666666666667 0.01328125
0 0.9368055555555556 0.28515625 0.12638888888888888 0.0234375
0 0.9520833333333333 0.26171875 0.09583333333333334 0.0125
0 0.9479166666666666 0.241015625 0.10416666666666667 0.01484375
0 0.9506944444444444 0.219921875 0.09861111111111111 0.01328125
0 0.9340277777777778 0.19921875 0.13194444444444445 0.0140625
0 0.9215277777777777 0.178125 0.15694444444444444 0.015625
0 0.9263888888888889 0.155078125 0.14722222222222223 0.01796875
0 0.9270833333333334 0.13671875 0.14583333333333334 0.0140625
0 0.9277777777777778 0.119921875 0.14444444444444443 0.01484375
0 0.9298611111111111 0.100390625 0.14027777777777778 0.01484375
0 0.9229166666666667 0.08359375 0.15416666666666667 0.0171875
0 0.8398194444444443 0.06974218749999998 0.13981944444444455 0.026453125000000098