3 0.7710590277777778 0.645625 0.4530034722222223 0.023994140624999938
3 0.7751736111111112 0.6162109375 0.4496527777777778 0.013671875
3 0.7689756944444445 0.586298828125 0.44421875 0.017890624999999938
3 0.7697916666666667 0.5553125 0.42036458333333315 0.027792968750000036
3 0.7488368055555555 0.527958984375 0.40855902777777786 0.025195312499999956
3 0.7570659722222222 0.49619140625 0.4180555555555557 0.021035156249999964
3 0.7592534722222221 0.469755859375 0.40625 0.024433593749999982
3 0.760295138888889 0.43778320312499996 0.3967534722222222 0.01675781250000008
3 0.7741840277777778 0.41103515625 0.41527777777777763 0.02466796874999999
3 0.73078125 0.37841796875 0.2983854166666667 0.02611328125000001
2 0.75046875 0.974912109375 0.4905034722222222 0.02635742187500001
2 0.7630208333333334 0.94287109375 0.4739583333333333 0.0263671875
2 0.7847222222222222 0.9091796875 0.4305555555555556 0.029296875
2 0.7907986111111112 0.8740234375 0.4184027777777778 0.025390625
2 0.7925347222222222 0.84326171875 0.4149305555555556 0.0283203125
2 0.7813715277777777 0.809228515625 0.37869791666666663 0.025175781249999973
2 0.7854166666666667 0.7777734375 0.37986111111111104 0.03729492187500005
2 0.7977430555555556 0.744140625 0.4045138888888889 0.03125
2 0.7932812500000002 0.7103808593750001 0.3863368055555555 0.027539062500000044
2 0.8008159722222222 0.6776953125 0.38055555555555565 0.027812500000000018
1 0.7584548611111112 0.34614257812500004 0.3282465277777777 0.01773437500000008
1 0.7508159722222223 0.32121093749999996 0.3916666666666665 0.02724609375000009
1 0.74953125 0.291845703125 0.3497743055555556 0.019570312499999964
1 0.7513888888888889 0.2629296875 0.35347222222222224 0.02531250000000007
1 0.7444444444444445 0.236435546875 0.33958333333333335 0.017109374999999982
1 0.7459548611111112 0.21135742187499995 0.3125 0.019072265624999973
0 0.7579861111111111 0.18265624999999996 0.3643576388888891 0.017890624999999938
0 0.7520833333333332 0.1539453125 0.37800347222222225 0.021933593750000036
0 0.7338020833333334 0.12385742187500004 0.34605902777777786 0.02220703125000001
0 0.7291666666666666 0.09820312499999995 0.3923611111111111 0.029238281250000053
0 0.7472222222222222 0.05939453125000005 0.37291666666666656 0.02873046875000007
0 0.7424826388888889 0.031201171875000044 0.32869791666666676 0.01610351562500001
0 0.7372743055555556 0.009052734374999982 0.3483854166666666 0.016142578124999973