3 0.4557291666666667 0.39013671875 0.8802083333333334 0.2724609375
3 0.3802083333333333 0.505859375 0.7048611111111112 0.1328125
3 0.3107638888888889 0.552734375 0.6111111111111112 0.115234375
3 0.2977430555555556 0.60693359375 0.5104166666666666 0.09765625
3 0.265625 0.64404296875 0.4670138888888889 0.0771484375
3 0.2873263888888889 0.68359375 0.3263888888888889 0.0654296875
3 0.2604166666666667 0.71728515625 0.3420138888888889 0.064453125
3 0.2534722222222222 0.74609375 0.3142361111111111 0.056640625
3 0.2690972222222222 0.77001953125 0.2899305555555556 0.052734375
3 0.2673611111111111 0.79296875 0.2552083333333333 0.0439453125
3 0.265625 0.8115234375 0.2708333333333333 0.052734375
3 0.2326388888888889 0.8291015625 0.2361111111111111 0.0498046875