2 0.4313055555555556 0.22334375 0.6648472222222221 0.037015624999999996
2 0.45897222222222217 0.44907031249999996 0.6368611111111112 0.03654687499999998
2 0.43419444444444444 0.4878359375 0.5530972222222222 0.045570312499999946
2 0.4674166666666667 0.621359375 0.4934861111111112 0.03616406249999997
2 0.43686111111111114 0.6576640625 0.4708333333333333 0.03665625000000006
2 0.4396388888888889 0.8126484375 0.42937499999999995 0.028593749999999928
2 0.4517083333333334 0.8491875 0.4171944444444444 0.031492187499999956
2 0.46730555555555553 0.8802031250000001 0.3415555555555555 0.021398437499999902
2 0.4588611111111111 0.9818828125 0.3396388888888888 0.01417968750000007
3 0.4385694444444444 0.0194296875 0.7221111111111113 0.038078125000000004
3 0.4375 0.0655859375 0.681513888888889 0.0419375
3 0.44690277777777776 0.109640625 0.6575833333333334 0.021148437499999995
3 0.44913888888888887 0.13668750000000002 0.6855833333333335 0.019953125000000016
3 0.43793055555555555 0.166921875 0.6823750000000001 0.028734375000000024
3 0.42991666666666667 0.276171875 0.6898472222222222 0.03328906250000001
3 0.4504305555555555 0.3181796875 0.7052361111111111 0.03678125000000003
3 0.4292777777777777 0.3628359375 0.6586527777777778 0.031148437500000004
3 0.4674166666666666 0.5332578125 0.5875 0.02583593749999995
3 0.4372916666666667 0.5698671875 0.5058750000000001 0.030539062499999936
3 0.48066666666666663 0.6966015624999999 0.4943333333333333 0.027999999999999935
3 0.4637777777777778 0.7283984375 0.49048611111111107 0.02307812499999997
3 0.4440138888888889 0.7612109375 0.45309722222222226 0.028617187500000085
3 0.45929166666666665 0.9140859375 0.39177777777777784 0.0266718749999999
3 0.4510694444444444 0.947203125 0.36891666666666667 0.026796875000000143
3 0.2256388888888889 0.983625 0.10181944444444445 0.027046874999999915
3 0.6873888888888889 0.984765625 0.10822222222222216 0.0140625
0 0.4484027777777778 0.4101328125 0.5793749999999999 0.021164062499999935