2 0.4316787003610108 0.5944624746450304 0.3207581227436824 0.16437119675456383
2 0.46263537906137187 0.7118255578093307 0.20411552346570405 0.01390466531440166
2 0.4593140794223826 0.7253346855983772 0.1756317689530685 0.007494929006085295
2 0.45301444043321304 0.73920892494929 0.17162454873646216 0.01002028397565934
2 0.45974729241877255 0.7524239350912779 0.14059566787003608 0.004645030425963415
2 0.42169675090252706 0.7600709939148073 0.11913357400722022 0.005821501014198792
2 0.40954873646209383 0.7702941176470588 0.08781588447653425 0.01004056795131855
2 0.3866787003610109 0.7790669371196755 0.08185920577617332 0.01004056795131855
0 0.655 0.08810344827586207 0.3794765342960289 0.14258620689655174
0 0.5882490974729242 0.1739553752535497 0.115812274368231 0.02452332657200812
0 0.5606859205776173 0.19644016227180527 0.1153249097472924 0.01816430020283978
0 0.5739530685920579 0.21754563894523327 0.08489169675090248 0.01104462474645029
0 0.5715162454873647 0.23300202839756592 0.0995306859205776 0.012150101419878314
0 0.562346570397112 0.24961460446247466 0.09835740072202168 0.008306288032454416
0 0.5642960288808664 0.2626369168356998 0.08664259927797834 0.015172413793103485
0 0.558682310469314 0.28601419878296147 0.08323104693140797 0.015314401622718075
0 0.5719133574007221 0.3039452332657201 0.06361010830324912 0.008417849898580075
0 0.57971119133574 0.3204969574036511 0.06752707581227452 0.008640973630831624
0 0.5524909747292419 0.34286004056795133 0.100505415162455 0.013884381338742448
0 0.5565342960288808 0.3612068965517241 0.09142599277978335 0.017129817444219052
0 0.5578519855595668 0.37682555780933064 0.09171480144404343 0.007809330628803291
0 0.5647833935018051 0.3931338742393509 0.07590252707581219 0.02480730223123736
0 0.560740072202166 0.4069269776876268 0.08498194945848363 0.005456389452332653
0 0.5627436823104693 0.4177789046653144 0.07025270758122737 0.014442190669371207
0 0.5604873646209386 0.43302231237322514 0.06498194945848375 0.016845841784989872
0 0.551913357400722 0.44873225152129814 0.0704512635379061 0.014492900608519233
0 0.5561552346570398 0.46227180527383366 0.05317689530685927 0.02138945233265723
0 0.8429602888086642 0.22464503042596348 0.3140794223826715 0.14908722109533468
0 0.8701263537906138 0.32902636916835704 0.2435018050541516 0.02093306288032453
0 0.8753610108303249 0.34991886409736306 0.23664259927797837 0.014036511156186645
0 0.8641696750902527 0.37010141987829615 0.25902527075812276 0.015872210953346833
0 0.8864620938628159 0.3928296146044625 0.21985559566786994 0.01668356997971607
0 0.8734657039711191 0.4130628803245436 0.21696750902527084 0.013549695740365126
0 0.876624548736462 0.4287322515212982 0.18718411552346578 0.0073630831643001935
0 0.8796931407942239 0.44724137931034486 0.19909747292418764 0.014979716024340752
0 0.8686823104693141 0.467789046653144 0.18140794223826714 0.01041582150101418
0 0.8723826714801445 0.48333671399594313 0.16137184115523462 0.010081135902636972
0 0.8435018050541516 0.4973326572008114 0.2046931407942238 0.009675456389452296
0 0.873014440433213 0.5137626774847871 0.1438628158844766 0.014137931034482814
0 0.859927797833935 0.5303448275862068 0.15379061371841163 0.011815415821501106