2 0.5483506944444445 0.39732421875 0.33802083333333344 0.15827148437499994
2 0.5185763888888889 0.28431640625 0.2258333333333334 0.013388671875000036
2 0.5217708333333334 0.27130859375000005 0.19843749999999993 0.007216796875000098
2 0.5278298611111111 0.25794921875 0.1945833333333334 0.009648437500000107
2 0.5213541666666667 0.245224609375 0.1647395833333333 0.004472656249999929
2 0.5579513888888888 0.23786132812500005 0.1440972222222222 0.005605468750000009
2 0.5696354166666667 0.228017578125 0.1139756944444444 0.009667968750000089
2 0.5916319444444444 0.21957031250000003 0.10824652777777782 0.009667968750000089
0 0.3335590277777778 0.884892578125 0.39449652777777783 0.13729492187499992
0 0.39776041666666667 0.8022265625 0.1409027777777777 0.023613281250000062
0 0.4242708333333333 0.780576171875 0.14043402777777775 0.01749023437500008
0 0.41151041666666666 0.76025390625 0.1111631944444445 0.010634765624999876
0 0.41385416666666663 0.74537109375 0.12524305555555554 0.011699218750000018
0 0.42267361111111107 0.729375 0.12411458333333335 0.007998046875000053
0 0.4207986111111111 0.7168359375 0.11284722222222222 0.014609375000000036
0 0.4261979166666667 0.694326171875 0.10956597222222225 0.014746093749999911
0 0.4134722222222222 0.677060546875 0.09069444444444441 0.008105468749999956
0 0.40597222222222223 0.661123046875 0.0944618055555556 0.008320312499999982
0 0.4321527777777778 0.63958984375 0.12618055555555557 0.013369140625000053
0 0.4282638888888889 0.621923828125 0.11744791666666662 0.016494140625000098
0 0.42699652777777775 0.606884765625 0.11772569444444454 0.007519531250000044
0 0.42032986111111115 0.591181640625 0.10251736111111104 0.023886718750000036
0 0.42421875 0.577900390625 0.11124999999999997 0.005253906250000107
0 0.4222916666666667 0.5674511718749999 0.09708333333333326 0.013906250000000009
0 0.42446180555555557 0.5527734375 0.0920138888888889 0.016220703125000124
0 0.43270833333333336 0.537646484375 0.09727430555555551 0.013955078124999964
0 0.4286284722222222 0.524609375 0.08065972222222229 0.020595703125000142
0 0.15885416666666666 0.75244140625 0.3177083333333333 0.1435546875
0 0.1284722222222222 0.65234375 0.2569444444444444 0.01953125
0 0.125 0.63232421875 0.25 0.0126953125
0 0.13541666666666666 0.61279296875 0.2708333333333333 0.0146484375
0 0.1154513888888889 0.5908203125 0.2309027777777778 0.015625
0 0.12343749999999999 0.5719921875 0.23819444444444443 0.013046875000000124
0 0.12039930555555554 0.556904296875 0.2095486111111111 0.007089843749999991
0 0.11744791666666668 0.53908203125 0.22100694444444446 0.014423828124999982
0 0.12803819444444445 0.519296875 0.20399305555555555 0.010029296874999982
0 0.12447916666666667 0.5043261718750001 0.18472222222222223 0.009707031250000053
0 0.15225694444444446 0.490849609375 0.2263888888888889 0.009316406249999964
0 0.12387152777777777 0.47502929687499995 0.16788194444444443 0.013613281250000053
0 0.13645833333333332 0.45906250000000004 0.17743055555555554 0.011376953125000089