2 0.06076388888888889 0.35546875 0.11006944444444444 0.0390625
2 0.05694444444444444 0.39114583333333336 0.10590277777777778 0.00390625
2 0.03263888888888889 0.40963541666666664 0.04722222222222222 0.008854166666666666
2 0.034722222222222224 0.42265625 0.06111111111111111 0.00703125
2 0.044097222222222225 0.43515625 0.07604166666666666 0.0067708333333333336
2 0.04722222222222222 0.44609375 0.06666666666666667 0.008072916666666667
2 0.04618055555555556 0.4591145833333333 0.06284722222222222 0.010677083333333334
2 0.04895833333333333 0.4705729166666667 0.07604166666666666 0.00625
2 0.05138888888888889 0.48203125 0.075 0.0078125
2 0.6253472222222223 0.14088541666666668 0.23125 0.0546875
2 0.6170138888888889 0.18333333333333332 0.21458333333333332 0.026041666666666668
2 0.6125 0.2760416666666667 0.20555555555555555 0.023958333333333335
2 0.6045138888888889 0.30911458333333336 0.18958333333333333 0.025520833333333333
2 0.5965277777777778 0.3497395833333333 0.1736111111111111 0.0203125
2 0.6027777777777777 0.38671875 0.18611111111111112 0.021354166666666667
2 0.5986111111111111 0.4752604166666667 0.17777777777777778 0.021354166666666667
2 0.6107638888888889 0.5010416666666667 0.20208333333333334 0.022916666666666665
2 0.5947916666666667 0.5395833333333333 0.1701388888888889 0.028125
2 0.5951388888888889 0.5690104166666666 0.17083333333333334 0.021354166666666667
1 0.6236111111111111 0.23385416666666667 0.22777777777777777 0.0375
1 0.5979166666666667 0.43645833333333334 0.1763888888888889 0.023958333333333335