1 0.4160590277777778 0.529541015625 0.3198437499999999 0.012197265625000009
1 0.41359375000000004 0.54681640625 0.3055555555555556 0.017314453125000018
1 0.4168055555555556 0.566728515625 0.29593749999999996 0.019570312499999964
1 0.416875 0.585888671875 0.2787152777777777 0.01431640625000008
1 0.4272916666666667 0.605419921875 0.2621527777777778 0.01732421875000001
1 0.41760416666666667 0.624609375 0.23878472222222225 0.014404296875
0 0.4025694444444444 0.647509765625 0.2848611111111112 0.013613281250000053
0 0.4068576388888888 0.664296875 0.2667013888888889 0.014902343749999991
0 0.39883680555555556 0.683310546875 0.2560069444444444 0.018359374999999956
0 0.39649305555555553 0.70318359375 0.24465277777777772 0.012275390624999938
0 0.3895486111111111 0.723017578125 0.2361111111111111 0.012880859375000053
0 0.3981076388888889 0.74228515625 0.23184027777777771 0.011611328125000098
0 0.4010416666666667 0.761142578125 0.25373263888888886 0.011767578124999956
0 0.3988368055555555 0.77865234375 0.2506597222222222 0.012226562499999982
0 0.4042534722222222 0.797958984375 0.24413194444444444 0.016289062500000062
2 0.4258854166666667 0.10173828125 0.3461458333333333 0.02708984375000001
2 0.44725694444444447 0.135615234375 0.34081597222222215 0.015224609374999976
2 0.45112847222222224 0.15318359375 0.3191840277777778 0.011298828124999993
2 0.4427083333333333 0.175634765625 0.3157118055555556 0.012636718749999998
2 0.4552604166666667 0.19896484375 0.30342013888888886 0.019472656249999998
2 0.45499999999999996 0.221845703125 0.28151041666666665 0.02241210937499999
2 0.4382986111111111 0.24119140625 0.29354166666666665 0.016787109374999998
2 0.4241493055555556 0.26572265625 0.3026215277777779 0.02001953125
2 0.4255555555555556 0.2846484375 0.2880555555555555 0.021826171875000022
2 0.4265451388888889 0.305947265625 0.29140625000000003 0.01709960937499999
3 0.4293576388888889 0.328583984375 0.2783159722222223 0.015039062499999978
3 0.4413715277777778 0.347099609375 0.29701388888888886 0.018271484375000036
3 0.4266840277777778 0.367158203125 0.2943402777777778 0.01783203124999999
3 0.4288194444444444 0.386474609375 0.3039583333333334 0.012871093749999951
3 0.4173958333333333 0.404912109375 0.3064930555555556 0.020468750000000036
3 0.4139930555555556 0.427041015625 0.3090277777777778 0.015888671874999982
3 0.4269444444444444 0.4477734375 0.2895312500000001 0.012294921875000031
3 0.4264236111111111 0.463662109375 0.28845486111111107 0.008759765625000027
3 0.42248263888888893 0.48224609375 0.2899305555555556 0.016630859374999973
3 0.41098958333333335 0.50080078125 0.2829861111111111 0.016181640624999938