2 0.33958333333333335 0.26484375 0.1892361111111111 0.06875
2 0.3211805555555556 0.3145833333333333 0.11770833333333333 0.00546875
2 0.3232638888888889 0.3203125 0.09965277777777778 0.002864583333333333
2 0.32708333333333334 0.3263020833333333 0.08993055555555556 0.0033854166666666668
2 0.3229166666666667 0.33177083333333335 0.07430555555555556 0.0013020833333333333
2 0.3454861111111111 0.33489583333333334 0.06770833333333333 0.0020833333333333333
2 0.3527777777777778 0.33932291666666664 0.051041666666666666 0.00390625
2 0.3663194444444444 0.34296875 0.04791666666666667 0.00390625
0 0.2065972222222222 0.050520833333333334 0.20347222222222222 0.05416666666666667
0 0.2465277777777778 0.08697916666666666 0.065625 0.009895833333333333
0 0.26284722222222223 0.09635416666666667 0.06666666666666667 0.007291666666666667
0 0.2548611111111111 0.10546875 0.05 0.004427083333333333
0 0.25625 0.11197916666666667 0.05659722222222222 0.0046875
0 0.26180555555555557 0.11901041666666666 0.057291666666666664 0.003125
0 0.2607638888888889 0.12447916666666667 0.04618055555555556 0.005729166666666666
0 0.2638888888888889 0.134375 0.04618055555555556 0.00625
0 0.25625 0.14192708333333334 0.034027777777777775 0.003125
0 0.2513888888888889 0.14895833333333333 0.03854166666666667 0.003125
0 0.2677083333333333 0.15833333333333333 0.05694444444444444 0.00546875
0 0.2652777777777778 0.16614583333333333 0.052083333333333336 0.006510416666666667
0 0.26458333333333334 0.17291666666666666 0.05 0.002864583333333333
0 0.2604166666666667 0.1796875 0.044097222222222225 0.009895833333333333
0 0.26284722222222223 0.18567708333333333 0.046875 0.0020833333333333333
0 0.26145833333333335 0.19010416666666666 0.04027777777777778 0.005729166666666666
0 0.26284722222222223 0.19661458333333334 0.03333333333333333 0.005729166666666666
0 0.26805555555555555 0.203125 0.03819444444444445 0.005729166666666666
0 0.265625 0.20885416666666667 0.027777777777777776 0.007552083333333333
0 0.09444444444444444 0.10859375 0.18368055555555557 0.061197916666666664
0 0.07847222222222222 0.15260416666666668 0.13368055555555555 0.0078125
0 0.07534722222222222 0.16145833333333334 0.12430555555555556 0.005208333333333333
0 0.08194444444444444 0.17005208333333333 0.14930555555555555 0.00625
0 0.06875 0.1796875 0.12881944444444443 0.00703125
0 0.0763888888888889 0.18802083333333333 0.11736111111111111 0.0049479166666666664
0 0.07465277777777778 0.19479166666666667 0.1 0.00234375
0 0.07291666666666667 0.20260416666666667 0.11076388888888888 0.005729166666666666
0 0.07916666666666666 0.21119791666666668 0.09722222222222222 0.00390625
0 0.07708333333333334 0.21796875 0.0954861111111111 0.00390625
0 0.09444444444444444 0.22369791666666666 0.109375 0.0033854166666666668
0 0.07673611111111112 0.23072916666666668 0.07951388888888888 0.00546875
0 0.084375 0.23776041666666667 0.08576388888888889 0.0046875
3 0.8381944444444445 0.12057291666666667 0.3236111111111111 0.09427083333333333
3 0.8535902777777779 0.18596354166666665 0.27198958333333334 0.02702083333333339
3 0.8739027777777778 0.21489583333333334 0.23408680555555555 0.023057291666666656
3 0.8710069444444445 0.24402604166666667 0.17910763888888886 0.018244791666666652
3 0.8780069444444444 0.26516666666666666 0.1674756944444445 0.01065104166666669
3 0.8637708333333333 0.28465625 0.12361111111111112 0.014429687499999962
3 0.8693263888888888 0.30384375 0.1331006944444445 0.013651041666666686
3 0.8675902777777778 0.31925000000000003 0.12372569444444449 0.010049479166666705
3 0.8581041666666667 0.33084375 0.1035868055555556 0.009401041666666643
3 0.8555 0.34277604166666664 0.09832291666666661 0.006841145833333328
3 0.853125 0.3525885416666667 0.1046284722222222 0.010921875000000015
3 0.8637152777777778 0.36391666666666667 0.09242013888888892 0.011921874999999934
3 0.3017361111111111 0.8611979166666667 0.6034722222222222 0.058854166666666666
2 0.30972222222222223 0.5927083333333333 0.6194444444444445 0.096875
2 0.30972222222222223 0.6864583333333333 0.6194444444444445 0.075
2 0.2760416666666667 0.7591145833333334 0.5520833333333334 0.050520833333333334
2 0.25972222222222224 0.9203125 0.5194444444444445 0.03333333333333333
2 0.2642361111111111 0.9752604166666666 0.5284722222222222 0.049479166666666664
0 0.7476111111111111 0.6168802083333333 0.1154305555555555 0.01063281250000004
0 0.7526458333333333 0.6270729166666666 0.10219444444444442 0.006859375000000038
0 0.7551597222222223 0.6354062500000001 0.10861458333333339 0.0056640625
0 0.7487430555555556 0.6441197916666667 0.09446180555555554 0.0049895833333333545
0 0.7560625 0.6530468749999999 0.09679166666666666 0.008440104166666688
0 0.754375 0.662 0.10028125000000006 0.0067369791666666385
0 0.7558402777777778 0.6705208333333333 0.10125694444444448 0.007749999999999938
1 0.7531180555555556 0.6850416666666667 0.09658333333333328 0.00654947916666669
1 0.7512569444444444 0.6929947916666667 0.08776388888888889 0.0059583333333333615
1 0.7489097222222223 0.7023125 0.0912152777777778 0.008156249999999924
1 0.7489861111111111 0.71059375 0.09343055555555557 0.00959374999999992
1 0.7471111111111111 0.7202500000000001 0.09224999999999998 0.005624999999999976
1 0.7499791666666666 0.7281927083333334 0.09134722222222223 0.008934895833333319
1 0.7472222222222222 0.7368072916666667 0.08481597222222222 0.007455729166666695
3 0.7591944444444445 0.7492968750000001 0.08618750000000001 0.004872395833333343
3 0.7478194444444445 0.755703125 0.08483333333333332 0.006830729166666672
3 0.7508472222222222 0.765375 0.08338888888888887 0.00598697916666661
3 0.7555555555555555 0.774921875 0.08066666666666665 0.005679687499999986
3 0.7504722222222223 0.7831562499999999 0.07920486111111108 0.008059895833333405
3 0.7483680555555556 0.7913958333333333 0.07351736111111112 0.005539062499999995
3 0.7525902777777778 0.7996145833333334 0.07460416666666664 0.00696354166666661
3 0.7554583333333335 0.8087916666666667 0.07995486111111111 0.005486979166666709
3 0.7532847222222222 0.816734375 0.07366666666666666 0.005544270833333324
2 0.7522152777777779 0.8256510416666667 0.07776041666666668 0.006817708333333409
2 0.7513333333333334 0.8330989583333334 0.08147569444444444 0.0030338541666666903
2 0.7493819444444445 0.8413906250000001 0.0750173611111111 0.004906250000000038
2 0.7534722222222222 0.8494010416666666 0.07151041666666669 0.0038098958333333617
2 0.7527569444444444 0.85803125 0.07880902777777775 0.004372395833333324
2 0.7467708333333333 0.8672552083333334 0.07013888888888889 0.006372395833333281
2 0.7608680555555556 0.874671875 0.0840833333333333 0.004966145833333376
2 0.7522361111111111 0.8822343749999999 0.07614583333333336 0.005585937500000071