2 0.5483506944444445 0.60267578125 0.33107638888888896 0.16120117187499994
2 0.5185763888888889 0.71568359375 0.21888888888888897 0.016318359375000036
2 0.5217708333333334 0.72869140625 0.19149305555555549 0.010146484375000098
2 0.5278298611111111 0.74205078125 0.18763888888888897 0.012578125000000107
2 0.5213541666666667 0.754775390625 0.15779513888888885 0.007402343749999929
2 0.5579513888888888 0.762138671875 0.1371527777777778 0.008535156250000009
2 0.5696354166666667 0.771982421875 0.10703124999999997 0.012597656250000089
2 0.5916319444444444 0.7804296875 0.10130208333333338 0.012597656250000089
0 0.3335590277777778 0.115107421875 0.38755208333333335 0.14022460937500003
0 0.39776041666666667 0.1977734375 0.1339583333333333 0.026542968750000007
0 0.4242708333333333 0.219423828125 0.1334895833333333 0.020419921875000024
0 0.41151041666666666 0.23974609375 0.10421875000000005 0.013564453124999987
0 0.41385416666666663 0.25462890625 0.11829861111111109 0.014628906250000018
0 0.42267361111111107 0.270625 0.1171701388888889 0.010927734375000053
0 0.4207986111111111 0.2831640625 0.10590277777777778 0.017539062500000036
0 0.4261979166666667 0.305673828125 0.1026215277777778 0.017675781250000022
0 0.4134722222222222 0.322939453125 0.08374999999999996 0.011035156249999956
0 0.40597222222222223 0.338876953125 0.08751736111111115 0.011249999999999982
0 0.4321527777777778 0.36041015625 0.11923611111111113 0.016298828125000053
0 0.4282638888888889 0.378076171875 0.11050347222222218 0.019423828124999987
0 0.42699652777777775 0.393115234375 0.11078125000000011 0.010449218750000044
0 0.42032986111111115 0.408818359375 0.09557291666666659 0.026816406250000036
0 0.42421875 0.422099609375 0.10430555555555553 0.008183593749999996
0 0.4222916666666667 0.432548828125 0.09013888888888882 0.01683593750000001
0 0.42446180555555557 0.4472265625 0.08506944444444445 0.019150390625000013
0 0.43270833333333336 0.462353515625 0.09032986111111106 0.016884765624999964
0 0.4286284722222222 0.475390625 0.07371527777777784 0.02352539062500003
0 0.15711805555555555 0.2470703125 0.3142361111111111 0.146484375
0 0.1267361111111111 0.3466796875 0.2534722222222222 0.0234375
0 0.1232638888888889 0.36669921875 0.2465277777777778 0.0166015625
0 0.13368055555555555 0.38623046875 0.2673611111111111 0.0185546875
0 0.11371527777777778 0.408203125 0.22743055555555555 0.01953125
0 0.12343749999999999 0.4280078125 0.23124999999999998 0.015976562500000013
0 0.12039930555555554 0.443095703125 0.20260416666666664 0.010019531249999991
0 0.11744791666666668 0.46091796875 0.21406250000000002 0.017353515624999982
0 0.12803819444444445 0.480703125 0.1970486111111111 0.012958984374999982
0 0.12447916666666667 0.49567382812499994 0.17777777777777778 0.012636718750000053
0 0.15225694444444446 0.509150390625 0.21944444444444444 0.012246093749999964
0 0.12387152777777777 0.524970703125 0.16093749999999998 0.016542968750000053
0 0.13645833333333332 0.5409375 0.1704861111111111 0.014306640625000089