3 0.7708333333333334 0.64501953125 0.4583333333333333 0.0283203125
3 0.7743055555555556 0.6162109375 0.4513888888888889 0.017578125
3 0.7689756944444445 0.586298828125 0.44942708333333337 0.021796874999999938
3 0.7697916666666667 0.5553125 0.42557291666666647 0.031699218750000036
3 0.7488368055555555 0.527958984375 0.4137673611111112 0.029101562499999956
3 0.7570659722222222 0.49619140625 0.423263888888889 0.024941406249999964
3 0.7592534722222221 0.469755859375 0.4114583333333333 0.028339843749999982
3 0.760295138888889 0.43778320312499996 0.4019618055555555 0.02066406250000008
3 0.7741840277777778 0.41103515625 0.420486111111111 0.02857421874999999
3 0.73078125 0.37841796875 0.30359375 0.03001953125000001
2 0.75046875 0.974912109375 0.4957118055555555 0.03026367187500001
2 0.7621527777777778 0.94287109375 0.4756944444444444 0.0302734375
2 0.7829861111111112 0.9091796875 0.4340277777777778 0.033203125
2 0.7890625 0.8740234375 0.421875 0.029296875
2 0.7916666666666666 0.84326171875 0.4166666666666667 0.0322265625
2 0.7813715277777777 0.809228515625 0.38390625 0.029082031249999973
2 0.7854166666666667 0.7777734375 0.38506944444444435 0.04120117187500005
2 0.796875 0.744140625 0.40625 0.03515625
2 0.7932812500000002 0.7103808593750001 0.39154513888888887 0.031445312500000044
2 0.8008159722222222 0.6776953125 0.38576388888888896 0.03171875000000002
1 0.7584548611111112 0.34614257812500004 0.333454861111111 0.02164062500000008
1 0.7508159722222223 0.32121093749999996 0.39687499999999987 0.03115234375000009
1 0.74953125 0.291845703125 0.3549826388888889 0.023476562499999964
1 0.7513888888888889 0.2629296875 0.3586805555555556 0.02921875000000007
1 0.7444444444444445 0.236435546875 0.3447916666666667 0.021015624999999982
1 0.7459548611111112 0.21135742187499995 0.3177083333333333 0.022978515624999973
0 0.7579861111111111 0.18265624999999996 0.3695659722222224 0.021796874999999938
0 0.7520833333333332 0.1539453125 0.38321180555555556 0.025839843750000036
0 0.7338020833333334 0.12385742187500004 0.3512673611111112 0.02611328125000001
0 0.7291666666666666 0.09820312499999995 0.3975694444444444 0.03314453125000005
0 0.7472222222222222 0.05939453125000005 0.37812499999999993 0.03263671875000007
0 0.7424826388888889 0.031201171875000044 0.33390625000000007 0.02000976562500001
0 0.7361111111111112 0.00927734375 0.3541666666666667 0.0185546875