3 0.765625 0.35400390625 0.46875 0.0302734375
3 0.7690972222222222 0.3828125 0.4618055555555556 0.021484375
3 0.7664930555555556 0.4130859375 0.4670138888888889 0.025390625
3 0.7697916666666667 0.4446875 0.4446701388888887 0.034628906250000036
3 0.7488368055555555 0.472041015625 0.4328645833333334 0.032031249999999956
3 0.7570659722222222 0.50380859375 0.4423611111111112 0.027871093749999964
3 0.7592534722222221 0.530244140625 0.4305555555555556 0.03126953124999998
3 0.760295138888889 0.562216796875 0.4210590277777777 0.02359375000000008
3 0.7741840277777778 0.58896484375 0.4395833333333332 0.03150390624999999
3 0.73078125 0.62158203125 0.3226909722222222 0.03294921875000001
2 0.7465277777777778 0.0244140625 0.5069444444444444 0.033203125
2 0.7569444444444444 0.056640625 0.4861111111111111 0.033203125
2 0.7786458333333334 0.08984375 0.4427083333333333 0.03515625
2 0.7847222222222222 0.12451171875 0.4305555555555556 0.0322265625
2 0.7864583333333334 0.15576171875 0.4270833333333333 0.0341796875
2 0.7813715277777777 0.190771484375 0.4030034722222222 0.03201171875000003
2 0.7854166666666667 0.2222265625 0.40416666666666656 0.044130859375
2 0.7916666666666666 0.25537109375 0.4166666666666667 0.0380859375
2 0.7932812500000002 0.289619140625 0.4106423611111111 0.034375000000000044
2 0.7986111111111112 0.32177734375 0.4027777777777778 0.0341796875
1 0.7584548611111112 0.653857421875 0.3525520833333332 0.02457031250000008
1 0.7508159722222223 0.6787890625 0.4159722222222221 0.03408203125000009
1 0.74953125 0.708154296875 0.37407986111111113 0.026406249999999964
1 0.7513888888888889 0.7370703125 0.3777777777777778 0.03214843750000007
1 0.7444444444444445 0.763564453125 0.36388888888888893 0.023945312499999982
1 0.7459548611111112 0.788642578125 0.3368055555555556 0.025908203124999973
0 0.7579861111111111 0.81734375 0.38866319444444464 0.024726562499999938
0 0.7520833333333332 0.8460546875 0.40230902777777783 0.028769531250000036
0 0.7338020833333334 0.876142578125 0.3703645833333334 0.02904296875000001
0 0.7291666666666666 0.901796875 0.4166666666666667 0.03607421875000005
0 0.7472222222222222 0.94060546875 0.39722222222222214 0.03556640625000007
0 0.7424826388888889 0.968798828125 0.3530034722222223 0.02293945312500001
0 0.7369791666666666 0.9892578125 0.3732638888888889 0.021484375