2 0.23295138888888883 0.29955208333333333 0.3724131944444444 0.02549479166666669
2 0.22064583333333335 0.38876562499999995 0.3186874999999999 0.028536458333333313
2 0.2345972222222222 0.42016145833333335 0.2903402777777778 0.025132812500000056
2 0.1171111111111111 0.44383854166666664 0.13105902777777778 0.03351562500000007
2 0.3128125 0.4738125 0.10265277777777781 0.021020833333333398
0 0.2378472222222222 0.2015625 0.44375 0.14479166666666668
3 0.21660416666666668 0.3511666666666667 0.3172986111111111 0.030898437500000025
1 0.7618055555555555 0.004427083333333333 0.35694444444444445 0.008854166666666666
0 0.7608055555555555 0.025729166666666654 0.37083333333333335 0.02645833333333331
0 0.7479930555555556 0.09604687500000005 0.3729930555555555 0.02194270833333339
3 0.7505416666666667 0.06132291666666667 0.32715972222222234 0.024729166666666677
3 0.747375 0.1312135416666667 0.29768750000000005 0.030244791666666753
3 0.763423611111111 0.16506770833333337 0.31743749999999993 0.027359375000000106
3 0.7673611111111112 0.1977135416666666 0.2898125 0.027833333333333363
3 0.7700624999999999 0.23313541666666662 0.25972222222222224 0.024598958333333344
3 0.7741527777777778 0.2572083333333333 0.22931944444444446 0.020906249999999935
3 0.7628055555555556 0.3233645833333333 0.27299305555555564 0.021036458333333268
2 0.7702916666666667 0.29326041666666663 0.23703472222222216 0.021010416666666743
2 0.7606458333333332 0.35374479166666667 0.21929166666666663 0.015817708333333277
2 0.7553263888888889 0.3825677083333333 0.21018750000000005 0.020223958333333295
2 0.7628888888888888 0.41492187500000005 0.1975277777777778 0.02127604166666662