2 0.5483506944444445 0.39732421875 0.33454861111111117 0.16217773437499994
2 0.5185763888888889 0.28431640625 0.22236111111111118 0.017294921875000036
2 0.5217708333333334 0.27130859375000005 0.1949652777777777 0.011123046875000098
2 0.5278298611111111 0.25794921875 0.19111111111111118 0.013554687500000107
2 0.5213541666666667 0.245224609375 0.1612673611111111 0.008378906249999929
2 0.5579513888888888 0.23786132812500005 0.140625 0.009511718750000009
2 0.5696354166666667 0.228017578125 0.11050347222222218 0.013574218750000089
2 0.5916319444444444 0.21957031250000003 0.1047743055555556 0.013574218750000089
0 0.3335590277777778 0.884892578125 0.39102430555555556 0.14120117187499992
0 0.39776041666666667 0.8022265625 0.1374305555555555 0.027519531250000062
0 0.4242708333333333 0.780576171875 0.13696180555555554 0.02139648437500008
0 0.41151041666666666 0.76025390625 0.10769097222222228 0.014541015624999876
0 0.41385416666666663 0.74537109375 0.12177083333333331 0.015605468750000018
0 0.42267361111111107 0.729375 0.12064236111111112 0.011904296875000053
0 0.4207986111111111 0.7168359375 0.109375 0.018515625000000036
0 0.4261979166666667 0.694326171875 0.10609375000000003 0.01865234374999991
0 0.4134722222222222 0.677060546875 0.08722222222222219 0.012011718749999956
0 0.40597222222222223 0.661123046875 0.09098958333333337 0.012226562499999982
0 0.4321527777777778 0.63958984375 0.12270833333333335 0.017275390625000053
0 0.4282638888888889 0.621923828125 0.1139756944444444 0.020400390625000098
0 0.42699652777777775 0.606884765625 0.11425347222222232 0.011425781250000044
0 0.42032986111111115 0.591181640625 0.09904513888888881 0.027792968750000036
0 0.42421875 0.577900390625 0.10777777777777775 0.009160156250000107
0 0.4222916666666667 0.5674511718749999 0.09361111111111103 0.01781250000000001
0 0.42446180555555557 0.5527734375 0.08854166666666667 0.020126953125000124
0 0.43270833333333336 0.537646484375 0.09380208333333329 0.017861328124999964
0 0.4286284722222222 0.524609375 0.07718750000000006 0.024501953125000142
0 0.1579861111111111 0.75244140625 0.3159722222222222 0.1474609375
0 0.12760416666666666 0.65234375 0.2552083333333333 0.0234375
0 0.12413194444444445 0.63232421875 0.2482638888888889 0.0166015625
0 0.1345486111111111 0.61279296875 0.2690972222222222 0.0185546875
0 0.11458333333333333 0.5908203125 0.22916666666666666 0.01953125
0 0.12343749999999999 0.5719921875 0.2347222222222222 0.016953125000000124
0 0.12039930555555554 0.556904296875 0.20607638888888888 0.010996093749999991
0 0.11744791666666668 0.53908203125 0.21753472222222225 0.018330078124999982
0 0.12803819444444445 0.519296875 0.20052083333333334 0.013935546874999982
0 0.12447916666666667 0.5043261718750001 0.18125000000000002 0.013613281250000053
0 0.15225694444444446 0.490849609375 0.22291666666666668 0.013222656249999964
0 0.12387152777777777 0.47502929687499995 0.1644097222222222 0.017519531250000053
0 0.13645833333333332 0.45906250000000004 0.17395833333333333 0.015283203125000089