2 0.44048913043478255 0.3837678207739308 0.32192028985507254 0.16504073319755594
2 0.47155797101449276 0.2659266802443992 0.2048550724637682 0.01396130346232183
2 0.4682246376811594 0.2523625254582485 0.1762681159420289 0.007525458248472607
2 0.4619021739130435 0.23843177189409367 0.17224637681159427 0.010061099796334124
2 0.4686594202898551 0.22516293279022404 0.14110507246376808 0.004663951120162858
2 0.43047101449275366 0.21748472505091654 0.11956521739130435 0.005845213849287178
2 0.41827898550724635 0.20721995926680245 0.08813405797101445 0.010081466395112109
2 0.39532608695652177 0.1984114052953157 0.08215579710144931 0.010081466395112109
0 0.6646195652173913 0.8921894093686354 0.38085144927536235 0.14316700610997954
0 0.5976268115942028 0.8059877800407332 0.11623188405797096 0.02462321792260699
0 0.5699637681159421 0.7834114052953156 0.11574275362318838 0.01823828920570273
0 0.5832789855072464 0.7622199592668024 0.08519927536231879 0.011089613034623089
0 0.5808333333333333 0.7467006109979634 0.09989130434782606 0.012199592668024459
0 0.5716304347826088 0.730020366598778 0.09871376811594204 0.008340122199592724
0 0.5735869565217392 0.7169450101832994 0.08695652173913043 0.015234215885947084
0 0.5679528985507246 0.6934725050916497 0.0835326086956522 0.015376782077392983
0 0.5812318840579711 0.6754684317718941 0.06384057971014494 0.008452138492871644
0 0.5890579710144926 0.6588492871690428 0.06777173913043492 0.008676171079429716
0 0.5617391304347826 0.6363951120162933 0.10086956521739142 0.013940936863543843
0 0.5657971014492753 0.6179735234215886 0.09175724637681155 0.01719959266802454
0 0.5671195652173914 0.6022912423625255 0.09204710144927547 0.007841140529531615
0 0.5740760869565217 0.5859164969450101 0.07617753623188397 0.024908350305499018
0 0.5700181159420289 0.5720672097759674 0.08528985507246363 0.005478615071283207
0 0.5720289855072463 0.5611710794297352 0.07050724637681152 0.014501018329938909
0 0.5697644927536232 0.5458655804480651 0.06521739130434782 0.016914460285132514
0 0.5611594202898551 0.530091649694501 0.07070652173913039 0.014551934826883873
0 0.5654166666666667 0.5164969450101833 0.05336956521739137 0.021476578411405326
0 0.8478260869565217 0.755091649694501 0.30434782608695654 0.14969450101832993
0 0.8795289855072463 0.6507128309572301 0.24094202898550723 0.020366598778004074
0 0.8840579710144928 0.629837067209776 0.2318840579710145 0.013238289205702648
0 0.8722826086956522 0.6094704684317719 0.2554347826086957 0.015274949083503055
0 0.8940217391304348 0.5865580448065173 0.21195652173913043 0.016293279022403257
0 0.8838768115942028 0.5659063136456212 0.21775362318840588 0.01360488798370685
0 0.8870471014492753 0.5501731160896131 0.1878623188405798 0.007393075356415469
0 0.8901268115942029 0.5315885947046843 0.19981884057971006 0.01504073319755599
0 0.8790760869565217 0.5109572301425662 0.18206521739130435 0.010458248472505073
0 0.8827898550724638 0.49534623217922613 0.1619565217391304 0.01012219959266808
0 0.8538043478260869 0.48129327902240326 0.2054347826086956 0.009714867617107907
0 0.8834239130434782 0.4647963340122199 0.14438405797101458 0.014195519348268895
0 0.8702898550724637 0.44814663951120165 0.1543478260869566 0.011863543788187466