2 0.30486111111111114 0.124609375 0.6097222222222223 0.03984375
2 0.3368055555555556 0.25859375 0.5458333333333333 0.0390625
2 0.34652777777777777 0.305859375 0.5263888888888889 0.03984375
2 0.15227777777777776 0.3415390625 0.2635069444444445 0.05027343750000011
2 0.5201388888888889 0.3859375 0.17916666666666667 0.034375
0 0.30486111111111114 0.038671875 0.6097222222222223 0.07734375
3 0.30486111111111114 0.20234375 0.6097222222222223 0.0515625
1 0.9194444444444444 0.42265625 0.16111111111111112 0.015625
1 0.9125 0.4390625 0.175 0.009375
1 0.9111111111111111 0.453125 0.17777777777777778 0.0125
1 0.9145833333333333 0.466015625 0.17083333333333334 0.00703125
2 0.9034722222222222 0.08515625 0.19305555555555556 0.0265625
2 0.9083333333333333 0.105859375 0.18333333333333332 0.01796875
2 0.9104166666666667 0.123046875 0.17916666666666667 0.01484375
2 0.9097222222222222 0.140625 0.18055555555555555 0.0140625
2 0.9104166666666667 0.155859375 0.17916666666666667 0.02109375
2 0.9076388888888889 0.175390625 0.18472222222222223 0.02109375
2 0.9111111111111111 0.194140625 0.17777777777777778 0.01484375
2 0.9118055555555555 0.212109375 0.1763888888888889 0.01953125
2 0.9083333333333333 0.229296875 0.18333333333333332 0.01484375
2 0.9090277777777778 0.245703125 0.18194444444444444 0.01796875
3 0.90625 0.262890625 0.1875 0.01953125
3 0.9034722222222222 0.280078125 0.19305555555555556 0.01640625
3 0.9034722222222222 0.29609375 0.19305555555555556 0.015625
3 0.9013888888888889 0.312109375 0.19722222222222222 0.01640625
3 0.9013888888888889 0.330078125 0.19722222222222222 0.01484375
3 0.9 0.341796875 0.2 0.01328125
3 0.8979166666666667 0.359375 0.20416666666666666 0.0140625
3 0.9041666666666667 0.373046875 0.19166666666666668 0.01171875
3 0.9048611111111111 0.38828125 0.19027777777777777 0.0125
3 0.9027777777777778 0.404296875 0.19444444444444445 0.01015625
2 0.22847222222222222 0.471875 0.2152777777777778 0.0046875
2 0.2263888888888889 0.48359375 0.1840277777777778 0.0078125
2 0.225 0.493359375 0.22152777777777777 0.007421875
2 0.22916666666666666 0.50390625 0.17222222222222222 0.00859375
2 0.5090277777777777 0.4765625 0.2013888888888889 0.0078125
2 0.5159722222222223 0.48671875 0.1875 0.00703125
2 0.4284722222222222 0.493359375 0.09861111111111111 0.009765625
2 0.5736111111111111 0.496484375 0.06597222222222222 0.008984375
0 0.22777777777777777 0.518359375 0.21875 0.009765625