2 0.5486111111111112 0.6025390625 0.3090277777777778 0.158203125
2 0.5182291666666666 0.7158203125 0.19618055555555555 0.013671875
2 0.5217013888888888 0.728515625 0.1684027777777778 0.0068359375
2 0.5277777777777778 0.7421875 0.16493055555555555 0.009765625
2 0.5217013888888888 0.7548828125 0.13541666666666666 0.0048828125
2 0.5581597222222222 0.76220703125 0.11458333333333333 0.005859375
2 0.5694444444444444 0.77197265625 0.08506944444444445 0.009765625
2 0.5920138888888888 0.7802734375 0.078125 0.009765625
0 0.3333333333333333 0.115234375 0.3645833333333333 0.1376953125
0 0.3975694444444444 0.19775390625 0.1111111111111111 0.0234375
0 0.4244791666666667 0.21923828125 0.1111111111111111 0.017578125
0 0.4114583333333333 0.23974609375 0.08159722222222222 0.0107421875
0 0.4140625 0.25439453125 0.0954861111111111 0.01171875
0 0.4227430555555556 0.2705078125 0.09375 0.0078125
0 0.4210069444444444 0.283203125 0.08333333333333333 0.0146484375
0 0.4262152777777778 0.3056640625 0.0798611111111111 0.0146484375
0 0.4131944444444444 0.32275390625 0.06076388888888889 0.0078125
0 0.40625 0.3388671875 0.0642361111111111 0.0087890625
0 0.4322916666666667 0.3603515625 0.09722222222222222 0.013671875
0 0.4279513888888889 0.3779296875 0.08854166666666667 0.0166015625
0 0.4270833333333333 0.39306640625 0.08854166666666667 0.0078125
0 0.4201388888888889 0.40869140625 0.07291666666666667 0.0234375
0 0.4244791666666667 0.421875 0.08159722222222222 0.0048828125
0 0.421875 0.4326171875 0.06770833333333333 0.013671875
0 0.4244791666666667 0.447265625 0.0625 0.0166015625
0 0.4322916666666667 0.46240234375 0.06770833333333333 0.013671875
0 0.4288194444444444 0.4755859375 0.050347222222222224 0.0205078125
0 0.1519097222222222 0.2470703125 0.3038194444444444 0.1435546875
0 0.1267361111111111 0.34716796875 0.234375 0.0205078125
0 0.12152777777777778 0.3671875 0.22743055555555555 0.013671875
0 0.13194444444444445 0.38671875 0.25 0.015625
0 0.1111111111111111 0.40869140625 0.21180555555555555 0.015625
0 0.1232638888888889 0.42822265625 0.20833333333333334 0.0126953125
0 0.12065972222222222 0.44287109375 0.18055555555555555 0.0068359375
0 0.1171875 0.4609375 0.1909722222222222 0.0146484375
0 0.1284722222222222 0.48046875 0.1736111111111111 0.009765625
0 0.12413194444444445 0.49560546875 0.1545138888888889 0.009765625
0 0.1519097222222222 0.50927734375 0.19618055555555555 0.009765625
0 0.12413194444444445 0.52490234375 0.1388888888888889 0.013671875
0 0.1362847222222222 0.541015625 0.14756944444444445 0.01171875