2 0.2638020833333333 0.16614583333333333 0.40703125 0.014322916666666666
2 0.25078125 0.21432291666666667 0.32734375 0.01484375
2 0.26536458333333335 0.23125 0.30234375 0.01328125
2 0.14088541666666668 0.24401041666666667 0.12786458333333334 0.016666666666666666
2 0.34817708333333336 0.26015625 0.10885416666666667 0.011458333333333333
0 0.278125 0.11354166666666667 0.5 0.08020833333333334
3 0.24635416666666668 0.19401041666666666 0.3346354166666667 0.016666666666666666
2 0.6020833333333333 0.016927083333333332 0.14479166666666668 0.0328125
2 0.5671875 0.075 0.075 0.03958333333333333
2 0.5645833333333333 0.12578125 0.06979166666666667 0.0234375
2 0.5658854166666667 0.15963541666666667 0.07239583333333334 0.027604166666666666
2 0.5682291666666667 0.20052083333333334 0.07708333333333334 0.026041666666666668
2 0.5734375 0.24088541666666666 0.0875 0.021354166666666667
2 0.57109375 0.26927083333333335 0.0828125 0.013541666666666667
2 0.6738229166666667 0.148171875 0.08333333333333333 0.18636979166666662
3 0.9705729166666667 0.15104166666666666 0.058854166666666666 0.022916666666666665
3 0.9185260416666666 0.0869479166666667 0.059375 0.17255729166666664
2 0.35234375 0.371875 0.24036458333333333 0.020052083333333335
2 0.35703125 0.3953125 0.1671875 0.0140625
2 0.26796875 0.41171875 0.08125 0.011979166666666667
3 0.92578125 0.48203125 0.1484375 0.09739583333333333
3 0.9395833333333333 0.5674479166666667 0.12083333333333333 0.06302083333333333
3 0.9526041666666667 0.6286458333333333 0.09479166666666666 0.06145833333333333