1 0.8638888888888889 0.53203125 0.2722222222222222 0.028125
1 0.8638888888888889 0.50703125 0.2722222222222222 0.025
1 0.875 0.4828125 0.25 0.0296875
1 0.8861111111111111 0.45859375 0.22777777777777777 0.0234375
1 0.8979166666666667 0.433984375 0.20416666666666666 0.02421875
1 0.9027777777777778 0.4109375 0.19444444444444445 0.021875
1 0.9041666666666667 0.3890625 0.19166666666666668 0.0234375
1 0.9104166666666667 0.36875 0.17916666666666667 0.0203125
1 0.9145833333333333 0.3484375 0.17083333333333334 0.0234375
1 0.9180555555555555 0.32890625 0.1638888888888889 0.021875
1 0.925 0.307421875 0.15 0.01484375
0 0.9388888888888889 0.28515625 0.12222222222222222 0.025
0 0.9534722222222223 0.26171875 0.09305555555555556 0.0140625
0 0.95 0.241015625 0.1 0.01640625
0 0.9527777777777777 0.219921875 0.09444444444444444 0.01484375
0 0.9361111111111111 0.19921875 0.12777777777777777 0.015625
0 0.9236111111111112 0.178125 0.1527777777777778 0.0171875
0 0.9277777777777778 0.155078125 0.14444444444444443 0.01953125
0 0.9284722222222223 0.13671875 0.14305555555555555 0.015625
0 0.9291666666666667 0.119921875 0.14166666666666666 0.01640625
0 0.9319444444444445 0.100390625 0.1361111111111111 0.01640625
0 0.925 0.08359375 0.15 0.01875
0 0.8398194444444443 0.06974218749999998 0.1328750000000001 0.0280156250000001