2 0.675 0.3685250737463127 0.46518324607329853 0.23904129793510315
2 0.6301047120418848 0.1978466076696165 0.29602094240837706 0.02022123893805315
2 0.6349214659685865 0.17820058997050156 0.2547120418848166 0.010899705014749411
2 0.6440575916230366 0.15802359882005898 0.24890052356020953 0.01457227138643084
2 0.6342931937172775 0.1388053097345133 0.20390052356020938 0.006755162241887798
2 0.6894764397905759 0.127684365781711 0.17277486910994763 0.008466076696165205
2 0.7070942408376963 0.1128171091445428 0.1273560209424083 0.014601769911504558
2 0.740261780104712 0.10005899705014754 0.11871727748691105 0.014601769911504558
0 0.4479319371727749 0.9800589970501475 0.167958115183246 0.035663716814159384
0 0.48790575916230366 0.9473598820058996 0.16725130890052353 0.026415929203539943
0 0.4686649214659686 0.9166666666666666 0.12311518324607337 0.01606194690265468
0 0.47219895287958114 0.894188790560472 0.14434554973821986 0.017669616519174067
0 0.48549738219895283 0.8700294985250737 0.14264397905759166 0.012079646017699196
0 0.4826701570680628 0.8510914454277285 0.1256544502617801 0.022064896755162294
0 0.49081151832460734 0.817094395280236 0.12070680628272255 0.02227138643067833
0 0.4716230366492147 0.7910176991150442 0.09225130890052359 0.012241887905604652
0 0.46031413612565447 0.7669469026548673 0.09793193717277493 0.012566371681415903
0 0.49979057591623033 0.7344247787610619 0.14575916230366495 0.02019174041297943
0 0.49392670157068064 0.7077433628318585 0.13259162303664915 0.02491150442477874
0 0.4920157068062827 0.6850294985250738 0.13301047120418863 0.011356932153392398
0 0.48196335078534036 0.6613126843657817 0.11007853403141349 0.036076696165191796
0 0.48782722513089005 0.6412536873156341 0.12324607329842928 0.007935103244837751
0 0.48492146596858643 0.6254719764011799 0.10188481675392659 0.021002949852507388
0 0.48819371727748695 0.6033038348082597 0.09424083769633508 0.024498525073746332
0 0.5006282722513089 0.5804572271386431 0.10217277486910988 0.021076696165191686
0 0.4944764397905759 0.5607669616519174 0.07712041884816763 0.031106194690265532
0 0.1531413612565445 0.8989675516224189 0.306282722513089 0.20206489675516223
0 0.10732984293193717 0.7551622418879056 0.21465968586387435 0.029498525073746312
0 0.10078534031413612 0.7249262536873157 0.20157068062827224 0.019174041297935103
0 0.11780104712041885 0.6954277286135693 0.2356020942408377 0.022123893805309734
0 0.08638743455497382 0.6622418879056047 0.17277486910994763 0.02359882005899705
0 0.09554973821989529 0.633480825958702 0.19109947643979058 0.019174041297935103
0 0.0824607329842932 0.609882005899705 0.1649214659685864 0.01032448377581121
0 0.08376963350785341 0.5833333333333334 0.16753926701570682 0.022123893805309734
0 0.08638743455497382 0.5530973451327433 0.17277486910994763 0.014749262536873156
0 0.07591623036649214 0.5309734513274337 0.1518324607329843 0.014749262536873156
0 0.112565445026178 0.5103244837758112 0.225130890052356 0.014749262536873156
0 0.0693717277486911 0.48672566371681414 0.1387434554973822 0.02064896755162242
0 0.0824607329842932 0.46238938053097345 0.1649214659685864 0.016224188790560472