2 0.4313055555555556 0.77665625 0.6509583333333333 0.03779687499999991
2 0.45897222222222217 0.5509296875 0.6229722222222224 0.037328124999999976
2 0.43419444444444444 0.5121640625 0.5392083333333334 0.04635156249999994
2 0.4674166666666667 0.37864062499999995 0.4795972222222223 0.03694531249999997
2 0.43686111111111114 0.3423359375 0.45694444444444443 0.037437500000000054
2 0.4396388888888889 0.18735156249999996 0.41548611111111106 0.02937499999999993
2 0.4517083333333334 0.15081249999999996 0.40330555555555553 0.03227343749999996
2 0.46730555555555553 0.11979687499999994 0.3276666666666666 0.0221796874999999
2 0.4588611111111111 0.01811718750000004 0.32574999999999993 0.014960937500000071
3 0.4385694444444444 0.9805703125 0.7082222222222223 0.03885937499999983
3 0.4375 0.9344140624999999 0.667625 0.042718749999999875
3 0.44690277777777776 0.8903593750000001 0.6436944444444445 0.021929687500000128
3 0.44913888888888887 0.8633124999999999 0.6716944444444446 0.02073437499999997
3 0.43793055555555555 0.8330781249999999 0.6684861111111112 0.029515625000000156
3 0.42991666666666667 0.723828125 0.6759583333333332 0.0340703125000001
3 0.4504305555555555 0.6818203125 0.6913472222222222 0.03756249999999994
3 0.4292777777777777 0.6371640624999999 0.6447638888888889 0.031929687499999915
3 0.4674166666666666 0.46674218749999996 0.5736111111111111 0.02661718749999995
3 0.4372916666666667 0.4301328125 0.4919861111111111 0.03132031249999993
3 0.48066666666666663 0.3033984375 0.4804444444444444 0.028781249999999935
3 0.4637777777777778 0.2716015625 0.47659722222222217 0.02385937499999997
3 0.4440138888888889 0.23878906249999998 0.43920833333333337 0.029398437500000086
3 0.45929166666666665 0.08591406250000003 0.37788888888888894 0.0274531249999999
3 0.4510694444444444 0.052796874999999945 0.3550277777777778 0.02757812500000014
3 0.2256388888888889 0.01637500000000003 0.08793055555555555 0.027828124999999915
3 0.6873888888888889 0.015234375 0.09433333333333328 0.01484375
0 0.4484027777777778 0.5898671875 0.5654861111111109 0.021945312499999935