1 0.6163194444444444 0.25703125 0.178125 0.014583333333333334
1 0.6163194444444444 0.27109375 0.16527777777777777 0.011979166666666667
1 0.6243055555555556 0.28411458333333334 0.16805555555555557 0.01640625
1 0.6322916666666667 0.29765625 0.15243055555555557 0.0125
1 0.640625 0.3109375 0.12013888888888889 0.011458333333333333
1 0.6440972222222222 0.32395833333333335 0.1284722222222222 0.01171875
1 0.6451388888888889 0.3359375 0.12361111111111112 0.011979166666666667
1 0.6496527777777777 0.346875 0.11145833333333334 0.010416666666666666
1 0.6524305555555555 0.35833333333333334 0.10347222222222222 0.011458333333333333
1 0.6548611111111111 0.3690104166666667 0.09618055555555556 0.010416666666666666
1 0.6597222222222222 0.3807291666666667 0.09340277777777778 0.00703125
0 0.6697916666666667 0.39296875 0.07743055555555556 0.013541666666666667
0 0.6802083333333333 0.40598958333333335 0.057291666666666664 0.0078125
0 0.6774305555555555 0.4171875 0.06388888888888888 0.008333333333333333
0 0.6795138888888889 0.42890625 0.06041666666666667 0.0078125
0 0.6677083333333333 0.44036458333333334 0.07256944444444445 0.007291666666666667
0 0.6586805555555556 0.4518229166666667 0.09826388888888889 0.00859375
0 0.6618055555555555 0.46458333333333335 0.08541666666666667 0.009114583333333334
0 0.6625 0.4744791666666667 0.08472222222222223 0.0078125
0 0.6628472222222223 0.48411458333333335 0.08125 0.007552083333333333
0 0.6645833333333333 0.4947916666666667 0.0875 0.008333333333333333
0 0.6597222222222222 0.50390625 0.09340277777777778 0.009375
0 0.5961805555555556 0.51171875 0.07916666666666666 0.015104166666666667