2 0.07013888888888889 0.2453125 0.12430555555555556 0.026041666666666668
2 0.06597222222222222 0.27005208333333336 0.12430555555555556 0.0026041666666666665
2 0.03784722222222222 0.2825520833333333 0.05590277777777778 0.00625
2 0.04027777777777778 0.2916666666666667 0.07291666666666667 0.005208333333333333
2 0.050694444444444445 0.30026041666666664 0.09618055555555556 0.00546875
2 0.05486111111111111 0.3078125 0.07395833333333333 0.005208333333333333
2 0.053125 0.31666666666666665 0.0798611111111111 0.0078125
2 0.05659722222222222 0.32473958333333336 0.08159722222222222 0.00390625
2 0.059375 0.3328125 0.08576388888888889 0.00546875
2 0.32881944444444444 0.40703125 0.13854166666666667 0.012760416666666666
2 0.33194444444444443 0.42083333333333334 0.17291666666666666 0.013541666666666667
2 0.33993055555555557 0.434375 0.14895833333333333 0.007552083333333333
2 0.33055555555555555 0.4484375 0.13854166666666667 0.01171875
2 0.3392361111111111 0.4609375 0.14340277777777777 0.00859375
2 0.34305555555555556 0.47317708333333336 0.1371527777777778 0.008854166666666666
2 0.3440972222222222 0.4856770833333333 0.12291666666666666 0.010416666666666666
0 0.7545138888888889 0.8338541666666667 0.3298611111111111 0.115625
0 0.7673611111111112 0.91696875 0.2972222222222222 0.032460937499999905
0 0.7977430555555556 0.9541458333333334 0.31961805555555556 0.03227083333333335
2 0.6149305555555555 0.690625 0.050694444444444445 0.065625
2 0.6302083333333334 0.7450520833333333 0.08125 0.0234375
2 0.6345833333333333 0.7147604166666668 0.001111111111111048 0.054312499999999986