2 0.2298611111111111 0.3072916666666667 0.11423611111111111 0.07109375
2 0.21736111111111112 0.36484375 0.07604166666666666 0.006510416666666667
2 0.21875 0.37161458333333336 0.06666666666666667 0.0033854166666666668
2 0.22152777777777777 0.37838541666666664 0.06145833333333333 0.00390625
2 0.21875 0.3848958333333333 0.053125 0.0015625
2 0.23402777777777778 0.3885416666666667 0.04722222222222222 0.00234375
2 0.2388888888888889 0.39375 0.034375 0.004427083333333333
2 0.2482638888888889 0.39791666666666664 0.028125 0.00390625
0 0.13993055555555556 0.05859375 0.15138888888888888 0.06875
0 0.16666666666666666 0.10078125 0.04513888888888889 0.011458333333333333
0 0.178125 0.11197916666666667 0.03993055555555555 0.007552083333333333
0 0.17256944444444444 0.12213541666666666 0.029513888888888888 0.0046875
0 0.1736111111111111 0.12994791666666666 0.03611111111111111 0.0049479166666666664
0 0.17743055555555556 0.13802083333333334 0.034375 0.003125
0 0.1763888888888889 0.14427083333333332 0.030555555555555555 0.00625
0 0.17881944444444445 0.15598958333333332 0.030555555555555555 0.0067708333333333336
0 0.17326388888888888 0.16458333333333333 0.024652777777777777 0.0036458333333333334
0 0.1701388888888889 0.17291666666666666 0.026041666666666668 0.0036458333333333334
0 0.18125 0.18385416666666668 0.03854166666666667 0.006510416666666667
0 0.1795138888888889 0.19270833333333334 0.03298611111111111 0.007291666666666667
0 0.17916666666666667 0.20052083333333334 0.034375 0.0033854166666666668
0 0.1763888888888889 0.20833333333333334 0.027777777777777776 0.011197916666666667
0 0.17777777777777778 0.21510416666666668 0.030208333333333334 0.0018229166666666667
0 0.17708333333333334 0.22057291666666667 0.02847222222222222 0.00703125
0 0.178125 0.228125 0.02326388888888889 0.00703125
0 0.18159722222222222 0.23567708333333334 0.027430555555555555 0.00703125
0 0.1798611111111111 0.24244791666666668 0.01875 0.009114583333333334
0 0.06388888888888888 0.12604166666666666 0.11631944444444445 0.06640625
0 0.053125 0.17708333333333334 0.09513888888888888 0.01015625
0 0.051041666666666666 0.18723958333333332 0.08993055555555556 0.006510416666666667
0 0.05555555555555555 0.19713541666666667 0.103125 0.007291666666666667
0 0.04652777777777778 0.20833333333333334 0.07777777777777778 0.00703125
0 0.05173611111111111 0.21822916666666667 0.0763888888888889 0.005208333333333333
0 0.050347222222222224 0.22604166666666667 0.06840277777777778 0.002864583333333333
0 0.049305555555555554 0.23489583333333333 0.07951388888888888 0.0067708333333333336
0 0.05381944444444445 0.24505208333333334 0.0642361111111111 0.004166666666666667
0 0.052083333333333336 0.25286458333333334 0.058680555555555555 0.004427083333333333
0 0.06388888888888888 0.2596354166666667 0.07395833333333333 0.00390625
0 0.052083333333333336 0.2677083333333333 0.053125 0.005989583333333334
0 0.057291666666666664 0.27578125 0.05347222222222222 0.0049479166666666664
3 0.4847222222222222 0.31640625 0.13055555555555556 0.09635416666666667
3 0.24965277777777778 0.9623177083333334 0.23368055555555556 0.019606770833333325
3 0.2449513888888889 0.9869010416666666 0.21262500000000004 0.019333333333333393
0 0.24785416666666668 0.8478437500000001 0.3000625 0.019528645833333396
0 0.24987499999999999 0.87265625 0.26092013888888893 0.017638020833333337
0 0.2483611111111111 0.8950572916666667 0.295517361111111 0.02237500000000002
0 0.2515763888888889 0.9197291666666667 0.29337152777777775 0.028867187499999978