1 0.8618055555555556 0.4671875 0.2763888888888889 0.0234375
1 0.8618055555555556 0.4921875 0.2763888888888889 0.0203125
1 0.8729166666666667 0.51640625 0.25416666666666665 0.025
1 0.8840277777777777 0.54140625 0.23194444444444445 0.01875
1 0.8958333333333334 0.565234375 0.20833333333333334 0.01953125
1 0.9006944444444445 0.5890625 0.1986111111111111 0.0171875
1 0.9020833333333333 0.6109375 0.19583333333333333 0.01875
1 0.9083333333333333 0.63046875 0.18333333333333332 0.015625
1 0.9125 0.65078125 0.175 0.01875
1 0.9159722222222222 0.67109375 0.16805555555555557 0.0171875
1 0.9229166666666667 0.691796875 0.15416666666666667 0.01015625
0 0.9368055555555556 0.7140625 0.12638888888888888 0.0203125
0 0.9513888888888888 0.7375 0.09722222222222222 0.009375
0 0.9479166666666666 0.758203125 0.10416666666666667 0.01171875
0 0.9506944444444444 0.779296875 0.09861111111111111 0.01015625
0 0.9340277777777778 0.8 0.13194444444444445 0.0109375
0 0.9215277777777777 0.82109375 0.15694444444444444 0.0125
0 0.9256944444444445 0.844921875 0.1486111111111111 0.01484375
0 0.9263888888888889 0.8625 0.14722222222222223 0.0109375
0 0.9270833333333334 0.880078125 0.14583333333333334 0.01171875
0 0.9298611111111111 0.898828125 0.14027777777777778 0.01171875
0 0.9229166666666667 0.915625 0.15416666666666667 0.0140625
0 0.8398194444444443 0.9302578125000001 0.14120833333333344 0.0233281250000001