1 0.5576388888888889 0.707421875 0.05 0.14765625
1 0.5131944444444444 0.707421875 0.044444444444444446 0.14765625
1 0.4701388888888889 0.713671875 0.05277777777777778 0.13515625
1 0.4263888888888889 0.719921875 0.041666666666666664 0.12265625
1 0.3840277777777778 0.7265625 0.043055555555555555 0.109375
1 0.3416666666666667 0.729296875 0.03888888888888889 0.10390625
1 0.30277777777777776 0.730078125 0.041666666666666664 0.10234375
1 0.26805555555555555 0.73359375 0.03611111111111111 0.0953125
1 0.23125 0.7359375 0.041666666666666664 0.090625
1 0.19583333333333333 0.737890625 0.03888888888888889 0.08671875
1 0.15833333333333333 0.741796875 0.025 0.07890625
0 0.11875 0.749609375 0.04583333333333333 0.06328125
0 0.07708333333333334 0.7578125 0.025 0.046875
0 0.04027777777777778 0.755859375 0.029166666666666667 0.05078125
0 0.007638888888888889 0.757421875 0.015277777777777777 0.04765625