1 0.2923611111111111 0.22161458333333334 0.37083333333333335 0.12317708333333334
2 0.3159722222222222 0.31692708333333336 0.26944444444444443 0.020052083333333335
2 0.3326388888888889 0.3424479166666667 0.23923611111111112 0.019010416666666665
2 0.3368055555555556 0.3640625 0.16111111111111112 0.013541666666666667
2 0.25277777777777777 0.37916666666666665 0.08645833333333333 0.012239583333333333
3 0.6052083333333333 0.46875 0.21041666666666667 0.11041666666666666
3 0.5902777777777778 0.5604166666666667 0.18055555555555555 0.041666666666666664
0 0.9190972222222222 0.42916666666666664 0.16180555555555556 0.11875
0 0.9451388888888889 0.5119791666666667 0.10972222222222222 0.030208333333333334
0 0.9534722222222223 0.5489583333333333 0.09305555555555556 0.03125
1 0.5715277777777777 0.31328125 0.14305555555555555 0.07447916666666667
1 0.5642361111111112 0.36171875 0.1284722222222222 0.016145833333333335
2 0.7940277777777779 0.28605729166666666 0.24111111111111114 0.07184375000000003
2 0.804236111111111 0.3404947916666667 0.26152777777777786 0.023177083333333334
2 0.7523611111111111 0.36513541666666666 0.13111111111111107 0.025901041666666676
2 0.7488888888888889 0.38435416666666666 0.08972222222222226 0.03254166666666668
2 0.8984722222222222 0.3100729166666667 0.001111111111111048 0.054312499999999986
3 0.28541666666666665 0.756109375 0.35532291666666665 0.1288515625
3 0.2719930555555556 0.8608333333333333 0.2513888888888889 0.019729166666666725
3 0.27708333333333335 0.8790625 0.15995486111111112 0.010661458333333347
2 0.2745972222222222 0.8942864583333333 0.17424652777777783 0.01572395833333336
2 0.27361111111111114 0.9144687499999999 0.16782291666666665 0.01846354166666669
2 0.27036805555555554 0.9310052083333333 0.1435208333333333 0.013229166666666714
2 0.27331944444444445 0.9433802083333334 0.1644652777777778 0.012796874999999966
2 0.28032638888888894 0.9554010416666666 0.15416666666666667 0.008203125
2 0.2720486111111111 0.9677760416666668 0.13645833333333332 0.011244791666666623
2 0.27963194444444445 0.9789739583333333 0.12963194444444442 0.007598958333333291
2 0.2832777777777778 0.9899583333333334 0.12418750000000003 0.007864583333333286
2 0.28402777777777777 0.9981770833333333 0.1111111111111111 0.0036458333333333334