2 0.27847222222222223 0.2833333333333333 0.1798611111111111 0.023958333333333335
2 0.2621527777777778 0.30494791666666665 0.13159722222222223 0.009114583333333334
2 0.26458333333333334 0.31614583333333335 0.10069444444444445 0.0109375
2 0.2621527777777778 0.3260416666666667 0.11215277777777778 0.00546875
2 0.2708333333333333 0.3341145833333333 0.10659722222222222 0.005989583333333334
2 0.27534722222222224 0.3421875 0.09479166666666666 0.004166666666666667
2 0.26805555555555555 0.35052083333333334 0.09444444444444444 0.004166666666666667
1 0.26458333333333334 0.35625 0.125 0.0078125
3 0.246875 0.3651041666666667 0.13506944444444444 0.009114583333333334
0 0.6844166666666667 0.17104687500000001 0.10154166666666661 0.00907031250000004
0 0.6894513888888889 0.18123958333333334 0.09733333333333331 0.006338541666666705
0 0.6919652777777778 0.18957291666666667 0.10514236111111117 0.0056640625
0 0.6855486111111111 0.19828645833333333 0.10348958333333332 0.005510416666666688
0 0.6928680555555555 0.20721354166666667 0.09540277777777778 0.007919270833333355
0 0.6911805555555556 0.21616666666666665 0.09264236111111117 0.006216145833333305
0 0.6926458333333334 0.22468749999999998 0.09709027777777782 0.007229166666666605
1 0.6899236111111111 0.23920833333333333 0.09311111111111106 0.006028645833333357
1 0.6880624999999999 0.2471614583333333 0.09540277777777778 0.006479166666666695
1 0.6857152777777779 0.2564791666666667 0.0949305555555555 0.009020833333333301
1 0.6857916666666667 0.26476041666666666 0.09658333333333333 0.009812499999999957
1 0.6839166666666667 0.27441666666666664 0.09283333333333334 0.00604166666666662
1 0.6867847222222222 0.282359375 0.09519444444444443 0.009536458333333305
1 0.6840277777777778 0.29097395833333334 0.0862986111111111 0.0076197916666667235
3 0.696 0.30346354166666667 0.09598611111111113 0.005578125000000019
3 0.684625 0.30986979166666667 0.09049999999999996 0.007411458333333343
3 0.6876527777777778 0.31954166666666667 0.09316666666666669 0.006765625000000005
3 0.6923611111111111 0.3290885416666667 0.0849444444444444 0.006151041666666638
3 0.6872777777777779 0.33732291666666664 0.08340972222222223 0.008828125000000023
3 0.6851736111111111 0.3455625 0.0762013888888889 0.005869791666666657
3 0.6893958333333333 0.35378125 0.0797638888888889 0.007677083333333338
3 0.6922638888888889 0.3629583333333333 0.08213194444444444 0.005765624999999967
3 0.6900902777777778 0.37090104166666665 0.0792777777777778 0.0058802083333333146
2 0.6890208333333334 0.37981770833333334 0.08052083333333336 0.0073854166666667
2 0.6881388888888889 0.387265625 0.09489583333333336 0.003984375000000048
2 0.6861875000000001 0.3955572916666667 0.08197916666666663 0.005645833333333291
2 0.6902777777777778 0.40356770833333333 0.08190972222222226 0.004494791666666723
2 0.6895625 0.41219791666666666 0.08122916666666664 0.004578124999999981
2 0.6835763888888889 0.421421875 0.0763888888888889 0.007536458333333347
2 0.6976736111111111 0.4288385416666667 0.09594444444444446 0.005765624999999967
2 0.6890416666666667 0.43640104166666666 0.07868055555555556 0.005963541666666691
3 0.3545138888888889 0.48072916666666665 0.5104166666666666 0.041666666666666664
3 0.37222222222222223 0.5416666666666666 0.475 0.06458333333333334
2 0.36319444444444443 0.6174479166666667 0.4930555555555556 0.06822916666666666
2 0.37256944444444445 0.6846354166666667 0.47430555555555554 0.04635416666666667
2 0.37743055555555555 0.7447916666666666 0.46458333333333335 0.05625
2 0.371875 0.8080729166666667 0.4756944444444444 0.059895833333333336
2 0.38333333333333336 0.8703125 0.4527777777777778 0.06145833333333333
2 0.39340277777777777 0.9354166666666667 0.4326388888888889 0.06458333333333334