2 0.4313055555555556 0.22334375 0.6759583333333332 0.038578125
2 0.45897222222222217 0.44907031249999996 0.6479722222222223 0.03810937499999998
2 0.43419444444444444 0.4878359375 0.5642083333333333 0.04713281249999994
2 0.4674166666666667 0.621359375 0.5045972222222223 0.03772656249999997
2 0.43686111111111114 0.6576640625 0.48194444444444445 0.03821875000000006
2 0.4396388888888889 0.8126484375 0.4404861111111111 0.03015624999999993
2 0.4517083333333334 0.8491875 0.42830555555555555 0.03305468749999996
2 0.46730555555555553 0.8802031250000001 0.35266666666666663 0.0229609374999999
2 0.4588611111111111 0.9818828125 0.35074999999999995 0.01574218750000007
3 0.4375 0.01953125 0.7333333333333333 0.0390625
3 0.4375 0.0655859375 0.692625 0.043500000000000004
3 0.44690277777777776 0.109640625 0.6686944444444445 0.022710937499999993
3 0.44913888888888887 0.13668750000000002 0.6966944444444446 0.021515625000000017
3 0.43793055555555555 0.166921875 0.6934861111111112 0.03029687500000002
3 0.42991666666666667 0.276171875 0.7009583333333332 0.03485156250000001
3 0.4504305555555555 0.3181796875 0.7163472222222222 0.03834375000000003
3 0.4292777777777777 0.3628359375 0.6697638888888889 0.0327109375
3 0.4674166666666666 0.5332578125 0.5986111111111111 0.02739843749999995
3 0.4372916666666667 0.5698671875 0.5169861111111111 0.03210156249999994
3 0.48066666666666663 0.6966015624999999 0.5054444444444444 0.029562499999999936
3 0.4637777777777778 0.7283984375 0.5015972222222221 0.02464062499999997
3 0.4440138888888889 0.7612109375 0.46420833333333333 0.030179687500000087
3 0.45929166666666665 0.9140859375 0.40288888888888896 0.028234374999999902
3 0.4510694444444444 0.947203125 0.3800277777777778 0.02835937500000014
3 0.2256388888888889 0.983625 0.11293055555555556 0.028609374999999916
3 0.6873888888888889 0.984765625 0.11933333333333328 0.015625
0 0.4484027777777778 0.4101328125 0.5904861111111109 0.022726562499999936