2 0.11838440111420613 0.5673828125 0.23676880222841226 0.431640625
0 0.9944289693593314 0.396484375 0.011142061281337047 0.11328125
0 0.9526462395543176 0.37890625 0.027855153203342618 0.0859375
0 0.8969359331476323 0.3681640625 0.03064066852367688 0.091796875
0 0.8203342618384402 0.4052734375 0.04735376044568245 0.13671875
0 0.7562674094707521 0.3994140625 0.0584958217270195 0.123046875
0 0.7033426183844012 0.3984375 0.027855153203342618 0.123046875
0 0.6476323119777159 0.388671875 0.08635097493036212 0.103515625
0 0.6002785515320335 0.39453125 0.019498607242339833 0.115234375
0 0.5626740947075209 0.3916015625 0.05013927576601671 0.095703125
0 0.5111420612813371 0.39453125 0.0584958217270195 0.087890625
0 0.4568245125348189 0.40625 0.05013927576601671 0.095703125
0 0.41086350974930363 0.400390625 0.07242339832869081 0.072265625