2 0.4313055555555556 0.22334375 0.6467916666666665 0.037796874999999994
2 0.45897222222222217 0.44907031249999996 0.6188055555555556 0.037328124999999976
2 0.43419444444444444 0.4878359375 0.5350416666666666 0.04635156249999994
2 0.4674166666666667 0.621359375 0.47543055555555563 0.03694531249999997
2 0.43686111111111114 0.6576640625 0.4527777777777778 0.037437500000000054
2 0.4396388888888889 0.8126484375 0.4113194444444444 0.02937499999999993
2 0.4517083333333334 0.8491875 0.3991388888888889 0.03227343749999996
2 0.46730555555555553 0.8802031250000001 0.32349999999999995 0.0221796874999999
2 0.4588611111111111 0.9818828125 0.3215833333333333 0.014960937500000071
3 0.4385694444444444 0.0194296875 0.7040555555555557 0.038859375
3 0.4375 0.0655859375 0.6634583333333334 0.04271875000000001
3 0.44690277777777776 0.109640625 0.6395277777777778 0.021929687499999996
3 0.44913888888888887 0.13668750000000002 0.6675277777777778 0.020734375000000017
3 0.43793055555555555 0.166921875 0.6643194444444446 0.029515625000000024
3 0.42991666666666667 0.276171875 0.6717916666666666 0.03407031250000001
3 0.4504305555555555 0.3181796875 0.6871805555555555 0.03756250000000003
3 0.4292777777777777 0.3628359375 0.6405972222222222 0.031929687500000005
3 0.4674166666666666 0.5332578125 0.5694444444444444 0.02661718749999995
3 0.4372916666666667 0.5698671875 0.48781944444444447 0.03132031249999993
3 0.48066666666666663 0.6966015624999999 0.47627777777777774 0.028781249999999935
3 0.4637777777777778 0.7283984375 0.4724305555555555 0.02385937499999997
3 0.4440138888888889 0.7612109375 0.4350416666666667 0.029398437500000086
3 0.45929166666666665 0.9140859375 0.3737222222222223 0.0274531249999999
3 0.4510694444444444 0.947203125 0.3508611111111111 0.02757812500000014
3 0.2256388888888889 0.983625 0.08376388888888889 0.027828124999999915
3 0.6873888888888889 0.984765625 0.0901666666666666 0.01484375
0 0.4484027777777778 0.4101328125 0.5613194444444444 0.02194531249999998