2 0.46489130434782616 0.426479217603912 0.3863043478260871 0.19812958435207817
2 0.4276086956521739 0.2850122249388753 0.24582608695652183 0.016760391198044053
2 0.43160869565217397 0.26872860635696827 0.21152173913043468 0.009034229828850979
2 0.439195652173913 0.2520048899755501 0.20669565217391314 0.01207823960880209
2 0.4310869565217392 0.2360757946210269 0.1693260869565217 0.005599022004889887
2 0.47691304347826086 0.2268581907090465 0.14347826086956522 0.007017114914425439
2 0.4915434782608696 0.2145354523227384 0.10576086956521734 0.012102689486552678
2 0.5190869565217391 0.20396088019559905 0.09858695652173918 0.012102689486552678
0 0.21195652173913043 0.9755501222493888 0.42391304347826086 0.0488997555012225
0 0.2763260869565218 0.9333496332518337 0.13947826086956513 0.029559902200489076
0 0.3095217391304348 0.9062469437652811 0.13889130434782607 0.02189486552567247
0 0.2935434782608696 0.8808068459657702 0.10223913043478268 0.013312958435207668
0 0.2964782608695652 0.8621760391198043 0.11986956521739127 0.01464547677261616
0 0.30752173913043473 0.8421515892420538 0.11845652173913046 0.010012224938875372
0 0.30517391304347824 0.8264547677261613 0.10434782608695652 0.018288508557457256
0 0.31193478260869567 0.7982762836185819 0.10023913043478264 0.01845965770171138
0 0.296 0.7766625916870415 0.07660869565217393 0.010146699266503611
0 0.2866086956521739 0.7567114914425428 0.0813260869565218 0.01041564792176037
0 0.31939130434782603 0.729755501222494 0.12104347826086959 0.016735941320293466
0 0.3145217391304348 0.7076405867970661 0.11010869565217386 0.02064792176039132
0 0.3129347826086956 0.6888141809290954 0.11045652173913056 0.009413202933985386
0 0.30458695652173917 0.6691564792176039 0.09141304347826078 0.0299022004889976
0 0.3094565217391304 0.6525305623471882 0.10234782608695649 0.006577017114914559
0 0.3070434782608696 0.6394498777506111 0.08460869565217383 0.01740831295843522
0 0.3097608695652174 0.6210757946210269 0.0782608695652174 0.020305623471882656
0 0.32008695652173913 0.6021393643031785 0.08484782608695646 0.01746943765281169
0 0.3149782608695652 0.5858190709046455 0.06404347826086965 0.025782396088019598
0 0.07934782608695652 0.8722493887530562 0.15869565217391304 0.17970660146699266
0 0.041304347826086954 0.7469437652811736 0.08260869565217391 0.02444987775061125
0 0.035869565217391305 0.7218826405867971 0.07173913043478261 0.01589242053789731
0 0.05 0.6974327628361858 0.1 0.018337408312958436
0 0.03152173913043478 0.6460880195599022 0.06304347826086956 0.01589242053789731
0 0.02391304347826087 0.5794621026894865 0.04782608695652174 0.012224938875305624
0 0.04565217391304348 0.5440097799511002 0.09130434782608696 0.012224938875305624
0 0.020652173913043477 0.5042787286063569 0.041304347826086954 0.013447432762836185