3 0.5755208333333334 0.60205078125 0.8489583333333334 0.1845703125
3 0.6148784722222222 0.48041992187500004 0.7314756944444445 0.05738281249999999
3 0.6656597222222222 0.426171875 0.6391840277777777 0.050332031249999964
3 0.6584201388888888 0.371552734375 0.5378993055555554 0.04400390624999995
3 0.6759201388888889 0.3319140625 0.5005729166666667 0.02724609375000009
3 0.6403298611111111 0.29537109375000004 0.3541666666666667 0.03360351562500008
3 0.65421875 0.25939453125 0.3703645833333334 0.03068359375000007
3 0.6498784722222222 0.23050781249999996 0.34432291666666676 0.02499023437499992
3 0.6261631944444445 0.20876953124999997 0.3200173611111112 0.02451171874999991
3 0.6196527777777778 0.186396484375 0.28675347222222214 0.018818359374999982
3 0.6137152777777778 0.16799804687499997 0.30092013888888897 0.026308593750000053
3 0.6401909722222222 0.14675781249999997 0.2641840277777777 0.028105468749999973