2 0.687037037037037 0.5020833333333333 0.6259259259259259 0.3375
2 0.7640740740740741 0.7434583333333333 0.418814814814815 0.028562500000000077
2 0.7572592592592592 0.7712083333333333 0.3603703703703702 0.015395833333333542
2 0.7443333333333334 0.7997083333333334 0.3521481481481483 0.02058333333333356
2 0.7581481481481481 0.8268541666666667 0.28848148148148145 0.009541666666666514
2 0.680074074074074 0.8425624999999999 0.24444444444444444 0.011958333333333352
2 0.6551481481481481 0.8635625 0.1801851851851851 0.02062500000000019
2 0.6082222222222223 0.8815833333333333 0.16796296296296304 0.02062500000000019
0 0.9314814814814815 0.021875 0.13703703703703704 0.035416666666666666
0 0.9333333333333333 0.05416666666666667 0.13333333333333333 0.016666666666666666
0 0.9481481481481482 0.0875 0.1037037037037037 0.05
0 0.9407407407407408 0.115625 0.11851851851851852 0.010416666666666666
0 0.95 0.13854166666666667 0.1 0.03125
0 0.95 0.16979166666666667 0.1 0.035416666666666666
0 0.9388888888888889 0.20208333333333334 0.12222222222222222 0.029166666666666667
0 0.9518518518518518 0.23020833333333332 0.0962962962962963 0.04375