2 0.2829861111111111 0.36953125 0.20069444444444445 0.03463541666666667
2 0.26631944444444444 0.39791666666666664 0.125 0.011197916666666667
2 0.26875 0.4125 0.09513888888888888 0.01328125
2 0.26631944444444444 0.42526041666666664 0.11666666666666667 0.007552083333333333
2 0.27534722222222224 0.4356770833333333 0.11006944444444444 0.0078125
2 0.2798611111111111 0.44635416666666666 0.09965277777777778 0.005208333333333333
2 0.2725694444444444 0.45729166666666665 0.09791666666666667 0.00546875
1 0.26875 0.46484375 0.12534722222222222 0.010416666666666666
3 0.25069444444444444 0.47630208333333335 0.1267361111111111 0.0109375
2 0.41805555555555557 0.6044270833333333 0.4027777777777778 0.008854166666666666
2 0.41557638888888887 0.6349479166666666 0.4043645833333334 0.021408854166666675
2 0.42995833333333333 0.7234739583333334 0.34732291666666665 0.020494791666666737
2 0.4329861111111111 0.7489583333333333 0.3729166666666667 0.022916666666666665
2 0.4223194444444444 0.787765625 0.3543680555555555 0.028067708333333267
2 0.42817361111111113 0.8187239583333333 0.34424305555555557 0.02449999999999998
2 0.42668749999999994 0.8547395833333333 0.32340972222222225 0.025104166666666573
2 0.4190486111111111 0.8919479166666666 0.3101180555555555 0.022140625000000115
2 0.43085416666666665 0.9226041666666667 0.31190277777777786 0.02393229166666657
2 0.41875 0.9890625 0.2902777777777778 0.021875
1 0.4210347222222222 0.684640625 0.3696458333333333 0.023588541666666647
1 0.4316458333333334 0.9594947916666666 0.27381249999999996 0.020333333333333314
3 0.9201388888888888 0.67578125 0.1597222222222222 0.013020833333333334
3 0.9253472222222222 0.6911458333333333 0.14930555555555555 0.007291666666666667
3 0.9228680555555556 0.7076197916666668 0.1478715277777778 0.008937500000000043
3 0.9215277777777777 0.7239583333333334 0.15694444444444444 0.015625
3 0.9148124999999999 0.7387343749999999 0.13935069444444445 0.012968749999999989
3 0.9181041666666666 0.7556770833333334 0.14680555555555558 0.011338541666666656
3 0.9189791666666666 0.7697760416666667 0.1486111111111111 0.013286458333333329
3 0.9193958333333334 0.786828125 0.14254513888888895 0.009156249999999961
3 0.924951388888889 0.8010937499999999 0.14416666666666664 0.012828124999999939
3 0.9075902777777778 0.8184895833333333 0.11240972222222223 0.014968750000000005
2 0.9284722222222223 0.6078125 0.14305555555555555 0.015625
2 0.9284722222222223 0.6229166666666667 0.14305555555555555 0.017708333333333333
2 0.9291666666666667 0.6411458333333333 0.14166666666666666 0.015625
2 0.93125 0.65859375 0.1375 0.016145833333333335
1 0.9186597222222221 0.835703125 0.12435416666666663 0.010500000000000042
1 0.9156041666666667 0.849 0.14972222222222215 0.015572916666666714
1 0.9150902777777777 0.8646614583333334 0.1329652777777778 0.011479166666666648
1 0.9158333333333333 0.8800833333333333 0.13444444444444442 0.014541666666666704
1 0.9130555555555555 0.8942135416666666 0.12888888888888886 0.010166666666666657
1 0.9136597222222222 0.9075885416666668 0.11805555555555555 0.011213541666666653
0 0.9184722222222221 0.9228958333333334 0.1387986111111112 0.0105833333333333
0 0.916111111111111 0.9382083333333334 0.14425694444444445 0.012739583333333353
0 0.9087986111111112 0.9542552083333333 0.1314791666666667 0.012885416666666672
0 0.9069444444444444 0.9679375 0.15 0.016635416666666694
0 0.9141666666666667 0.9886354166666665 0.1422222222222222 0.01636458333333337