3 0.7710590277777778 0.354375 0.4530034722222223 0.02790039062500005
3 0.7751736111111112 0.3828125 0.4496527777777778 0.017578125
3 0.7689756944444445 0.413701171875 0.44421875 0.02179687500000005
3 0.7697916666666667 0.4446875 0.42036458333333315 0.031699218750000036
3 0.7488368055555555 0.472041015625 0.40855902777777786 0.029101562499999956
3 0.7570659722222222 0.50380859375 0.4180555555555557 0.024941406249999964
3 0.7592534722222221 0.530244140625 0.40625 0.028339843749999982
3 0.760295138888889 0.562216796875 0.3967534722222222 0.02066406250000008
3 0.7741840277777778 0.58896484375 0.41527777777777763 0.02857421874999999
3 0.73078125 0.62158203125 0.2983854166666667 0.03001953125000001
2 0.75046875 0.025087890625 0.4905034722222222 0.030263671875000002
2 0.7630208333333334 0.05615234375 0.4739583333333333 0.0302734375
2 0.7847222222222222 0.08984375 0.4305555555555556 0.033203125
2 0.7907986111111112 0.125 0.4184027777777778 0.029296875
2 0.7925347222222222 0.15576171875 0.4149305555555556 0.0322265625
2 0.7813715277777777 0.190771484375 0.37869791666666663 0.02908203125000003
2 0.7854166666666667 0.2222265625 0.37986111111111104 0.041201171875
2 0.7977430555555556 0.2548828125 0.4045138888888889 0.03515625
2 0.7932812500000002 0.289619140625 0.3863368055555555 0.031445312500000044
2 0.8008159722222222 0.3223046875 0.38055555555555565 0.03171875000000002
1 0.7584548611111112 0.653857421875 0.3282465277777777 0.02164062500000008
1 0.7508159722222223 0.6787890625 0.3916666666666665 0.03115234375000009
1 0.74953125 0.708154296875 0.3497743055555556 0.023476562499999964
1 0.7513888888888889 0.7370703125 0.35347222222222224 0.02921875000000007
1 0.7444444444444445 0.763564453125 0.33958333333333335 0.021015624999999982
1 0.7459548611111112 0.788642578125 0.3125 0.022978515624999973
0 0.7579861111111111 0.81734375 0.3643576388888891 0.021796874999999938
0 0.7520833333333332 0.8460546875 0.37800347222222225 0.025839843750000036
0 0.7338020833333334 0.876142578125 0.34605902777777786 0.02611328125000001
0 0.7291666666666666 0.901796875 0.3923611111111111 0.03314453125000005
0 0.7472222222222222 0.94060546875 0.37291666666666656 0.03263671875000007
0 0.7424826388888889 0.968798828125 0.32869791666666676 0.02000976562500001
0 0.7369791666666666 0.990234375 0.3489583333333333 0.01953125