1 0.5555555555555556 0.23828125 0.1638888888888889 0.0140625
1 0.5555555555555556 0.2513020833333333 0.15868055555555555 0.011458333333333333
1 0.5625 0.2635416666666667 0.13645833333333332 0.013541666666666667
1 0.5697916666666667 0.2760416666666667 0.12916666666666668 0.010677083333333334
1 0.5774305555555556 0.28828125 0.11284722222222222 0.0109375
1 0.5805555555555556 0.30026041666666664 0.10451388888888889 0.009635416666666667
1 0.58125 0.31145833333333334 0.10972222222222222 0.011197916666666667
1 0.5854166666666667 0.3216145833333333 0.09340277777777778 0.008854166666666666
1 0.5881944444444445 0.33203125 0.09236111111111112 0.010677083333333334
1 0.5902777777777778 0.3421875 0.09722222222222222 0.010677083333333334
1 0.5944444444444444 0.3528645833333333 0.08159722222222222 0.006510416666666667
0 0.6034722222222222 0.36432291666666666 0.06979166666666667 0.0125
0 0.6128472222222222 0.3763020833333333 0.05138888888888889 0.007291666666666667
0 0.6104166666666667 0.38671875 0.05659722222222222 0.0078125
0 0.6125 0.39739583333333334 0.046875 0.005989583333333334
0 0.6017361111111111 0.4083333333333333 0.06736111111111111 0.0067708333333333336
0 0.59375 0.41901041666666666 0.07881944444444444 0.00703125
0 0.5965277777777778 0.43072916666666666 0.07777777777777778 0.008854166666666666
0 0.596875 0.43984375 0.07916666666666666 0.007291666666666667
0 0.5972222222222222 0.44869791666666664 0.07951388888888888 0.0078125
0 0.5989583333333334 0.45859375 0.07083333333333333 0.00703125
0 0.5944444444444444 0.4671875 0.08055555555555556 0.008333333333333333
0 0.5371527777777778 0.47421875 0.06701388888888889 0.012760416666666666
3 0.7642361111111111 0.22447916666666667 0.24930555555555556 0.06458333333333334
3 0.753125 0.26953125 0.22708333333333333 0.021354166666666667
3 0.7497986111111111 0.29801041666666667 0.19275694444444447 0.020705729166666607
3 0.7482152777777779 0.3217135416666667 0.18323263888888883 0.01516666666666661
3 0.7499513888888889 0.34158333333333335 0.1665173611111111 0.014945312499999967
3 0.7505972222222224 0.36356249999999996 0.1543645833333333 0.014455729166666724
3 0.757736111111111 0.38477083333333334 0.17212152777777778 0.014606770833333371
3 0.7542638888888888 0.40452604166666667 0.1394826388888889 0.011817708333333362
3 0.7645347222222223 0.4262916666666667 0.17495138888888886 0.021531250000000075
2 0.32436111111111116 0.5802656250000001 0.21063194444444455 0.011994791666666652
2 0.32660416666666664 0.6197291666666668 0.18584375 0.012593750000000034
2 0.32222222222222224 0.6376354166666667 0.15315277777777775 0.011276041666666714
2 0.32232638888888887 0.6740572916666667 0.16618750000000013 0.011593750000000114
2 0.3277222222222222 0.74909375 0.14919791666666668 0.010393229166666629
2 0.33434722222222224 0.8041510416666667 0.1375 0.012281249999999962
0 0.32617361111111115 0.55703125 0.20582291666666677 0.017125000000000057
0 0.325798611111111 0.6557552083333333 0.19390972222222225 0.008796874999999933
0 0.3208888888888889 0.6939427083333333 0.17345138888888886 0.013411458333333333
0 0.3317847222222222 0.8400520833333334 0.18611111111111112 0.008999999999999867
0 0.32559027777777777 0.8764375 0.14919791666666668 0.012971354166666772
3 0.3263333333333333 0.5998177083333334 0.176173611111111 0.013999999999999938
3 0.3269236111111111 0.8222604166666667 0.16602430555555558 0.009679687500000018
1 0.32900694444444445 0.7124375000000001 0.1629791666666667 0.015882812499999944
1 0.32857638888888885 0.7293854166666667 0.1444965277777778 0.013520833333333352
1 0.3284722222222222 0.76471875 0.1679479166666667 0.01808333333333323
1 0.3353611111111111 0.7862343749999999 0.13696527777777778 0.01255468750000001
1 0.336375 0.856953125 0.13840972222222234 0.015526041666666638