1 0.10321969696969698 0.4978723404255319 0.20643939393939395 0.03829787234042553
1 0.10321969696969698 0.46382978723404256 0.20643939393939395 0.03404255319148936
1 0.08806818181818182 0.4308510638297872 0.17613636363636365 0.04042553191489362
1 0.07196969696969698 0.39680851063829786 0.14393939393939395 0.031914893617021274
1 0.05587121212121212 0.36436170212765956 0.11174242424242424 0.03297872340425532
1 0.04924242424242424 0.33191489361702126 0.09848484848484848 0.029787234042553193
1 0.04734848484848485 0.3021276595744681 0.0946969696969697 0.031914893617021274
1 0.038825757575757576 0.275531914893617 0.07765151515151515 0.027659574468085105
1 0.03314393939393939 0.2478723404255319 0.06628787878787878 0.031914893617021274
1 0.028409090909090908 0.22021276595744682 0.056818181818181816 0.029787234042553193
1 0.019886363636363636 0.1920212765957447 0.03977272727272727 0.02021276595744681
0 0.021780303030303032 0.015957446808510637 0.043560606060606064 0.023404255319148935