2 0.4114583333333333 0.59375 0.3645833333333333 0.193359375
2 0.3958333333333333 0.7080078125 0.19618055555555555 0.0380859375
2 0.3871527777777778 0.72021484375 0.16666666666666666 0.0283203125
2 0.3758680555555556 0.732421875 0.16493055555555555 0.0302734375
2 0.3776041666666667 0.74560546875 0.13368055555555555 0.021484375
2 0.3385416666666667 0.748046875 0.11458333333333333 0.01953125
2 0.3237847222222222 0.75634765625 0.08680555555555555 0.0205078125
2 0.2986111111111111 0.76171875 0.0798611111111111 0.01953125
0 0.8055555555555556 0.1455078125 0.3888888888888889 0.1796875
0 0.7204861111111112 0.21826171875 0.11805555555555555 0.037109375
0 0.6857638888888888 0.236328125 0.11458333333333333 0.03125
0 0.6901041666666666 0.2578125 0.08333333333333333 0.0205078125
0 0.6822916666666666 0.27197265625 0.09722222222222222 0.0234375
0 0.6666666666666666 0.2861328125 0.0954861111111111 0.01953125
0 0.6640625 0.298828125 0.08680555555555555 0.0244140625
0 0.6493055555555556 0.31982421875 0.08333333333333333 0.0244140625
0 0.6553819444444444 0.33837890625 0.0625 0.015625
0 0.65625 0.35498046875 0.06597222222222222 0.0166015625
0 0.6215277777777778 0.37255859375 0.09895833333333333 0.025390625
0 0.6189236111111112 0.39013671875 0.0920138888888889 0.02734375
0 0.6137152777777778 0.4052734375 0.08854166666666667 0.0185546875
0 0.6137152777777778 0.42138671875 0.0798611111111111 0.0322265625
0 0.6050347222222222 0.43359375 0.08159722222222222 0.015625
0 0.6024305555555556 0.4443359375 0.07118055555555555 0.0224609375
0 0.5946180555555556 0.4580078125 0.06770833333333333 0.0234375
0 0.5807291666666666 0.4716796875 0.07118055555555555 0.0224609375
0 0.5789930555555556 0.48486328125 0.057291666666666664 0.0263671875
0 0.8810763888888888 0.29736328125 0.2378472222222222 0.1787109375
0 0.9036458333333334 0.3984375 0.19270833333333334 0.048828125
0 0.9036458333333334 0.41845703125 0.19270833333333334 0.0419921875
0 0.8897569444444444 0.435546875 0.2204861111111111 0.046875
0 0.9045138888888888 0.45947265625 0.1909722222222222 0.0419921875
0 0.8958333333333334 0.4775390625 0.20833333333333334 0.0390625
0 0.8923611111111112 0.49267578125 0.17881944444444445 0.029296875
0 0.8880208333333334 0.51025390625 0.19270833333333334 0.0380859375
0 0.8697916666666666 0.5283203125 0.1736111111111111 0.0322265625
0 0.8680555555555556 0.54345703125 0.1545138888888889 0.029296875
0 0.8350694444444444 0.552734375 0.19618055555555555 0.0341796875
0 0.8567708333333334 0.57177734375 0.140625 0.03125
0 0.8376736111111112 0.5859375 0.14930555555555555 0.0302734375