2 0.31354166666666666 0.24921875 0.4736111111111111 0.02109375
2 0.29791666666666666 0.32135416666666666 0.409375 0.0234375
2 0.315625 0.346875 0.378125 0.02109375
2 0.16770833333333332 0.3658854166666667 0.15729166666666666 0.02578125
2 0.41423611111111114 0.39036458333333335 0.146875 0.019010416666666665
0 0.33090277777777777 0.17005208333333333 0.5659722222222222 0.11432291666666666
3 0.29305555555555557 0.2908854166666667 0.41805555555555557 0.026302083333333334
3 0.8134583333333334 0.41115625 0.16218055555555552 0.0520234375
1 0.8064930555555555 0.461890625 0.12142361111111112 0.008973958333333342
2 0.8127083333333333 0.48032291666666665 0.10645833333333338 0.01073697916666679
2 0.81625 0.49381249999999993 0.10097222222222221 0.006520833333333324
2 0.8165972222222223 0.5069635416666666 0.0992361111111111 0.008476562500000047
2 0.8171875 0.5199114583333333 0.09600694444444445 0.010221354166666667
2 0.8167708333333334 0.531734375 0.0914236111111111 0.005901041666666629
3 0.8149305555555556 0.70859375 0.3701388888888889 0.034895833333333334
3 0.8149305555555556 0.7549479166666667 0.3701388888888889 0.0484375
3 0.8149305555555556 0.8177083333333334 0.3701388888888889 0.06875
0 0.8149305555555556 0.56796875 0.3701388888888889 0.05677083333333333
1 0.8149305555555556 0.6388020833333333 0.3701388888888889 0.06927083333333334
2 0.8149305555555556 0.89375 0.3701388888888889 0.07291666666666667
2 0.8149305555555556 0.9606770833333333 0.3701388888888889 0.04635416666666667