2 0.13452463566967385 0.39144270833333333 0.14875086745315755 0.03540364583333341
2 0.12126995142262317 0.42274999999999996 0.10149201943095072 0.012541666666666748
2 0.12300485773768216 0.43915624999999997 0.08726578764746704 0.016971354166666685
2 0.12109646079111729 0.4533020833333333 0.08501040943789036 0.007414062499999948
2 0.12838306731436502 0.46491666666666664 0.09646079111727966 0.009135416666666648
2 0.1320263705759889 0.47679166666666667 0.08032616238723109 0.0059062500000000755
2 0.12609299097848714 0.488796875 0.07404580152671751 0.006195312499999991
1 0.12317834836918806 0.4971770833333334 0.09611380985426787 0.010927083333333342
3 0.10860513532269257 0.5100677083333333 0.1119361554476058 0.013661458333333343
3 0.8684941013185288 0.22604166666666667 0.2630117973629424 0.0875
3 0.8795975017349064 0.30052083333333335 0.24080499653018736 0.040625
0 0.8789035392088828 0.36171875 0.24219292158223457 0.033854166666666664
0 0.8965995836224844 0.40520833333333334 0.20680083275503122 0.046875
0 0.9007633587786259 0.4546875 0.1984732824427481 0.04479166666666667
0 0.922970159611381 0.4984375 0.15405968077723803 0.03125
2 0.9018043025676613 0.5463541666666667 0.1963913948646773 0.029166666666666667
0 0.11489243580846635 0.706984375 0.10216516308119356 0.00907031250000004
0 0.11992366412213741 0.7171770833333333 0.09171408743927825 0.006338541666666705
0 0.12243580846634282 0.7255104166666667 0.11131505898681478 0.0056640625
0 0.1160235947258848 0.7342239583333333 0.09578417765440665 0.0049895833333333545
0 0.1233379597501735 0.7431510416666666 0.10505204718945177 0.008960937499999962
0 0.12165163081193617 0.7521041666666667 0.09674184594031929 0.006216145833333305
0 0.12311589174184595 0.760625 0.09285912560721725 0.007229166666666605
1 0.12039555863983345 0.7751458333333333 0.08680083275503118 0.006028645833333357
1 0.11853573907009021 0.7830989583333333 0.09672449687716864 0.006479166666666695
1 0.11619014573213048 0.7924166666666667 0.09486467730742536 0.009020833333333301
1 0.11626648160999306 0.8006979166666668 0.09651630811936154 0.009812499999999957
1 0.11439278278972936 0.8103541666666667 0.09276891047883415 0.00604166666666662
1 0.1172588480222068 0.818296875 0.09512838306731436 0.009536458333333305
1 0.11450381679389313 0.8269114583333333 0.0862387231089521 0.0076197916666667235
3 0.12646773074253992 0.8394010416666667 0.09591950034698128 0.005578125000000019
3 0.11510062456627343 0.8458072916666667 0.09043719639139482 0.007411458333333343
3 0.1181263011797363 0.8554791666666667 0.09310201249132549 0.006765625000000005
3 0.12283136710617627 0.8650260416666666 0.08488549618320607 0.006151041666666638
3 0.11775156141568356 0.8732604166666665 0.08335183900069397 0.008828125000000023
3 0.11564885496183207 0.8815000000000001 0.07614850798056906 0.005869791666666657
3 0.11986814712005549 0.88971875 0.0797085357390701 0.007677083333333338
3 0.12273421235253297 0.8988958333333333 0.08207494795281053 0.005765624999999967
3 0.12056210964607911 0.9068385416666668 0.0792227619708536 0.0058802083333333146
2 0.11949340735600278 0.9157552083333333 0.08046495489243584 0.0073854166666667
2 0.1186120749479528 0.923203125 0.09482997918112425 0.003984375000000048
2 0.11666204024982652 0.9314947916666667 0.08192227619708532 0.005645833333333291
2 0.12074947952810548 0.9395052083333333 0.08185287994448302 0.004494791666666723
2 0.12003469812630117 0.9481354166666667 0.08117279666897985 0.004578124999999981
2 0.11405274115197779 0.957359375 0.07633587786259542 0.007536458333333347
2 0.12814018043025677 0.9647760416666666 0.09587786259541986 0.005765624999999967
2 0.11951422623178348 0.9723385416666666 0.07862595419847329 0.005963541666666691