2 0.06076388888888889 0.2942708333333333 0.11631944444444445 0.03411458333333333
2 0.05694444444444444 0.32369791666666664 0.1076388888888889 0.003125
2 0.03263888888888889 0.33880208333333334 0.049305555555555554 0.0078125
2 0.034722222222222224 0.3497395833333333 0.06666666666666667 0.00625
2 0.044097222222222225 0.36015625 0.07881944444444444 0.005989583333333334
2 0.04722222222222222 0.3690104166666667 0.06944444444444445 0.007291666666666667
2 0.04618055555555556 0.37994791666666666 0.07083333333333333 0.009635416666666667
2 0.04895833333333333 0.3893229166666667 0.075 0.005208333333333333
2 0.05138888888888889 0.39895833333333336 0.07673611111111112 0.006510416666666667
2 0.6906666666666667 0.08219270833333331 0.3194444444444444 0.036937500000000005
2 0.6945972222222222 0.1166302083333333 0.29344097222222226 0.02351562499999993
2 0.6942916666666666 0.14417708333333337 0.30146527777777776 0.019411458333333322
2 0.6952152777777778 0.17277083333333335 0.30725347222222216 0.019067708333333398
2 0.6905833333333333 0.2011302083333333 0.2873472222222222 0.01692968749999994
2 0.6942152777777778 0.22879687499999998 0.2900451388888889 0.019015624999999994
2 0.6905833333333333 0.256171875 0.27739236111111104 0.021914062500000022
2 0.6942916666666666 0.28146354166666665 0.271375 0.01572395833333336
2 0.6932083333333333 0.30803125 0.26049305555555563 0.01896874999999992
2 0.6902777777777778 0.33284375 0.2833333333333333 0.017776041666666725
2 0.6896597222222223 0.35675 0.2820972222222222 0.02276041666666657
2 0.6902013888888889 0.3854583333333333 0.26620138888888883 0.015359374999999887
2 0.6736111111111112 0.40843229166666667 0.2376527777777778 0.0231197916666666
3 0.9145833333333333 0.44140625 0.17083333333333334 0.06822916666666666
2 0.08402777777777778 0.8841145833333334 0.16805555555555557 0.034895833333333334
2 0.05138888888888889 0.9322916666666666 0.10277777777777777 0.03333333333333333
2 0.07152777777777777 0.9815104166666667 0.14305555555555555 0.033854166666666664
1 0.103125 0.5223958333333333 0.20625 0.05625
1 0.10069444444444445 0.5721354166666667 0.2013888888888889 0.0453125
1 0.10347222222222222 0.609375 0.20694444444444443 0.04375
3 0.09166666666666666 0.6643229166666667 0.18333333333333332 0.03802083333333333
3 0.06770833333333333 0.70625 0.13541666666666666 0.04375
3 0.07569444444444444 0.7466145833333333 0.15138888888888888 0.028645833333333332
3 0.08368055555555555 0.7856770833333333 0.1673611111111111 0.03177083333333333
3 0.06701388888888889 0.8302083333333333 0.13402777777777777 0.036458333333333336
2 0.6736111111111112 0.52578125 0.3277777777777778 0.05572916666666667
2 0.6694444444444444 0.5682291666666667 0.3194444444444444 0.028125
2 0.6607638888888889 0.6609375 0.3020833333333333 0.025
2 0.6534722222222222 0.6940104166666666 0.2875 0.0265625
2 0.6520833333333333 0.7346354166666667 0.2847222222222222 0.022395833333333334
2 0.6472222222222223 0.7716145833333333 0.275 0.021354166666666667
2 0.6454861111111111 0.86015625 0.27152777777777776 0.021354166666666667
2 0.6552083333333333 0.8859375 0.29097222222222224 0.022916666666666665
2 0.6392361111111111 0.9244791666666666 0.2590277777777778 0.028125
2 0.6395833333333333 0.95546875 0.25972222222222224 0.024479166666666666
2 0.6336805555555556 0.9895833333333334 0.24791666666666667 0.020833333333333332
1 0.6680555555555555 0.61875 0.31666666666666665 0.0375
1 0.6423611111111112 0.8213541666666667 0.2652777777777778 0.023958333333333335