1 0.8611111111111112 0.4671875 0.2777777777777778 0.0265625
1 0.8611111111111112 0.4921875 0.2777777777777778 0.021875
1 0.8722222222222222 0.51640625 0.25555555555555554 0.028125
1 0.8840277777777777 0.541015625 0.23194444444444445 0.02109375
1 0.8958333333333334 0.56484375 0.20833333333333334 0.021875
1 0.9006944444444445 0.588671875 0.1986111111111111 0.01953125
1 0.9020833333333333 0.610546875 0.19583333333333333 0.02109375
1 0.9083333333333333 0.630078125 0.18333333333333332 0.01796875
1 0.9125 0.651171875 0.175 0.02109375
1 0.9159722222222222 0.670703125 0.16805555555555557 0.01953125
1 0.9222222222222223 0.691796875 0.15555555555555556 0.01171875
0 0.9361111111111111 0.7140625 0.12777777777777777 0.0234375
0 0.9513888888888888 0.7375 0.09722222222222222 0.0125
0 0.9472222222222222 0.758203125 0.10555555555555556 0.01328125
0 0.95 0.779296875 0.1 0.01171875
0 0.9333333333333333 0.800390625 0.13333333333333333 0.01328125
0 0.9208333333333333 0.82109375 0.15833333333333333 0.0140625
0 0.9256944444444445 0.84453125 0.1486111111111111 0.0171875
0 0.9263888888888889 0.862109375 0.14722222222222223 0.01328125
0 0.9270833333333334 0.8796875 0.14583333333333334 0.0140625
0 0.9291666666666667 0.89921875 0.14166666666666666 0.0140625
0 0.9222222222222223 0.916015625 0.15555555555555556 0.01640625
0 0.8398194444444443 0.9302578125000001 0.14259722222222232 0.0256718750000001