1 0.8645833333333334 0.4671875 0.2708333333333333 0.0296875
1 0.8645833333333334 0.4921875 0.2708333333333333 0.025
1 0.8756944444444444 0.51640625 0.24861111111111112 0.03125
1 0.8868055555555555 0.541015625 0.2263888888888889 0.02421875
1 0.8986111111111111 0.56484375 0.20277777777777778 0.025
1 0.9034722222222222 0.588671875 0.19305555555555556 0.02265625
1 0.9048611111111111 0.610546875 0.19027777777777777 0.02421875
1 0.9111111111111111 0.630078125 0.17777777777777778 0.02109375
1 0.9152777777777777 0.651171875 0.16944444444444445 0.02421875
1 0.91875 0.670703125 0.1625 0.02265625
1 0.9256944444444445 0.691796875 0.1486111111111111 0.01484375
0 0.9395833333333333 0.7140625 0.12083333333333333 0.0265625
0 0.9541666666666667 0.7375 0.09166666666666666 0.015625
0 0.9506944444444444 0.758203125 0.09861111111111111 0.01640625
0 0.9534722222222223 0.779296875 0.09305555555555556 0.01484375
0 0.9368055555555556 0.800390625 0.12638888888888888 0.01640625
0 0.9243055555555556 0.82109375 0.15138888888888888 0.0171875
0 0.9284722222222223 0.84453125 0.14305555555555555 0.0203125
0 0.9291666666666667 0.862109375 0.14166666666666666 0.01640625
0 0.9298611111111111 0.8796875 0.14027777777777778 0.0171875
0 0.9326388888888889 0.89921875 0.13472222222222222 0.0171875
0 0.9256944444444445 0.916015625 0.1486111111111111 0.01953125
0 0.8398194444444443 0.9302578125000001 0.13009722222222234 0.0287968750000001