3 0.7710590277777778 0.354375 0.4460590277777779 0.02594726562500005
3 0.7769097222222222 0.3828125 0.4461805555555556 0.015625
3 0.7689756944444445 0.413701171875 0.4372743055555556 0.01984375000000005
3 0.7697916666666667 0.4446875 0.4134201388888887 0.029746093750000036
3 0.7488368055555555 0.472041015625 0.4016145833333334 0.027148437499999956
3 0.7570659722222222 0.50380859375 0.4111111111111112 0.022988281249999964
3 0.7592534722222221 0.530244140625 0.3993055555555556 0.026386718749999982
3 0.760295138888889 0.562216796875 0.3898090277777777 0.01871093750000008
3 0.7741840277777778 0.58896484375 0.4083333333333332 0.02662109374999999
3 0.73078125 0.62158203125 0.2914409722222222 0.02806640625000001
2 0.75046875 0.025087890625 0.4835590277777777 0.028310546875000002
2 0.7647569444444444 0.05615234375 0.4704861111111111 0.0283203125
2 0.7864583333333334 0.08984375 0.4270833333333333 0.03125
2 0.7925347222222222 0.125 0.4149305555555556 0.02734375
2 0.7946701388888889 0.156162109375 0.40994791666666686 0.02977539062500001
2 0.7813715277777777 0.190771484375 0.3717534722222222 0.02712890625000003
2 0.7854166666666667 0.2222265625 0.37291666666666656 0.039248046875
2 0.7984895833333334 0.255625 0.3967534722222222 0.03287109374999997
2 0.7932812500000002 0.289619140625 0.3793923611111111 0.029492187500000044
2 0.8008159722222222 0.3223046875 0.37361111111111117 0.029765625000000018
1 0.7584548611111112 0.653857421875 0.3213020833333332 0.01968750000000008
1 0.7508159722222223 0.6787890625 0.3847222222222221 0.02919921875000009
1 0.74953125 0.708154296875 0.34282986111111113 0.021523437499999964
1 0.7513888888888889 0.7370703125 0.3465277777777778 0.02726562500000007
1 0.7444444444444445 0.763564453125 0.33263888888888893 0.019062499999999982
1 0.7459548611111112 0.788642578125 0.3055555555555556 0.021025390624999973
0 0.7579861111111111 0.81734375 0.35741319444444464 0.019843749999999938
0 0.7520833333333332 0.8460546875 0.37105902777777783 0.023886718750000036
0 0.7338020833333334 0.876142578125 0.3391145833333334 0.02416015625000001
0 0.7291666666666666 0.901796875 0.3854166666666667 0.031191406250000053
0 0.7472222222222222 0.94060546875 0.36597222222222214 0.03068359375000007
0 0.7424826388888889 0.968798828125 0.3217534722222223 0.01805664062500001
0 0.7372743055555556 0.990947265625 0.34144097222222214 0.018095703124999973