3 0.23020833333333332 0.027604166666666666 0.46041666666666664 0.05520833333333333
3 0.23502604166666666 0.09367708333333334 0.447265625 0.060341145833333346
3 0.24322916666666666 0.155140625 0.4328125 0.0619114583333334
2 0.2604166666666667 0.2358802083333333 0.36041666666666666 0.03640104166666672
2 0.24830729166666668 0.286796875 0.2897135416666667 0.036536458333333265
2 0.2625 0.3391458333333333 0.2760416666666667 0.02274218749999998
2 0.218359375 0.37456770833333336 0.29205729166666666 0.03212239583333343
2 0.23489583333333333 0.4252291666666667 0.23177083333333334 0.03303906249999997
2 0.23736979166666666 0.46702604166666667 0.219921875 0.023018229166666515
2 0.22552083333333334 0.49255208333333333 0.3260416666666667 0.044898437499999964
3 0.7848958333333333 0.56484375 0.43020833333333336 0.009895833333333333
3 0.7729166666666667 0.5986979166666667 0.40625 0.044270833333333336
3 0.7705729166666667 0.6614583333333334 0.4015625 0.065625
2 0.7848958333333333 0.7372395833333333 0.43020833333333336 0.07135416666666666
2 0.77890625 0.8041666666666667 0.41822916666666665 0.04791666666666667
2 0.7947916666666667 0.8647447916666666 0.3963541666666667 0.052114583333333304
2 0.7736979166666667 0.9280364583333333 0.37890625 0.055507812499999906
2 0.7848958333333333 0.9796875 0.390625 0.040625