3 0.23333333333333334 0.08932291666666667 0.4666666666666667 0.09739583333333333
3 0.23541666666666666 0.17473958333333334 0.4708333333333333 0.0640625
3 0.2421875 0.236390625 0.40989583333333335 0.058786458333333395
2 0.259375 0.31713020833333333 0.34739583333333335 0.035359375000000054
2 0.247265625 0.368046875 0.30377604166666666 0.03809895833333326
2 0.26145833333333335 0.4203958333333333 0.2708333333333333 0.022221354166666648
2 0.21731770833333333 0.45581770833333335 0.2805989583333333 0.030559895833333427
2 0.23385416666666667 0.5064791666666667 0.24791666666666667 0.03564322916666664
0 0.6991927083333334 0.3354375 0.1518463541666667 0.018721354166666516
0 0.6990520833333332 0.49090625 0.16055989583333327 0.015898437500000046
2 0.7118854166666667 0.17531249999999995 0.1794036458333334 0.06020833333333329
2 0.7082864583333333 0.22238020833333336 0.1426145833333333 0.017502604166666675
2 0.713921875 0.2435 0.14015104166666675 0.013385416666666572
2 0.6962604166666667 0.25860416666666663 0.13115624999999997 0.017270833333333256
2 0.7038333333333334 0.27896874999999993 0.12736718749999992 0.010833333333333427
2 0.6976041666666667 0.3173802083333333 0.13163281249999995 0.009184895833333448
2 0.699375 0.35560416666666667 0.09329947916666666 0.011440104166666505
2 0.7017343749999999 0.36925520833333336 0.10034635416666665 0.007898437499999982
2 0.6960416666666667 0.406921875 0.11735937499999996 0.013151041666666667
2 0.6927447916666668 0.42213541666666665 0.11395833333333331 0.017739583333333305
2 0.6954843749999999 0.44113020833333333 0.10902604166666663 0.014755208333333296
2 0.6986458333333334 0.45640624999999996 0.10215104166666661 0.011984375000000113
2 0.698265625 0.4720364583333333 0.0868072916666667 0.011291666666666582
1 0.6984010416666666 0.38807812499999994 0.10652604166666665 0.013093749999999934
3 0.6993072916666667 0.2983489583333333 0.13472395833333337 0.014755208333333296
1 0.632421875 0.55778125 0.21966145833333334 0.02757552083333342
1 0.6378281250000001 0.6251666666666668 0.2001953125 0.020609374999999968
1 0.6330729166666667 0.647109375 0.18776041666666668 0.02158854166666675
1 0.6399114583333334 0.7568645833333334 0.18509114583333333 0.022749999999999916
2 0.6318385416666668 0.59528125 0.18274739583333333 0.02965625000000003
2 0.6295572916666666 0.6788020833333334 0.18463541666666666 0.02244791666666662
3 0.640234375 0.7035364583333333 0.21119791666666668 0.019833333333333297
0 0.642515625 0.726203125 0.175390625 0.01829166666666661
0 0.63984375 0.7855885416666666 0.1765625 0.02247395833333338