2 0.49140625 0.20963541666666666 0.14322916666666666 0.015104166666666667
2 0.47682291666666665 0.27291666666666664 0.1140625 0.010416666666666666
2 0.47552083333333334 0.2869791666666667 0.11145833333333334 0.009375
2 0.4783854166666667 0.3072916666666667 0.1171875 0.011458333333333333
2 0.4708333333333333 0.3229166666666667 0.10208333333333333 0.009375
2 0.4744791666666667 0.37473958333333335 0.109375 0.0109375
2 0.46458333333333335 0.39114583333333336 0.08958333333333333 0.013541666666666667
2 0.475 0.409375 0.11041666666666666 0.014583333333333334
0 0.4583333333333333 0.34296875 0.07708333333333334 0.015104166666666667
1 0.4703125 0.23385416666666667 0.10104166666666667 0.0125
1 0.4765625 0.2515625 0.11354166666666667 0.009375
1 0.4669270833333333 0.35963541666666665 0.09427083333333333 0.009895833333333333
2 0.3359375 0.58671875 0.16770833333333332 0.034895833333333334
2 0.34375 0.6309895833333333 0.15208333333333332 0.025520833333333333
2 0.34791666666666665 0.6658854166666667 0.14375 0.027604166666666666
2 0.3606770833333333 0.7036458333333333 0.11822916666666666 0.016666666666666666
2 0.35598958333333336 0.7299479166666667 0.12760416666666666 0.016145833333333335
2 0.34791666666666665 0.7682291666666666 0.14375 0.020833333333333332
2 0.36223958333333334 0.8005208333333333 0.11510416666666666 0.013541666666666667
2 0.35104166666666664 0.8252604166666667 0.1375 0.016145833333333335
2 0.3606770833333333 0.85859375 0.11822916666666666 0.018229166666666668
2 0.359375 0.8856770833333333 0.12083333333333333 0.018229166666666668
2 0.35651041666666666 0.9169270833333333 0.1265625 0.0171875
2 0.3511927083333333 0.9424739583333334 0.12440625000000007 0.015895833333333324
2 0.359375 0.9677083333333333 0.12083333333333333 0.014583333333333334
2 0.3614583333333333 0.9921875 0.11666666666666667 0.013541666666666667
3 0.3255208333333333 0.43723958333333335 0.18854166666666666 0.015104166666666667
3 0.3268229166666667 0.4674479166666667 0.1859375 0.033854166666666664
3 0.32890625 0.5033854166666667 0.18177083333333333 0.030729166666666665
3 0.3338541666666667 0.540625 0.171875 0.03229166666666667