3 0.5151041666666667 0.04635416666666667 0.309375 0.09270833333333334
3 0.525 0.12864583333333332 0.28958333333333336 0.065625
3 0.5421875 0.19036458333333334 0.2552083333333333 0.06197916666666667
2 0.5723958333333333 0.2708333333333333 0.19479166666666667 0.035416666666666666
2 0.5755208333333334 0.3221354166666667 0.18854166666666666 0.0390625
2 0.59375 0.37421875 0.15208333333333332 0.021354166666666667
2 0.565625 0.40963541666666664 0.20833333333333334 0.03177083333333333
2 0.5846354166666666 0.46041666666666664 0.1703125 0.035416666666666666
2 0.5955729166666667 0.5020833333333333 0.1484375 0.021875
2 0.5700520833333333 0.5140625 0.19947916666666668 0.011458333333333333
2 0.8341145833333333 0.028125 0.32864583333333336 0.034375
2 0.8027656249999999 0.08672916666666666 0.23779687500000002 0.03963541666666665
2 0.8157135416666667 0.13740625000000004 0.20758854166666668 0.024088541666666668
2 0.8244947916666666 0.17141145833333335 0.21458333333333332 0.03160937500000003
2 0.8267239583333333 0.21216666666666667 0.1732135416666667 0.023697916666666666
2 0.846515625 0.25264583333333335 0.1882447916666666 0.023031250000000014
2 0.8372916666666667 0.2809947916666667 0.17157812500000003 0.012692708333333276
2 0.9768229166666667 0.159375 0.04635416666666667 0.16145833333333334
3 0.12369791666666667 0.60390625 0.24739583333333334 0.0265625
3 0.12014062499999997 0.783125 0.21932812499999996 0.03434114583333343
3 0.13107812500000002 0.8135677083333334 0.1991901041666667 0.02317447916666661
2 0.12760416666666666 0.5372395833333333 0.21875 0.034895833333333334
2 0.13964062500000002 0.5693125 0.22696875 0.03711979166666666
2 0.13414583333333335 0.6410572916666666 0.22407291666666668 0.027833333333333363
2 0.1387135416666667 0.6750885416666667 0.20196874999999997 0.03571354166666663
2 0.12621354166666665 0.7117291666666666 0.19085416666666663 0.02449479166666665
2 0.128703125 0.7434427083333333 0.18310416666666665 0.03237500000000004
2 0.12546354166666665 0.8440572916666667 0.15810416666666663 0.012531249999999971
2 0.09016145833333335 0.9283281250000001 0.14536979166666666 0.03292708333333323
2 0.08599479166666667 0.9577864583333333 0.13703645833333333 0.01661458333333338
2 0.09953645833333334 0.9815729166666666 0.14791666666666667 0.023682291666666563
1 0.11573958333333335 0.8669895833333333 0.2127291666666667 0.021364583333333322
0 0.1148125 0.8905989583333334 0.17384375 0.022281250000000103
3 0.835453125 0.9857708333333334 0.12243229166666669 0.019177083333333417
2 0.826375 0.879109375 0.1731015625 0.06348437500000005
2 0.8225052083333334 0.9248697916666667 0.1365703125 0.017653645833333325
2 0.8310260416666666 0.9675104166666666 0.10870572916666668 0.01126041666666661
1 0.8391354166666666 0.9463385416666666 0.10520833333333333 0.012335937499999972