3 0.40963541666666664 0.06848958333333334 0.4005208333333333 0.1015625
3 0.42265625 0.15390625 0.37447916666666664 0.06614583333333333
3 0.4393229166666667 0.21536458333333333 0.3411458333333333 0.06302083333333333
2 0.47239583333333335 0.29609375 0.275 0.034895833333333334
2 0.47760416666666666 0.346875 0.26458333333333334 0.0375
2 0.4895833333333333 0.39921875 0.240625 0.0234375
2 0.4630208333333333 0.43463541666666666 0.29375 0.0328125
2 0.48125 0.4856458333333334 0.23697916666666666 0.034080729166666636
2 0.4837239583333333 0.5274427083333334 0.23658854166666668 0.024580729166666516
2 0.46458333333333335 0.5526041666666667 0.290625 0.041666666666666664
3 0.76796875 0.17057291666666666 0.31614583333333335 0.059895833333333336
2 0.7802083333333333 0.016666666666666666 0.340625 0.03333333333333333
2 0.7489583333333333 0.06848958333333334 0.278125 0.050520833333333334
2 0.7427083333333333 0.2296875 0.265625 0.036458333333333336
2 0.7375 0.28932291666666665 0.2552083333333333 0.05677083333333333
2 0.728125 0.35963541666666665 0.23645833333333333 0.0546875
2 0.725 0.4234375 0.23020833333333332 0.04583333333333333
2 0.7299479166666667 0.475 0.24010416666666667 0.0375
2 0.7299479166666667 0.5307291666666667 0.24010416666666667 0.03854166666666667
3 0.6768229166666667 0.95 0.13385416666666666 0.021875
3 0.6677083333333333 0.9747395833333333 0.115625 0.0203125
3 0.6619791666666667 0.9958333333333333 0.10416666666666667 0.008333333333333333
0 0.68359375 0.8356770833333333 0.14739583333333334 0.0203125
0 0.6783854166666666 0.8604166666666667 0.13697916666666668 0.017708333333333333
0 0.6822916666666666 0.8828125 0.14479166666666668 0.021875
0 0.6807291666666667 0.9075520833333334 0.14166666666666666 0.027604166666666666