3 0.35494791666666664 0.059375 0.3494791666666667 0.0798611111111111
2 0.37864583333333335 0.16666666666666666 0.3020833333333333 0.04861111111111111
2 0.3846354166666667 0.23506944444444444 0.29010416666666666 0.052083333333333336
2 0.3966145833333333 0.30451388888888886 0.26614583333333336 0.03125
2 0.36471354166666664 0.35220138888888897 0.2936197916666667 0.0428298611111112
2 0.3809895833333333 0.40243055555555557 0.25364583333333335 0.014583333333333334
3 0.33880208333333334 0.4166666666666667 0.16614583333333333 0.013888888888888888
3 0.34661458333333334 0.4371527777777778 0.17526041666666667 0.014583333333333334
3 0.34427083333333336 0.45416666666666666 0.15911458333333334 0.011111111111111112
3 0.33177083333333335 0.4670138888888889 0.14557291666666666 0.011111111111111112
3 0.328125 0.48020833333333335 0.121875 0.006944444444444444
3 0.325 0.4909722222222222 0.14296875 0.0125
3 0.3390625 0.5038194444444445 0.1234375 0.013541666666666667