3 0.4625 0.09765625 0.3541666666666667 0.0953125
3 0.46770833333333334 0.18307291666666667 0.34375 0.06614583333333333
3 0.48723958333333334 0.24427083333333333 0.3046875 0.06145833333333333
2 0.5140625 0.325 0.25104166666666666 0.036458333333333336
2 0.528125 0.37604166666666666 0.22291666666666668 0.034375
2 0.5395833333333333 0.4283854166666667 0.2 0.021354166666666667
2 0.5122395833333333 0.46380208333333334 0.2546875 0.030729166666666665
2 0.5286458333333334 0.5145833333333333 0.221875 0.035416666666666666
2 0.5341145833333333 0.55625 0.2109375 0.023958333333333335
2 0.5065104166666666 0.58203125 0.26614583333333336 0.043229166666666666
2 0.7856770833333333 0.4432291666666667 0.2921875 0.08333333333333333
2 0.7864583333333334 0.5020833333333333 0.29375 0.042708333333333334
2 0.77734375 0.5447916666666667 0.2755208333333333 0.035416666666666666
2 0.7783854166666667 0.5898749999999999 0.27369791666666665 0.03351822916666668
2 0.7838541666666666 0.6216145833333333 0.2520833333333333 0.016145833333333335
3 0.8666666666666667 0.7674479166666667 0.26666666666666666 0.13385416666666666
3 0.8628489583333334 0.8722916666666667 0.19322916666666667 0.020250000000000056
3 0.8666666666666667 0.8905208333333333 0.11371614583333335 0.010140625000000014
2 0.8648020833333334 0.9057447916666667 0.13589322916666668 0.016244791666666696
2 0.8640625 0.9259270833333333 0.11440885416666664 0.01690104166666669
2 0.8616302083333333 0.9424635416666667 0.09340364583333333 0.011302083333333357
2 0.8638437499999999 0.9548385416666666 0.11427864583333334 0.011606770833333257
2 0.8690989583333334 0.966859375 0.10833333333333334 0.0077473958333333336
2 0.862890625 0.9792343750000001 0.098046875 0.010830729166666586
2 0.8685781250000001 0.9904322916666667 0.09392447916666666 0.00744531249999992
2 0.87109375 0.9986979166666666 0.09322916666666667 0.0026041666666666665