1 0.43194444444444446 0.39921875 0.17708333333333334 0.011979166666666667
1 0.42743055555555554 0.41432291666666665 0.21319444444444444 0.017708333333333333
1 0.4267361111111111 0.4322916666666667 0.1892361111111111 0.013020833333333334
1 0.42777777777777776 0.45 0.19131944444444443 0.016666666666666666
1 0.4239583333333333 0.4661458333333333 0.18333333333333332 0.01171875
1 0.42465277777777777 0.48151041666666666 0.16805555555555557 0.012760416666666666
0 0.43159722222222224 0.49895833333333334 0.19756944444444444 0.012239583333333333
0 0.428125 0.51640625 0.20520833333333333 0.014583333333333334
0 0.41770833333333335 0.5348958333333333 0.18715277777777778 0.01484375
0 0.4152777777777778 0.5505208333333333 0.21354166666666666 0.019010416666666665
0 0.4253472222222222 0.57421875 0.20243055555555556 0.01875
0 0.42291666666666666 0.59140625 0.17743055555555556 0.0109375
0 0.4197916666666667 0.6049479166666667 0.18854166666666666 0.0109375
2 0.7478125 0.7518593750000001 0.16413194444444446 0.03904947916666674
2 0.7345486111111111 0.7831666666666666 0.1015625 0.012541666666666748
2 0.7362847222222222 0.7995729166666666 0.08246527777777778 0.01592968750000002
2 0.734375 0.81371875 0.08645833333333333 0.007934895833333282
2 0.7416666666666667 0.8253333333333333 0.09513888888888888 0.009135416666666648
2 0.7453125 0.8372083333333333 0.08246527777777778 0.0059062500000000755
2 0.739375 0.8492135416666666 0.08277777777777773 0.006976562499999991
1 0.7364583333333333 0.8575937499999999 0.10173611111111111 0.011447916666666676
3 0.721875 0.870484375 0.10645833333333331 0.012619791666666677