3 0.6582278481012658 0.7280868385345998 0.5226039783001808 0.16105834464043425
3 0.6703164556962026 0.8476662143826323 0.4328661844484629 0.057618724559022956
0 0.12974683544303797 0.6763907734056988 0.25949367088607594 0.1546811397557666
0 0.10714285714285714 0.7842605156037992 0.21428571428571427 0.04477611940298507
0 0.08815551537070525 0.8327679782903663 0.1763110307414105 0.041383989145183174
1 0.6929475587703435 0.5257394843962009 0.3616636528028933 0.09670284938941653
1 0.6943942133815552 0.5888466757123474 0.325497287522604 0.021383989145183163
1 0.8103074141048825 0.6151085481682497 0.11175406871609395 0.02641112618724548
2 0.3160940325497288 0.4899796472184532 0.31392405063291146 0.09358208955223885
2 0.3028028933092224 0.5608887381275441 0.3405063291139242 0.030189959294436908
2 0.37034358047016275 0.5929850746268657 0.1707052441229656 0.033738127544097704
2 0.37486437613019896 0.6180189959294438 0.11681735985533458 0.04238805970149255
2 0.1801084990958409 0.5212618724559023 0.001446654611211491 0.0707462686567164