3 0.2465277777777778 0.325 0.16458333333333333 0.30104166666666665
3 0.12395833333333334 0.31796875 0.059027777777777776 0.24947916666666667
0 0.2989583333333333 0.68671875 0.15902777777777777 0.2640625
0 0.18854166666666666 0.7 0.04652777777777778 0.23854166666666668
0 0.1388888888888889 0.7229166666666667 0.043055555555555555 0.23958333333333334
1 0.4534722222222222 0.30494791666666665 0.09930555555555555 0.20833333333333334
1 0.3888888888888889 0.30416666666666664 0.022222222222222223 0.1875
1 0.36215277777777777 0.2375 0.027083333333333334 0.06458333333333334
2 0.49027777777777776 0.5221354166666666 0.09583333333333334 0.18072916666666666
2 0.4173611111111111 0.5296875 0.030555555555555555 0.19635416666666666
2 0.38472222222222224 0.4908854166666667 0.034722222222222224 0.0984375
2 0.3590277777777778 0.48828125 0.043055555555555555 0.0671875
2 0.4579861111111111 0.6005208333333333 0.07222222222222222 0.0010416666666666667