3 0.26666666666666666 0.6901041666666666 0.4013888888888889 0.1234375
3 0.25729166666666664 0.78203125 0.3326388888888889 0.044270833333333336
0 0.7489583333333333 0.65078125 0.35208333333333336 0.11927083333333334
0 0.7666666666666667 0.73359375 0.31805555555555554 0.034895833333333334
0 0.7972222222222223 0.7708333333333334 0.3194444444444444 0.03229166666666667
1 0.23993055555555556 0.5348958333333333 0.2777777777777778 0.07447916666666667
1 0.2388888888888889 0.5833333333333334 0.25 0.016666666666666666
1 0.15 0.6033854166666667 0.08611111111111111 0.0203125
2 0.5295138888888888 0.5072916666666667 0.24097222222222223 0.071875
2 0.5395833333333333 0.5619791666666667 0.26180555555555557 0.022916666666666665
2 0.4878472222222222 0.5864583333333333 0.13125 0.026041666666666668
2 0.484375 0.6057291666666667 0.08958333333333333 0.03229166666666667
2 0.6340277777777777 0.5315104166666667 0.001388888888888889 0.05416666666666667