3 0.6649305555555556 0.7268229166666667 0.42916666666666664 0.19270833333333334
3 0.6444444444444445 0.8177083333333334 0.3368055555555556 0.103125
0 0.20972222222222223 0.6010416666666667 0.3798611111111111 0.17916666666666667
0 0.16597222222222222 0.6783854166666666 0.32013888888888886 0.09114583333333333
0 0.1423611111111111 0.70859375 0.2847222222222222 0.0890625
1 0.7409722222222223 0.5809895833333333 0.29375 0.12239583333333333
1 0.7263888888888889 0.628125 0.24791666666666667 0.06145833333333333
1 0.80625 0.6638020833333333 0.08958333333333333 0.035416666666666666
2 0.4690972222222222 0.5018229166666667 0.2569444444444444 0.11354166666666667
2 0.44166666666666665 0.5528645833333333 0.2611111111111111 0.06979166666666667
2 0.4840277777777778 0.5861979166666667 0.13541666666666666 0.04895833333333333
2 0.48125 0.60546875 0.09722222222222222 0.04791666666666667
2 0.36006944444444444 0.50625 0.01875 0.053125