3 0.09131944444444444 0.36640625 0.18263888888888888 0.08697916666666666
0 0.4652777777777778 0.3375 0.26944444444444443 0.10833333333333334
1 0.05763888888888889 0.22161458333333334 0.11527777777777778 0.07135416666666666
1 0.046875 0.27005208333333336 0.09375 0.015104166666666667
2 0.27041666666666664 0.194390625 0.222638888888889 0.06613020833333341
2 0.280625 0.248828125 0.2550694444444444 0.022526041666666666
2 0.22874999999999998 0.27346875 0.11694444444444435 0.02284635416666655
2 0.22527777777777777 0.29268750000000004 0.08652777777777787 0.03137499999999989
2 0.3748611111111111 0.21840625000000002 0.000555555555555524 0.04694791666666672
0 0.24479166666666666 0.4161458333333333 0.14097222222222222 0.00703125
0 0.24513888888888888 0.4276041666666667 0.1267361111111111 0.00859375
0 0.24895833333333334 0.4388020833333333 0.1423611111111111 0.008072916666666667
0 0.24756944444444445 0.44947916666666665 0.12708333333333333 0.004427083333333333
0 0.24340277777777777 0.46015625 0.13541666666666666 0.01171875
0 0.23645833333333333 0.47213541666666664 0.11145833333333334 0.011458333333333333