3 0.3255148741418764 0.38379073756432247 0.6510297482837528 0.2032590051457976
3 0.3050686498855835 0.2320240137221269 0.5477688787185355 0.0728387650085762
0 0.9124713958810069 0.4485420240137221 0.17505720823798626 0.1955403087478559
0 0.9410755148741419 0.31217838765008576 0.11784897025171624 0.05660377358490566
1 0.2764302059496568 0.6389879931389365 0.4576659038901602 0.1222469982847341
1 0.2745995423340961 0.5592109777015437 0.41189931350114417 0.02703259005145796
1 0.1279176201372998 0.5260120068610634 0.14141876430205952 0.03338765008576315
2 0.7533180778032036 0.6841938250428816 0.3972540045766591 0.11830188679245288
2 0.7701372997711671 0.5945540308747856 0.43089244851258596 0.03816466552315609
2 0.6846681922196796 0.5539794168096055 0.21601830663615557 0.04265008576329333
2 0.6789473684210526 0.5223327615780445 0.1478260869565218 0.05358490566037737
2 0.9254004576659038 0.6446483704974271 0.0018306636155605367 0.08943396226415092