3 0.26666666666666666 0.30979166666666663 0.40208333333333335 0.12364583333333339
3 0.25738194444444445 0.21798958333333332 0.33315972222222223 0.044234374999999916
0 0.7489583333333333 0.3491822916666667 0.3527777777777778 0.11907812500000006
0 0.7666666666666667 0.26636458333333335 0.31875 0.034713541666666715
0 0.7970486111111111 0.2291875 0.32048611111111114 0.032250000000000036
1 0.24000000000000002 0.46513541666666663 0.27847222222222223 0.07423958333333332
1 0.2388888888888889 0.4166875 0.25069444444444444 0.016416666666666656
1 0.1498611111111111 0.3965260416666666 0.08652777777777779 0.02027604166666658
2 0.5294444444444444 0.49258854166666666 0.24180555555555558 0.07184375000000003
2 0.5396527777777778 0.4381510416666667 0.2622222222222223 0.023177083333333334
2 0.48777777777777775 0.4135104166666667 0.13180555555555554 0.025901041666666676
2 0.48430555555555554 0.39429166666666665 0.0904166666666667 0.03254166666666668
2 0.6338888888888888 0.4685729166666667 0.0018055555555554924 0.054312499999999986