3 0.2560283687943262 0.7027659574468086 0.4099290780141844 0.1262765957446809
3 0.24654609929078014 0.7965212765957447 0.3395390070921986 0.04517553191489353
0 0.7485815602836879 0.6625372340425532 0.3595744680851064 0.12161170212765963
0 0.7666666666666667 0.7471170212765957 0.324822695035461 0.03545212765957451
0 0.797695035460993 0.7850851063829788 0.32659574468085106 0.03293617021276599
1 0.22879432624113477 0.5441170212765958 0.28368794326241137 0.0758191489361702
1 0.2276595744680851 0.5935957446808511 0.2553191489361702 0.0167659574468085
1 0.13673758865248228 0.614186170212766 0.08765957446808512 0.02070744680851055
2 0.5243971631205674 0.5160797872340426 0.2462411347517731 0.07337234042553194
2 0.534822695035461 0.5716755319148936 0.26709219858156036 0.023670212765957446
2 0.4818439716312057 0.5968404255319149 0.1339007092198581 0.026452127659574477
2 0.47829787234042553 0.616468085106383 0.0916312056737589 0.0332340425531915
2 0.631063829787234 0.5406063829787234 0.001134751773049581 0.055468085106382965