3 0.26666666666666666 0.6902083333333333 0.41041666666666665 0.12208333333333338
3 0.25738194444444445 0.7820104166666667 0.34149305555555554 0.042671874999999915
0 0.7489583333333333 0.6508177083333333 0.3611111111111111 0.11751562500000005
0 0.7666666666666667 0.7336354166666667 0.32708333333333334 0.033151041666666714
0 0.7970486111111111 0.7708125 0.32881944444444444 0.030687500000000038
1 0.24000000000000002 0.5348645833333333 0.28680555555555554 0.07267708333333331
1 0.2388888888888889 0.5833125 0.2590277777777778 0.014854166666666658
1 0.1498611111111111 0.6034739583333334 0.09486111111111113 0.01871354166666658
2 0.5294444444444444 0.5074114583333333 0.2501388888888889 0.07028125000000003
2 0.5396527777777778 0.5618489583333334 0.27055555555555566 0.021614583333333333
2 0.48777777777777775 0.5864895833333333 0.14013888888888887 0.024338541666666675
2 0.48430555555555554 0.6057083333333334 0.09875000000000003 0.030979166666666676
2 0.6338888888888888 0.5314270833333333 0.010138888888888826 0.052749999999999984