3 0.7534722222222222 0.675 0.16458333333333333 0.30104166666666665
3 0.8760416666666667 0.68203125 0.059027777777777776 0.24947916666666667
0 0.7010416666666667 0.31328125 0.15902777777777777 0.2640625
0 0.8114583333333333 0.3 0.04652777777777778 0.23854166666666668
0 0.8611111111111112 0.27708333333333335 0.043055555555555555 0.23958333333333334
1 0.5465277777777777 0.6950520833333333 0.09930555555555555 0.20833333333333334
1 0.6111111111111112 0.6958333333333333 0.022222222222222223 0.1875
1 0.6378472222222222 0.7625 0.027083333333333334 0.06458333333333334
2 0.5097222222222222 0.4778645833333333 0.09583333333333334 0.18072916666666666
2 0.5826388888888889 0.4703125 0.030555555555555555 0.19635416666666666
2 0.6152777777777778 0.5091145833333334 0.034722222222222224 0.0984375
2 0.6409722222222223 0.51171875 0.043055555555555555 0.0671875
2 0.5420138888888889 0.39947916666666666 0.07222222222222222 0.0010416666666666667