3 0.7333333333333333 0.3098958333333333 0.4013888888888889 0.1234375
3 0.7427083333333333 0.21796875 0.3326388888888889 0.044270833333333336
0 0.25104166666666666 0.34921875 0.35208333333333336 0.11927083333333334
0 0.23333333333333334 0.26640625 0.31805555555555554 0.034895833333333334
0 0.203125 0.22916666666666666 0.3194444444444444 0.03229166666666667
1 0.7600694444444445 0.46510416666666665 0.2777777777777778 0.07447916666666667
1 0.7611111111111111 0.4166666666666667 0.25 0.016666666666666666
1 0.85 0.3966145833333333 0.08611111111111111 0.0203125
2 0.4704861111111111 0.49270833333333336 0.24097222222222223 0.071875
2 0.46041666666666664 0.43802083333333336 0.26180555555555557 0.022916666666666665
2 0.5121527777777778 0.41354166666666664 0.13125 0.026041666666666668
2 0.515625 0.39427083333333335 0.08958333333333333 0.03229166666666667
2 0.3659722222222222 0.46848958333333335 0.001388888888888889 0.05416666666666667