3 0.08472222222222223 0.4088541666666667 0.16944444444444445 0.11041666666666666
1 0.08472222222222223 0.25338541666666664 0.16944444444444445 0.06822916666666666
1 0.08472222222222223 0.30182291666666666 0.16944444444444445 0.015104166666666667
3 0.3684027777777778 0.34010416666666665 0.25798611111111114 0.03671875
1 0.35694444444444445 0.37734375 0.19826388888888888 0.006510416666666667
2 0.36701388888888886 0.39088541666666665 0.16180555555555556 0.00703125
2 0.3729166666666667 0.40078125 0.16875 0.005208333333333333
2 0.3736111111111111 0.41067708333333336 0.16354166666666667 0.00625
2 0.3746527777777778 0.4200520833333333 0.15590277777777778 0.00703125
2 0.37395833333333334 0.42864583333333334 0.1482638888888889 0.004427083333333333
2 0.38645833333333335 0.43671875 0.15763888888888888 0.0046875
2 0.3892361111111111 0.4471354166666667 0.1607638888888889 0.005208333333333333