3 0.7276234567901234 0.7373842592592593 0.44598765432098764 0.13738425925925932
3 0.7379398148148147 0.8393865740740741 0.3694058641975308 0.04914930555555546
0 0.19367283950617284 0.6932870370370371 0.3873456790123457 0.13194444444444445
0 0.1743827160493827 0.7853009259259259 0.3487654320987654 0.03819444444444445
0 0.15817901234567902 0.8266782407407407 0.31635802469135804 0.03530092592592592
1 0.7572530864197532 0.5647800925925927 0.30864197530864207 0.08248842592592591
1 0.7584876543209876 0.6186111111111111 0.2777777777777778 0.01824074074074073
1 0.8574074074074074 0.6410127314814815 0.0953703703703703 0.02252893518518509
2 0.4356481481481482 0.5342766203703704 0.26790123456790127 0.07982638888888892
2 0.42430555555555555 0.5947627314814815 0.2905864197530865 0.025752314814814815
2 0.48194444444444445 0.6221412037037036 0.14567901234567898 0.028778935185185196
2 0.4858024691358025 0.6434953703703704 0.0996913580246914 0.036157407407407416
2 0.3195987654320988 0.5609606481481482 0.0012345679012344976 0.060347222222222205