3 0.07152777777777777 0.38203125 0.14305555555555555 0.05572916666666667
0 0.365625 0.36041666666666666 0.18819444444444444 0.09895833333333333
1 0.03263888888888889 0.25390625 0.06527777777777778 0.06822916666666666
1 0.02361111111111111 0.30234375 0.04722222222222222 0.0140625
2 0.22666666666666666 0.22668229166666667 0.2261111111111112 0.06717187500000008
2 0.236875 0.2811197916666667 0.2265972222222222 0.019921875
2 0.185 0.30576041666666665 0.1224999999999999 0.02388802083333322
2 0.18152777777777776 0.3249791666666667 0.0823611111111112 0.029812499999999888
2 0.3311111111111111 0.2506979166666667 0.000555555555555524 0.05319791666666672
2 0.029513888888888888 0.41692708333333334 0.04513888888888889 0.009635416666666667
2 0.03125 0.43046875 0.05277777777777778 0.00703125
2 0.03958333333333333 0.44296875 0.06631944444444444 0.00703125
2 0.042708333333333334 0.45416666666666666 0.06076388888888889 0.008333333333333333
2 0.041666666666666664 0.4671875 0.058333333333333334 0.0109375
2 0.044097222222222225 0.47890625 0.06597222222222222 0.005729166666666666
2 0.04618055555555556 0.4908854166666667 0.06840277777777778 0.0078125
0 0.7371180555555555 0.7807499999999999 0.1899618055555556 0.017158854166666515
0 0.7369305555555554 0.93621875 0.21407986111111102 0.015898437500000046
2 0.7540416666666668 0.620625 0.2648993055555557 0.06645833333333329
2 0.7492430555555555 0.6676927083333334 0.18529166666666663 0.016981770833333344
2 0.7567569444444444 0.6888124999999999 0.17089583333333344 0.012343749999999905
2 0.7332083333333335 0.7039166666666666 0.17765277777777774 0.017270833333333256
2 0.7433055555555557 0.72428125 0.16287847222222213 0.010833333333333427
2 0.7350000000000001 0.7626927083333332 0.1692604166666666 0.008664062500000114
2 0.7373611111111111 0.8009166666666666 0.12509375 0.011440104166666505
2 0.7405069444444444 0.8145677083333334 0.12060069444444442 0.0068567708333333146
2 0.7329166666666668 0.852234375 0.14629513888888887 0.011783854166666666
2 0.7285208333333334 0.8674479166666667 0.13916666666666658 0.0161614583333332
2 0.732173611111111 0.8864427083333334 0.14351736111111107 0.01414843749999998
2 0.736388888888889 0.90171875 0.1362013888888888 0.011984375000000113
2 0.7358819444444445 0.9173489583333333 0.11574305555555561 0.011291666666666582
1 0.7360624999999998 0.8333906249999999 0.14203472222222221 0.013093749999999934
3 0.7372708333333334 0.7436614583333333 0.1796319444444445 0.014755208333333296