3 0.12916666666666668 0.29401041666666666 0.25833333333333336 0.11822916666666666
0 0.48333333333333334 0.2546875 0.2125 0.115625
0 0.509375 0.3375 0.16041666666666668 0.030208333333333334
1 0.08541666666666667 0.13880208333333333 0.17083333333333334 0.0703125
1 0.0763888888888889 0.18723958333333332 0.1527777777777778 0.015104166666666667
2 0.32944444444444443 0.11157812500000001 0.21291666666666675 0.06300520833333341
2 0.3396527777777778 0.166015625 0.24673611111111107 0.021484375
2 0.28777777777777774 0.19065624999999997 0.11347222222222213 0.02232552083333322
2 0.28430555555555553 0.209875 0.08722222222222231 0.03137499999999989
2 0.4338888888888889 0.13559375 0.000555555555555524 0.048510416666666716
2 0.7392361111111111 0.12369791666666667 0.29930555555555555 0.0234375
2 0.7489305555555555 0.2743802083333333 0.3012291666666667 0.023901041666666602
2 0.7365416666666665 0.3002239583333333 0.26014930555555554 0.029513020833333313
3 0.7381944444444445 0.018723958333333336 0.2873923611111111 0.02413541666666667
3 0.7440972222222222 0.04765625 0.3090277777777778 0.0140625
3 0.744013888888889 0.066125 0.30090972222222234 0.012119791666666687
3 0.746875 0.0859375 0.3145833333333333 0.019791666666666666
3 0.7458333333333333 0.15885416666666666 0.3125 0.022916666666666665
3 0.7527777777777778 0.18697916666666667 0.3263888888888889 0.025
3 0.7416666666666667 0.21640625 0.30416666666666664 0.021354166666666667
3 0.7531527777777778 0.33050520833333336 0.2847222222222222 0.017744791666666634
3 0.7380902777777777 0.3549114583333333 0.24390972222222224 0.020880208333333292
0 0.7436458333333332 0.24842187500000001 0.28065972222222213 0.01463020833333329
2 0.38229166666666664 0.8278645833333333 0.41458333333333336 0.034895833333333334
2 0.36180555555555555 0.8764479166666667 0.3552569444444444 0.03433333333333337
2 0.3985138888888889 0.9254114583333333 0.3528784722222222 0.03366927083333333
2 0.4052569444444445 0.9635104166666667 0.3316458333333333 0.02891406250000017
2 0.3840277777777778 0.9958333333333333 0.3138888888888889 0.008333333333333333
0 0.35381944444444446 0.3770833333333333 0.47152777777777777 0.014583333333333334
1 0.35347222222222224 0.4205729166666667 0.4722222222222222 0.049479166666666664
1 0.36180555555555555 0.46640625 0.45555555555555555 0.0484375
1 0.3503472222222222 0.5158854166666667 0.47847222222222224 0.044270833333333336
1 0.3628472222222222 0.5528645833333333 0.4534722222222222 0.0390625
3 0.3645833333333333 0.6080729166666666 0.45 0.03802083333333333
3 0.3589305555555556 0.650109375 0.4164652777777778 0.04396354166666671
3 0.3614097222222222 0.6906614583333334 0.4432569444444444 0.028348958333333365
3 0.3628472222222222 0.7294270833333333 0.4534722222222222 0.03177083333333333
3 0.3635902777777778 0.7742291666666666 0.4039652777777778 0.03626041666666661
2 0.8010694444444444 0.4863958333333333 0.30822569444444436 0.02353645833333336
2 0.8149027777777778 0.6368802083333333 0.3012291666666667 0.023901041666666602
2 0.8025138888888889 0.6627239583333332 0.26014930555555554 0.029513020833333313
2 0.819125 0.7517395833333335 0.20496875000000006 0.021169270833333323
2 0.8038472222222222 0.7759427083333333 0.2111111111111111 0.02289583333333335
2 0.805236111111111 0.879265625 0.1938020833333333 0.018125000000000096
2 0.8112708333333334 0.903625 0.1817291666666667 0.019611979166666533
2 0.8190694444444445 0.9243020833333334 0.1600416666666666 0.014684895833333418
2 0.8148472222222223 0.9920885416666666 0.14150694444444442 0.008632812499999904
3 0.8038194444444444 0.3815104166666667 0.28680555555555554 0.0234375
3 0.8088680555555555 0.41059375000000004 0.31196527777777777 0.014080729166666679
3 0.8099861111111112 0.42862500000000003 0.30090972222222234 0.012119791666666687
3 0.8043819444444444 0.44878124999999996 0.33215972222222223 0.01967708333333335
3 0.800375 0.5216145833333333 0.33589583333333334 0.022713541666666674
3 0.8106319444444444 0.5496197916666666 0.3435902777777778 0.025041666666666688
3 0.8000555555555555 0.579390625 0.32029861111111113 0.021286458333333334
3 0.819125 0.6930052083333335 0.2847222222222222 0.017744791666666634
3 0.8040624999999999 0.7174114583333332 0.24390972222222224 0.020880208333333292
3 0.82575 0.8019010416666668 0.23813888888888887 0.019187499999999958
3 0.8173055555555556 0.8230989583333332 0.23621527777777776 0.01590624999999998
3 0.8074236111111112 0.8449739583333333 0.21752083333333336 0.019598958333333392
3 0.8150625 0.946890625 0.18686111111111114 0.018302083333333267
3 0.8109513888888888 0.96896875 0.17543055555555556 0.01838541666666676
3 0.6979166666666666 0.9919270833333333 0.041666666666666664 0.016145833333333335
3 0.9291111111111111 0.9940104166666667 0.04508333333333334 0.009895833333333333
0 0.8096180555555554 0.6109218750000001 0.28065972222222213 0.01463020833333329