3 0.7956600361663653 0.653663500678426 0.40867992766726946 0.16078697421981003
3 0.8241410488245932 0.7730664857530529 0.35171790235081374 0.057666214382632294
0 0.22694394213381555 0.6024423337856174 0.4538878842676311 0.1546811397557666
0 0.20433996383363473 0.7103120759837178 0.40867992766726946 0.04477611940298507
0 0.1853526220614828 0.758819538670285 0.3707052441229656 0.041383989145183174
1 0.8535262206148282 0.45149253731343286 0.29294755877034356 0.09701492537313433
1 0.8630198915009042 0.5145861601085482 0.2739602169981917 0.02103120759837178
1 0.9746835443037974 0.5410447761194029 0.05063291139240506 0.026458616010854818
2 0.510488245931284 0.4160312075983718 0.31392405063291146 0.09358208955223885
2 0.49719710669077755 0.4869402985074627 0.3405063291139242 0.030189959294436908
2 0.564737793851718 0.5190366350067842 0.1707052441229656 0.033738127544097704
2 0.5692585895117541 0.5440705563093623 0.11681735985533458 0.04238805970149255
2 0.3745027124773961 0.4473134328358209 0.001446654611211491 0.0707462686567164