2 0.14819444444444443 0.449078125 0.22055555555555564 0.06560937500000014
2 0.1579861111111111 0.5013020833333334 0.24375 0.0171875
2 0.25263888888888886 0.47309375000000004 0.000555555555555524 0.05319791666666672
3 0.6392361111111111 0.017708333333333333 0.09930555555555555 0.03333333333333333
3 0.6444444444444445 0.048177083333333336 0.10972222222222222 0.0234375
3 0.6138888888888889 0.28828125 0.04861111111111111 0.018229166666666668
3 0.6274305555555556 0.37005208333333334 0.07569444444444444 0.021354166666666667
2 0.6246527777777777 0.07864583333333333 0.07013888888888889 0.0125
2 0.6125 0.31927083333333334 0.04583333333333333 0.01875
2 0.6128472222222222 0.3421875 0.04652777777777778 0.016666666666666666
1 0.6364583333333333 0.10182291666666667 0.09375 0.021354166666666667
0 0.6229166666666667 0.12526041666666668 0.06666666666666667 0.022395833333333334
3 0.3284722222222222 0.5419270833333333 0.5222222222222223 0.058854166666666666
2 0.33611111111111114 0.6010416666666667 0.5069444444444444 0.036458333333333336
2 0.35694444444444445 0.6606770833333333 0.4652777777777778 0.05364583333333333
2 0.3795138888888889 0.7309895833333333 0.4201388888888889 0.0484375
2 0.3753472222222222 0.7947916666666667 0.4284722222222222 0.051041666666666666
2 0.3996527777777778 0.8463541666666666 0.3798611111111111 0.034375
2 0.4097222222222222 0.9020833333333333 0.3597222222222222 0.03854166666666667
2 0.7985069444444444 0.8638385416666667 0.16621527777777778 0.03957031250000007
2 0.7852430555555555 0.8951458333333332 0.10989583333333333 0.013583333333333414
2 0.7869791666666667 0.9115520833333333 0.08663194444444444 0.016450520833333353
2 0.7850694444444445 0.9256979166666668 0.08784722222222222 0.007934895833333282
2 0.7923611111111111 0.9373124999999999 0.09722222222222222 0.00965624999999998
2 0.7960069444444444 0.9491875000000001 0.07621527777777778 0.005385416666666742
2 0.7900694444444445 0.9611927083333334 0.07201388888888884 0.0056744791666666575
1 0.7871527777777778 0.9695729166666667 0.10659722222222222 0.011968750000000009
3 0.7725694444444444 0.9824635416666666 0.10298611111111108 0.012619791666666677