3 0.26666666666666666 0.6902083333333333 0.41597222222222224 0.1252083333333334
3 0.25738194444444445 0.7820104166666667 0.3470486111111111 0.04579687499999992
0 0.7489583333333333 0.6508177083333333 0.36666666666666664 0.12064062500000006
0 0.7666666666666667 0.7336354166666667 0.3326388888888889 0.03627604166666672
0 0.7970486111111111 0.7708125 0.334375 0.03381250000000004
1 0.24000000000000002 0.5348645833333333 0.2923611111111111 0.07580208333333331
1 0.2388888888888889 0.5833125 0.26458333333333334 0.017979166666666657
1 0.1498611111111111 0.6034739583333334 0.10041666666666668 0.021838541666666583
2 0.5294444444444444 0.5074114583333333 0.2556944444444445 0.07340625000000003
2 0.5396527777777778 0.5618489583333334 0.2761111111111112 0.024739583333333332
2 0.48777777777777775 0.5864895833333333 0.1456944444444444 0.027463541666666678
2 0.48430555555555554 0.6057083333333334 0.10430555555555558 0.03410416666666668
2 0.6338888888888888 0.5314270833333333 0.015694444444444382 0.05587499999999999