3 0.1796875 0.21833333333333335 0.2796875 0.1149479166666668
3 0.17272395833333334 0.31013541666666666 0.2158203125 0.03826302083333341
1 0.1596875 0.06298958333333336 0.19947916666666668 0.07097395833333332
1 0.15885416666666666 0.11143750000000002 0.17447916666666666 0.014979166666666781
1 0.09208333333333334 0.13159895833333338 0.060312500000000026 0.018992187500000077
2 0.32786458333333335 0.03567708333333333 0.08385416666666666 0.07135416666666666
2 0.3302083333333333 0.08958333333333333 0.07916666666666666 0.021875
2 0.33567708333333335 0.11432291666666666 0.06822916666666666 0.022395833333333334
2 0.3416666666666667 0.13359375 0.05625 0.028645833333333332
2 0.7865 0.37922395833333333 0.15016145833333341 0.011473958333333319
2 0.7881822916666666 0.4186875 0.12740364583333333 0.011552083333333367
2 0.7848958333333333 0.43659375 0.12111458333333332 0.011796875000000047
2 0.7849739583333334 0.47301562500000005 0.12568229166666675 0.011593750000000114
0 0.787859375 0.35598958333333336 0.15176302083333346 0.017125000000000057
0 0.7875781249999999 0.45471354166666667 0.15793229166666667 0.009317708333333266
0 0.78359375 0.48723958333333334 0.14427083333333332 0.0046875
3 0.7879791666666667 0.39877604166666664 0.11858854166666657 0.012437499999999938
3 0.11239062500000001 0.7936145833333333 0.1927447916666667 0.06132552083333328
3 0.11134895833333334 0.8383749999999999 0.15688281250000002 0.0191770833333333
3 0.10922395833333333 0.8667604166666666 0.15185937500000002 0.021747395833333273
3 0.10803645833333334 0.8904635416666667 0.1389869791666666 0.01516666666666661
3 0.10933854166666666 0.9103333333333334 0.13478385416666666 0.015986979166666634
3 0.10982291666666667 0.9323125 0.12566927083333332 0.01549739583333339
3 0.11517708333333333 0.9535208333333334 0.1270078125 0.014085937500000038
3 0.11257291666666666 0.9732760416666667 0.11346614583333334 0.012859375000000029
3 0.11979166666666667 0.99140625 0.14583333333333334 0.0171875
2 0.4471354166666667 0.5802083333333333 0.1546875 0.13645833333333332
2 0.428125 0.70546875 0.11666666666666667 0.030729166666666665
2 0.39869791666666665 0.7635416666666667 0.0578125 0.03958333333333333
2 0.40078125 0.8140625 0.06197916666666667 0.025
2 0.4044270833333333 0.8481770833333333 0.06927083333333334 0.030729166666666665
2 0.39869791666666665 0.8890625 0.0578125 0.025
2 0.4078125 0.9294270833333333 0.07604166666666666 0.022395833333333334
2 0.4005208333333333 0.9578125 0.06145833333333333 0.0125
2 0.4983020833333333 0.8367135416666667 0.08333333333333333 0.18615364583333333
3 0.8677083333333333 0.6296875 0.26458333333333334 0.12916666666666668
3 0.9015625 0.7315104166666667 0.196875 0.025520833333333333
3 0.9182291666666667 0.7697916666666667 0.16354166666666667 0.026041666666666668
3 0.92109375 0.8083333333333333 0.1578125 0.021875
3 0.8830729166666667 0.8395833333333333 0.23385416666666667 0.022916666666666665
3 0.9059895833333333 0.8677083333333333 0.18802083333333333 0.019791666666666666
3 0.9044270833333333 0.8984375 0.19114583333333332 0.022916666666666665
3 0.7430052083333333 0.7754895833333334 0.059375 0.17255729166666664