3 0.26666666666666666 0.6902083333333333 0.40347222222222223 0.12364583333333339
3 0.25738194444444445 0.7820104166666667 0.3345486111111111 0.044234374999999916
0 0.7489583333333333 0.6508177083333333 0.3541666666666667 0.11907812500000006
0 0.7666666666666667 0.7336354166666667 0.32013888888888886 0.034713541666666715
0 0.7970486111111111 0.7708125 0.321875 0.032250000000000036
1 0.24000000000000002 0.5348645833333333 0.2798611111111111 0.07423958333333332
1 0.2388888888888889 0.5833125 0.2520833333333333 0.016416666666666656
1 0.1498611111111111 0.6034739583333334 0.08791666666666668 0.02027604166666658
2 0.5294444444444444 0.5074114583333333 0.24319444444444446 0.07184375000000003
2 0.5396527777777778 0.5618489583333334 0.2636111111111112 0.023177083333333334
2 0.48777777777777775 0.5864895833333333 0.13319444444444442 0.025901041666666676
2 0.48430555555555554 0.6057083333333334 0.09180555555555558 0.03254166666666668
2 0.6338888888888888 0.5314270833333333 0.0031944444444443813 0.054312499999999986