3 0.831888246628131 0.18822254335260116 0.33622350674373797 0.171242774566474
3 0.8622350674373795 0.06105491329479769 0.27552986512524086 0.06141618497109826
0 0.273121387283237 0.24236271676300583 0.4884393063583815 0.1651950867052024
0 0.24855491329479767 0.127471098265896 0.441233140655106 0.04815751445086712
0 0.21435452793834298 0.07622832369942197 0.42870905587668595 0.04407514450867052
1 0.8935452793834296 0.40354046242774566 0.21290944123314065 0.10332369942196531
1 0.9036608863198459 0.3363439306358382 0.1926782273603083 0.022398843930635837
2 0.5776493256262043 0.4413078034682081 0.3344894026974952 0.0996676300578035
2 0.5634874759152215 0.3657875722543353 0.3628131021194606 0.032153179190751446
2 0.6354527938342968 0.3316040462427746 0.18188824662813097 0.0359320809248555
2 0.6402697495183044 0.3049421965317919 0.12447013487475919 0.04514450867052024
2 0.43275529865125245 0.40799132947976874 0.0015414258188823787 0.07534682080924854