3 0.13072916666666667 0.184375 0.26145833333333335 0.12291666666666666
3 0.10755208333333334 0.2760416666666667 0.21510416666666668 0.03854166666666667
0 0.47421875 0.14508854166666663 0.26171875 0.11787239583333337
0 0.4875 0.22790624999999995 0.2328125 0.033502604166666575
0 0.5102864583333333 0.26508333333333334 0.21263020833333332 0.02862500000000002
1 0.09765625 0.0328125 0.1953125 0.065625
1 0.09166666666666666 0.07758333333333335 0.17864583333333334 0.015500000000000114
1 0.026302083333333334 0.09739583333333333 0.05260416666666667 0.017708333333333333
2 0.309375 0.01640625 0.159375 0.0328125
2 0.31723958333333335 0.05611979166666667 0.1725520833333333 0.020442708333333334
2 0.2783333333333333 0.08076041666666664 0.08510416666666659 0.02232552083333322
2 0.27572916666666664 0.09997916666666669 0.06177083333333341 0.029812499999999888
2 0.38776041666666666 0.02578125 0.0005208333333333333 0.0515625
2 0.9403645833333333 0.15130208333333334 0.11927083333333334 0.0703125
2 0.953265625 0.2031458333333333 0.0772213541666666 0.023388020833333318
2 0.9627604166666667 0.22578125 0.07447916666666667 0.019270833333333334
2 0.9640625 0.24505208333333334 0.071875 0.0171875
2 0.9677083333333333 0.26231770833333334 0.058854166666666666 0.010166666666666657
2 0.96328125 0.27395833333333336 0.0734375 0.020833333333333332
2 0.9606770833333333 0.2903645833333333 0.07682291666666667 0.011197916666666667
2 0.9619791666666667 0.3051041666666666 0.06770833333333333 0.011804687499999982
1 0.7964322916666667 0.16397395833333336 0.11920052083333334 0.05036458333333336
1 0.7898697916666666 0.21450000000000002 0.09562500000000002 0.014778645833333333
1 0.7874739583333333 0.23228125000000002 0.09288281249999995 0.009119791666666661
1 0.7901458333333333 0.24610416666666665 0.09815885416666668 0.010789062500000076
1 0.7914635416666668 0.26280729166666666 0.09617968749999999 0.011000000000000062
1 0.7950416666666666 0.27857291666666667 0.10194270833333334 0.01672395833333328
1 0.10416666666666667 0.81484375 0.20833333333333334 0.04114583333333333
2 0.11901041666666666 0.50859375 0.23802083333333332 0.0546875
2 0.11197916666666667 0.6401041666666667 0.22395833333333334 0.051041666666666666
2 0.10390625 0.6971354166666667 0.2078125 0.0484375
2 0.09453125 0.7575520833333333 0.1890625 0.04010416666666667
2 0.4625 0.7703125 0.334375 0.04791666666666667
2 0.47161458333333334 0.9010416666666666 0.31614583333333335 0.08125
3 0.10442708333333334 0.5859375 0.20885416666666667 0.04479166666666667
0 0.09427083333333333 0.8559895833333333 0.18854166666666666 0.021354166666666667
0 0.109375 0.9161458333333333 0.21875 0.06979166666666667