3 0.26666666666666666 0.6902083333333333 0.4076388888888889 0.12364583333333339
3 0.25738194444444445 0.7820104166666667 0.33871527777777777 0.044234374999999916
0 0.7489583333333333 0.6508177083333333 0.35833333333333334 0.11907812500000006
0 0.7666666666666667 0.7336354166666667 0.32430555555555557 0.034713541666666715
0 0.7970486111111111 0.7708125 0.3260416666666667 0.032250000000000036
1 0.24000000000000002 0.5348645833333333 0.28402777777777777 0.07423958333333332
1 0.2388888888888889 0.5833125 0.25625 0.016416666666666656
1 0.1498611111111111 0.6034739583333334 0.09208333333333335 0.02027604166666658
2 0.5294444444444444 0.5074114583333333 0.24736111111111114 0.07184375000000003
2 0.5396527777777778 0.5618489583333334 0.2677777777777779 0.023177083333333334
2 0.48777777777777775 0.5864895833333333 0.13736111111111107 0.025901041666666676
2 0.48430555555555554 0.6057083333333334 0.09597222222222225 0.03254166666666668
2 0.6338888888888888 0.5314270833333333 0.007361111111111048 0.054312499999999986