2 0.3972222222222222 0.47213541666666664 0.21388888888888888 0.0484375
2 0.38333333333333336 0.51015625 0.19583333333333333 0.04635416666666667
2 0.38229166666666664 0.5283854166666667 0.17222222222222222 0.0421875
2 0.37118055555555557 0.5638020833333334 0.17916666666666667 0.042708333333333334
2 0.3434027777777778 0.6359375 0.16319444444444445 0.03854166666666667
2 0.32048611111111114 0.6885416666666667 0.15555555555555556 0.04010416666666667
0 0.40243055555555557 0.44921875 0.21736111111111112 0.0546875
0 0.3732638888888889 0.5453125 0.22152777777777777 0.04791666666666667
0 0.36666666666666664 0.58359375 0.19236111111111112 0.04739583333333333
0 0.3121527777777778 0.7239583333333334 0.18680555555555556 0.04114583333333333
0 0.3072916666666667 0.7604166666666666 0.1638888888888889 0.041666666666666664
3 0.38958333333333334 0.4908854166666667 0.1798611111111111 0.044270833333333336
3 0.32222222222222224 0.7075520833333333 0.16805555555555557 0.03854166666666667
1 0.353125 0.6 0.16666666666666666 0.04375
1 0.3486111111111111 0.6166666666666667 0.16597222222222222 0.043229166666666666
1 0.33784722222222224 0.6510416666666666 0.19027777777777777 0.052083333333333336
1 0.325 0.6708333333333333 0.15902777777777777 0.04114583333333333
1 0.30277777777777776 0.7395833333333334 0.15486111111111112 0.042708333333333334