2 0.6083888888888889 0.49016145833333336 0.2282083333333334 0.012010416666666638
2 0.6106319444444444 0.529625 0.20918750000000003 0.013208333333333282
2 0.60625 0.54753125 0.18547222222222218 0.012656250000000095
2 0.6063541666666666 0.5839531250000001 0.1920972222222223 0.01224999999999999
2 0.61175 0.6589895833333334 0.17617361111111116 0.010890624999999925
2 0.618375 0.714046875 0.16805555555555557 0.013624999999999924
0 0.610201388888889 0.4669270833333333 0.22970138888888889 0.01810416666666666
0 0.6098263888888888 0.5656510416666667 0.2364305555555556 0.009781250000000104
0 0.6049166666666667 0.6038385416666666 0.2052361111111111 0.01484375
0 0.6158125 0.7499479166666667 0.2013888888888889 0.009145833333333304
0 0.6096180555555556 0.7863333333333333 0.17617361111111116 0.013963541666666638
3 0.6103611111111111 0.5097135416666666 0.1926249999999999 0.013937499999999995
3 0.6109513888888889 0.73215625 0.18204861111111117 0.009463541666666705
1 0.6130347222222222 0.6223333333333334 0.17873611111111118 0.015619791666666553
1 0.6126041666666666 0.63928125 0.1778819444444445 0.015062500000000038
1 0.6125 0.6746145833333334 0.20117361111111115 0.020020833333333363
1 0.6193888888888889 0.6961302083333333 0.1711527777777778 0.01417187500000002
1 0.6204027777777777 0.7668489583333333 0.1657083333333334 0.016989583333333277