2 0.6083888888888889 0.5098385416666666 0.22056944444444454 0.012531249999999971
2 0.6106319444444444 0.470375 0.20154861111111114 0.013729166666666615
2 0.60625 0.45246875000000003 0.1778333333333333 0.013177083333333428
2 0.6063541666666666 0.416046875 0.18445833333333342 0.012770833333333323
2 0.61175 0.34101041666666665 0.16853472222222227 0.011411458333333258
2 0.618375 0.285953125 0.16041666666666668 0.014145833333333257
0 0.610201388888889 0.5330729166666667 0.2220625 0.018625000000000114
0 0.6098263888888888 0.43434895833333337 0.2287916666666667 0.010302083333333437
0 0.6049166666666667 0.3961614583333334 0.1975972222222222 0.015364583333333333
0 0.6158125 0.2500520833333333 0.19375 0.009666666666666638
0 0.6096180555555556 0.21366666666666667 0.16853472222222227 0.014484374999999971
3 0.6103611111111111 0.49028645833333334 0.18498611111111102 0.014458333333333328
3 0.6109513888888889 0.26784375 0.17440972222222229 0.009984375000000038
1 0.6130347222222222 0.3776666666666666 0.1710972222222223 0.016140624999999888
1 0.6126041666666666 0.36071875 0.1702430555555556 0.015583333333333371
1 0.6125 0.32538541666666665 0.19353472222222226 0.020541666666666694
1 0.6193888888888889 0.3038697916666667 0.1635138888888889 0.014692708333333353
1 0.6204027777777777 0.23315104166666673 0.15806944444444454 0.017510416666666608