2 0.6083888888888889 0.49016145833333336 0.22265277777777787 0.013572916666666638
2 0.6106319444444444 0.529625 0.20363194444444446 0.014770833333333282
2 0.60625 0.54753125 0.1799166666666666 0.014218750000000094
2 0.6063541666666666 0.5839531250000001 0.18654166666666674 0.01381249999999999
2 0.61175 0.6589895833333334 0.1706180555555556 0.012453124999999924
2 0.618375 0.714046875 0.1625 0.015187499999999925
0 0.610201388888889 0.4669270833333333 0.22414583333333332 0.019666666666666662
0 0.6098263888888888 0.5656510416666667 0.23087500000000002 0.011343750000000104
0 0.6049166666666667 0.6038385416666666 0.19968055555555553 0.01640625
0 0.6158125 0.7499479166666667 0.19583333333333333 0.010708333333333304
0 0.6096180555555556 0.7863333333333333 0.1706180555555556 0.015526041666666638
3 0.6103611111111111 0.5097135416666666 0.18706944444444437 0.015499999999999995
3 0.6109513888888889 0.73215625 0.1764930555555556 0.011026041666666705
1 0.6130347222222222 0.6223333333333334 0.17318055555555564 0.017182291666666554
1 0.6126041666666666 0.63928125 0.17232638888888896 0.01662500000000004
1 0.6125 0.6746145833333334 0.1956180555555556 0.02158333333333336
1 0.6193888888888889 0.6961302083333333 0.16559722222222226 0.01573437500000002
1 0.6204027777777777 0.7668489583333333 0.16015277777777787 0.018552083333333278