2 0.6083888888888889 0.49016145833333336 0.2184861111111112 0.013052083333333304
2 0.6106319444444444 0.529625 0.19946527777777778 0.014249999999999948
2 0.60625 0.54753125 0.17574999999999996 0.013697916666666761
2 0.6063541666666666 0.5839531250000001 0.1823750000000001 0.013291666666666656
2 0.61175 0.6589895833333334 0.16645138888888894 0.011932291666666591
2 0.618375 0.714046875 0.15833333333333333 0.01466666666666659
0 0.610201388888889 0.4669270833333333 0.21997916666666664 0.019145833333333327
0 0.6098263888888888 0.5656510416666667 0.22670833333333335 0.01082291666666677
0 0.6049166666666667 0.6038385416666666 0.19551388888888888 0.015885416666666666
0 0.6158125 0.7499479166666667 0.19166666666666668 0.010187499999999971
0 0.6096180555555556 0.7863333333333333 0.16645138888888894 0.015005208333333304
3 0.6103611111111111 0.5097135416666666 0.1829027777777777 0.014979166666666661
3 0.6109513888888889 0.73215625 0.17232638888888896 0.010505208333333372
1 0.6130347222222222 0.6223333333333334 0.16901388888888896 0.01666145833333322
1 0.6126041666666666 0.63928125 0.16815972222222228 0.016104166666666704
1 0.6125 0.6746145833333334 0.19145138888888893 0.02106250000000003
1 0.6193888888888889 0.6961302083333333 0.16143055555555558 0.015213541666666686
1 0.6204027777777777 0.7668489583333333 0.1559861111111112 0.018031249999999943