3 0.14027777777777778 0.19973958333333333 0.17569444444444443 0.15104166666666666
3 0.134375 0.31145833333333334 0.10520833333333333 0.01953125
3 0.13680555555555557 0.33098958333333334 0.06319444444444444 0.009635416666666667
2 0.13541666666666666 0.34713541666666664 0.084375 0.01796875
2 0.13506944444444444 0.36875 0.07013888888888889 0.01796875
2 0.13368055555555555 0.38645833333333335 0.05659722222222222 0.011979166666666667
2 0.13506944444444444 0.3997395833333333 0.06388888888888888 0.01171875
2 0.13819444444444445 0.4125 0.06319444444444444 0.0078125
2 0.134375 0.42578125 0.06076388888888889 0.011458333333333333
2 0.13784722222222223 0.43776041666666665 0.050694444444444445 0.0067708333333333336
2 0.13958333333333334 0.44947916666666665 0.04895833333333333 0.00703125
2 0.13993055555555556 0.46119791666666665 0.04895833333333333 0.009375
0 0.8464652777777778 0.23718229166666666 0.21925347222222216 0.037179687499999996
0 0.9847222222222223 0.26536458333333335 0.030555555555555555 0.04010416666666667
0 0.8907847222222223 0.2706145833333334 0.11489930555555551 0.022554687500000035
1 0.7477291666666667 0.27511458333333333 0.08617361111111121 0.019117187499999962
1 0.8842152777777778 0.313375 0.13920486111111105 0.026203124999999973
1 0.7669791666666667 0.3118125 0.058333333333333334 0.016640625000000023
1 0.9464652777777778 0.34448437500000006 0.0824479166666666 0.02014843749999997
3 0.7813125000000001 0.3590052083333333 0.10751388888888884 0.025148437499999923
3 0.9323263888888889 0.37714062499999995 0.12398958333333339 0.018619791666666666
3 0.7719097222222222 0.3841041666666667 0.09311805555555566 0.02193489583333322
3 0.925 0.4078125 0.15 0.021875
3 0.7695694444444443 0.41123958333333327 0.12247222222222215 0.02919791666666664
3 0.925 0.4356770833333333 0.15 0.016145833333333335
3 0.7424236111111112 0.4335416666666667 0.09595833333333338 0.03308854166666677
3 0.9189375 0.4608645833333333 0.14595833333333322 0.018604166666666564
3 0.7412847222222223 0.46119791666666665 0.10631249999999995 0.02400520833333341
3 0.9168541666666666 0.4907447916666667 0.14810416666666665 0.0149166666666666
3 0.7256944444444444 0.4838802083333333 0.11427083333333331 0.032437500000000105
3 0.8837777777777779 0.5184479166666667 0.1273958333333332 0.02013541666666659
3 0.8791041666666667 0.5407031250000001 0.12563194444444434 0.01730208333333323
3 0.8694444444444445 0.5625 0.13055555555555556 0.014583333333333334
3 0.6823263888888889 0.3558854166666666 0.03636111111111104 0.1012604166666667
3 0.6966527777777778 0.5256510416666667 0.14204861111111108 0.06105208333333323
3 0.6715277777777777 0.5653645833333333 0.075 0.008854166666666666
2 0.7231041666666667 0.026963541666666656 0.1457083333333333 0.029588541666666638
2 0.7534097222222221 0.06053645833333334 0.15580555555555547 0.027609374999999995
2 0.6614236111111111 0.07909895833333333 0.11452083333333339 0.030645833333333292
2 0.7289791666666667 0.11532812499999998 0.12588194444444442 0.03396875000000001
2 0.662625 0.15305729166666668 0.13333333333333333 0.03651041666666662
2 0.6393958333333334 0.19411458333333337 0.1070694444444445 0.032447916666666646
2 0.6282847222222222 0.231328125 0.07979861111111117 0.029223958333333282
2 0.6339652777777778 0.25555729166666663 0.06338194444444444 0.017083333333333308
2 0.6244930555555556 0.27753125 0.07222222222222222 0.026942708333333343
2 0.6210833333333333 0.29760416666666667 0.05277777777777778 0.02163020833333332
2 0.6210833333333333 0.32449999999999996 0.05782638888888888 0.022395833333333334
2 0.6069444444444444 0.34789583333333335 0.04975000000000007 0.02183333333333337
2 0.6022083333333333 0.3669322916666667 0.05921527777777776 0.020890625000000065
2 0.5918541666666667 0.4004114583333333 0.04861111111111111 0.02364583333333338
2 0.5879444444444444 0.4258385416666666 0.038256944444444385 0.020526041666666592