3 0.22769953051643194 0.756140350877193 0.45539906103286387 0.07017543859649122
3 0.13380281690140844 0.6938596491228071 0.2676056338028169 0.03684210526315789
2 0.16784037558685447 0.6429824561403509 0.33568075117370894 0.06140350877192982
2 0.14906103286384975 0.5745614035087719 0.2981220657276995 0.06491228070175438
2 0.13028169014084506 0.519298245614035 0.2605633802816901 0.0456140350877193
2 0.142018779342723 0.47719298245614034 0.284037558685446 0.042105263157894736
2 0.12206572769953052 0.4368421052631579 0.24413145539906103 0.028070175438596492
2 0.12089201877934272 0.3956140350877193 0.24178403755868544 0.03684210526315789
2 0.10211267605633803 0.35789473684210527 0.20422535211267606 0.02456140350877193
2 0.09154929577464789 0.3201754385964912 0.18309859154929578 0.02631578947368421
2 0.07863849765258216 0.2833333333333333 0.1572769953051643 0.02982456140350877