3 0.3839031339031339 0.6423240938166311 0.7678062678062678 0.2953091684434968
3 0.3865099715099714 0.42771855010660986 0.5384615384615384 0.04238805970149253
3 0.37606837606837606 0.39040511727078897 0.33143874643874655 0.02232409381663119
2 0.38116809116809114 0.3592430703624734 0.4043162393162394 0.03665245202558647
2 0.3831908831908832 0.3179317697228145 0.3551709401709401 0.03933901918976555
2 0.38984330484330487 0.2840831556503199 0.29440170940170934 0.027078891257995834
2 0.3837891737891738 0.2587526652452026 0.33736467236467244 0.0261940298507462
2 0.3694159544159543 0.23414712153518122 0.3162393162393162 0.016791044776119403
2 0.3863960113960114 0.20881663113006396 0.2799145299145299 0.023017057569296288
2 0.37084045584045583 0.1858955223880597 0.2659116809116809 0.01555437100213211
2 0.3633618233618233 0.16341151385927502 0.2547435897435898 0.016098081023454062
2 0.36135327635327646 0.14067164179104483 0.22792022792022792 0.01894456289978676