3 0.11848958333333333 0.012890625 0.23697916666666666 0.02578125
3 0.07747395833333333 0.038671875 0.15494791666666666 0.01484375
2 0.09375 0.061328125 0.1875 0.02578125
2 0.07747395833333333 0.091796875 0.15494791666666666 0.02578125
2 0.06315104166666667 0.11640625 0.12630208333333334 0.01875
2 0.07291666666666667 0.13515625 0.14583333333333334 0.0171875
2 0.080078125 0.152734375 0.16015625 0.01171875
2 0.057291666666666664 0.171484375 0.11458333333333333 0.01484375
2 0.06315104166666667 0.18828125 0.12630208333333334 0.009375
2 0.06640625 0.2046875 0.1328125 0.0109375
2 0.060546875 0.221484375 0.12109375 0.01171875
3 0.2109375 0.667578125 0.3177083333333333 0.13515625
3 0.24479166666666666 0.765234375 0.25 0.03984375
3 0.28125 0.80859375 0.17708333333333334 0.034375
3 0.29296875 0.852734375 0.15364583333333334 0.03046875
3 0.3118489583333333 0.883984375 0.11588541666666667 0.01640625
3 0.322265625 0.91328125 0.09505208333333333 0.0203125
3 0.326171875 0.9421875 0.08723958333333333 0.01875
3 0.3248697916666667 0.965234375 0.08984375 0.01484375
3 0.3268229166666667 0.982421875 0.0859375 0.01328125
3 0.6905338541666666 0.59534375 0.5868033854166668 0.13505859375
3 0.7137630208333334 0.6930078125 0.4982617187500001 0.039750000000000084
3 0.7518489583333334 0.73640625 0.4284960937499999 0.033804687499999986
3 0.7464192708333334 0.7801015625 0.37228515624999997 0.03049218749999998
3 0.7595442708333332 0.8118124999999999 0.32313151041666677 0.015976562500000034
3 0.7328515624999999 0.841046875 0.22786458333333334 0.020863281249999942
3 0.7432682291666666 0.8698281250000001 0.23133463541666677 0.01891406250000003
3 0.7400130208333332 0.8929375 0.2306835937500001 0.015074218750000057
3 0.7222265625000001 0.910328125 0.18901692708333342 0.013320312499999964
3 0.7173437500000001 0.9282265625000001 0.17133463541666658 0.009480468749999993
3 0.712890625 0.9429453125 0.18836588541666663 0.015601562500000022
3 0.7327473958333334 0.9599375 0.16026692708333337 0.0171015624999999