3 0.5850785340314136 0.3484577603143419 0.7504319371727748 0.2718958742632613
3 0.5597774869109948 0.5459724950884086 0.49476439790575916 0.03905697445972494
3 0.569371727748691 0.5803536345776031 0.30454188481675404 0.020569744597249563
2 0.5646858638743456 0.6090667976424361 0.3715052356020943 0.033772102161100305
2 0.56282722513089 0.64713163064833 0.32634816753926693 0.03624754420432229
2 0.5567146596858639 0.678320235756385 0.2705104712041884 0.024950884086444098
2 0.5622774869109948 0.7016601178781925 0.30998691099476444 0.024135559921414477
2 0.5754842931937174 0.7243320235756385 0.2905759162303665 0.015471512770137525
2 0.5598821989528796 0.747671905697446 0.25719895287958117 0.021208251473477328
2 0.574175392670157 0.7687917485265225 0.24433246073298423 0.014332023575638427
2 0.5810471204188482 0.7895088408644401 0.2340706806282723 0.014833005893909538
2 0.5828926701570679 0.8104616895874263 0.2094240837696335 0.01745579567779959