3 0.30451388888888886 0.2171875 0.3704861111111111 0.16015625
3 0.29131944444444446 0.33880208333333334 0.23472222222222222 0.021614583333333333
3 0.29618055555555556 0.35989583333333336 0.1388888888888889 0.011197916666666667
2 0.29375 0.3776041666666667 0.17256944444444444 0.018229166666666668
2 0.29270833333333335 0.4010416666666667 0.1673611111111111 0.022135416666666668
2 0.28958333333333336 0.4203125 0.128125 0.013802083333333333
2 0.29270833333333335 0.43463541666666666 0.13819444444444445 0.012760416666666666
2 0.29930555555555555 0.44869791666666664 0.1361111111111111 0.008333333333333333
2 0.29131944444444446 0.4630208333333333 0.11770833333333333 0.011458333333333333
2 0.2986111111111111 0.47604166666666664 0.12048611111111111 0.008072916666666667
2 0.30243055555555554 0.48880208333333336 0.12013888888888889 0.008854166666666666
2 0.303125 0.5018229166666667 0.09791666666666667 0.009635416666666667
0 0.16211805555555558 0.9661666666666666 0.20315625000000004 0.018721354166666516
2 0.1790416666666667 0.8060416666666667 0.23573263888888898 0.05916666666666662
2 0.17424305555555553 0.8531093750000001 0.19084722222222217 0.017502604166666675
2 0.18175694444444446 0.8742291666666666 0.19103472222222231 0.013906249999999905
2 0.15820833333333337 0.8893333333333333 0.1769583333333333 0.017270833333333256
2 0.16830555555555557 0.9096979166666667 0.15732291666666656 0.010312500000000094
2 0.15999999999999998 0.9481093749999999 0.16995486111111105 0.008664062500000114
2 0.16236111111111107 0.9863333333333333 0.11814930555555556 0.010919270833333172
2 0.16493055555555555 0.9979166666666667 0.13402777777777777 0.004166666666666667
3 0.1622708333333333 0.929078125 0.1796319444444445 0.014755208333333296
2 0.8993055555555556 0.78984375 0.2013888888888889 0.034895833333333334
2 0.9142361111111111 0.8341145833333333 0.17152777777777778 0.0234375
2 0.9232638888888889 0.86875 0.15347222222222223 0.025
2 0.93125 0.9067708333333333 0.1375 0.016666666666666666
2 0.9180555555555555 0.9330729166666667 0.1638888888888889 0.018229166666666668
2 0.9131944444444444 0.9713541666666666 0.1736111111111111 0.020833333333333332
3 0.8847222222222222 0.6338541666666667 0.23055555555555557 0.028125
3 0.8864583333333333 0.6705729166666666 0.22708333333333333 0.033854166666666664
3 0.8892361111111111 0.7065104166666667 0.22152777777777777 0.030729166666666665
3 0.8958333333333334 0.74375 0.20833333333333334 0.03229166666666667