3 0.30104166666666665 0.175 0.3770833333333333 0.13645833333333332
3 0.28865972222222225 0.28010416666666665 0.24166666666666667 0.018687500000000058
3 0.29375 0.2983333333333333 0.14953819444444447 0.010140625000000014
2 0.2912638888888889 0.3135572916666666 0.1895243055555556 0.016765625000000027
2 0.2902777777777778 0.3337395833333333 0.16921180555555554 0.01846354166666669
2 0.2870347222222222 0.35027604166666665 0.13634374999999996 0.012343750000000023
2 0.2899861111111111 0.3626510416666667 0.1426493055555556 0.011085937499999924
2 0.2969930555555556 0.374671875 0.14375 0.0072265625
2 0.2887152777777778 0.387046875 0.1265625 0.010309895833333253
2 0.2962986111111111 0.39824479166666665 0.12384374999999995 0.006924479166666586
2 0.29994444444444446 0.4092291666666667 0.11070486111111116 0.00653645833333331
2 0.30092361111111104 0.4203385416666666 0.1 0.008273437499999996
2 0.6368055555555555 0.21041666666666667 0.29444444444444445 0.034375
2 0.621875 0.2552083333333333 0.26458333333333334 0.023958333333333335
2 0.6427083333333333 0.28958333333333336 0.30625 0.026041666666666668
2 0.625 0.32778124999999997 0.23918750000000005 0.0184817708333334
2 0.6135416666666667 0.35390625 0.24791666666666667 0.018229166666666668
2 0.6069444444444444 0.3921875 0.23472222222222222 0.021875
2 0.6145833333333334 0.4239583333333333 0.18055555555555555 0.011458333333333333
3 0.6746527777777778 0.014583333333333334 0.3701388888888889 0.029166666666666667
3 0.6774305555555555 0.04869791666666667 0.37569444444444444 0.04010416666666667
3 0.6628472222222223 0.09140625 0.34652777777777777 0.033854166666666664
3 0.6579861111111112 0.12734375 0.3368055555555556 0.030729166666666665
3 0.6614583333333334 0.16458333333333333 0.34375 0.03229166666666667
2 0.20918055555555556 0.756609375 0.3641979166666666 0.03317187500000003
2 0.21543055555555557 0.791625 0.3237638888888889 0.028895833333333343
2 0.20802777777777773 0.826640625 0.32461458333333326 0.029593749999999967
2 0.2222222222222222 0.8556354166666668 0.3155104166666667 0.020567708333333337
2 0.22924305555555557 0.8830729166666667 0.31751388888888893 0.0175052083333334
2 0.21929166666666663 0.9149062499999999 0.2923611111111111 0.023007812499999978
2 0.21705555555555553 0.9483020833333333 0.2534722222222222 0.023763020833333332
2 0.21443055555555554 0.976890625 0.2580243055555556 0.026429687499999945