3 0.31631944444444443 0.14348958333333334 0.3545138888888889 0.09739583333333333
3 0.30243055555555554 0.22395833333333334 0.22916666666666666 0.013541666666666667
3 0.3076388888888889 0.23802083333333332 0.14201388888888888 0.00703125
2 0.30520833333333336 0.24973958333333332 0.19375 0.01328125
2 0.30416666666666664 0.26536458333333335 0.1684027777777778 0.0140625
2 0.30104166666666665 0.278125 0.14131944444444444 0.009375
2 0.3038194444444444 0.2875 0.16319444444444445 0.009635416666666667
2 0.3111111111111111 0.296875 0.13402777777777777 0.005208333333333333
2 0.30277777777777776 0.30625 0.128125 0.0078125
2 0.3104166666666667 0.31484375 0.12604166666666666 0.005208333333333333
2 0.3138888888888889 0.3234375 0.12256944444444444 0.005729166666666666
2 0.31493055555555555 0.33177083333333335 0.1111111111111111 0.0067708333333333336
2 0.8840277777777777 0.18307291666666667 0.23194444444444445 0.0328125
2 0.8920138888888889 0.23463541666666668 0.21597222222222223 0.027604166666666666
2 0.9041666666666667 0.27838541666666666 0.19166666666666668 0.022395833333333334
1 0.9253472222222222 0.3125 0.14930555555555555 0.023958333333333335
1 0.9177083333333333 0.38645833333333335 0.16458333333333333 0.029166666666666667
3 0.9121527777777778 0.34817708333333336 0.17569444444444443 0.027604166666666666
2 0.6514444444444445 0.7130781250000001 0.18979861111111124 0.010953124999999985
2 0.6536875 0.7525416666666668 0.16987152777777778 0.011552083333333367
2 0.6493055555555556 0.7704479166666667 0.15037499999999998 0.011276041666666714
2 0.6494097222222222 0.8068697916666667 0.17452083333333346 0.012114583333333448
2 0.6548055555555555 0.88190625 0.15753125 0.010914062499999962
2 0.6614305555555556 0.9369635416666667 0.15138888888888888 0.013843749999999962
0 0.6532569444444445 0.68984375 0.2127673611111112 0.017645833333333392
0 0.6528819444444444 0.7885677083333333 0.19321527777777778 0.008796874999999933
0 0.6479722222222223 0.8267552083333333 0.17831249999999998 0.013932291666666667
0 0.6588680555555555 0.9728645833333334 0.18125 0.008999999999999867
3 0.6534166666666666 0.7326302083333334 0.17895138888888876 0.013999999999999938
3 0.6540069444444444 0.9550729166666667 0.16954861111111116 0.009984375000000038
1 0.6560902777777777 0.8452500000000001 0.1662361111111112 0.016140624999999888
1 0.6556597222222222 0.8621979166666667 0.1653819444444445 0.015583333333333371
1 0.6555555555555556 0.89753125 0.18867361111111114 0.020541666666666694
1 0.6624444444444444 0.9190468749999999 0.1586527777777778 0.014692708333333353
1 0.6634583333333334 0.989765625 0.15320833333333342 0.017510416666666608