3 0.28240972222222227 0.05145833333333331 0.25416666666666665 0.019729166666666725
3 0.2875 0.06968749999999997 0.15648263888888891 0.010140625000000014
2 0.2850138888888889 0.08491145833333331 0.19681597222222227 0.017807291666666693
2 0.28402777777777777 0.10509374999999999 0.1518506944444444 0.016380208333333358
2 0.2807847222222222 0.12163020833333332 0.14120486111111105 0.012864583333333356
2 0.2837361111111111 0.13400520833333332 0.14612152777777784 0.011085937499999924
2 0.29074305555555563 0.14602604166666666 0.13472222222222222 0.006705729166666666
2 0.2824652777777778 0.15840104166666666 0.1203125 0.00978906249999992
2 0.29004861111111113 0.16959895833333333 0.1182881944444444 0.006924479166666586
2 0.2936944444444445 0.18058333333333335 0.1113993055555556 0.007057291666666643
2 0.29467361111111107 0.19169270833333332 0.1076388888888889 0.00879427083333333
2 0.6125 0.023177083333333334 0.3055555555555556 0.030729166666666665
2 0.6083333333333333 0.058333333333333334 0.2972222222222222 0.03125
2 0.6128472222222222 0.08723958333333333 0.30625 0.021354166666666667
2 0.6091041666666667 0.11484375 0.28487500000000004 0.0159427083333334
2 0.6048611111111111 0.14661458333333333 0.2902777777777778 0.0234375
2 0.5969166666666667 0.18007291666666667 0.25972222222222224 0.024283854166666667
2 0.5942916666666667 0.20866145833333338 0.2420520833333334 0.024867187499999943
2 0.5854166666666667 0.23958333333333334 0.22083333333333333 0.020833333333333332
2 0.18194444444444444 0.5002604166666667 0.17708333333333334 0.031510416666666666
2 0.17048611111111112 0.5486979166666667 0.1625 0.033854166666666664
2 0.1875 0.59765625 0.16180555555555556 0.03359375
2 0.190625 0.6359375 0.17673611111111112 0.033854166666666664
2 0.18090277777777777 0.6786458333333333 0.13576388888888888 0.02734375
2 0.178125 0.7135416666666666 0.153125 0.0234375
2 0.17291666666666666 0.7388020833333333 0.1451388888888889 0.01953125
3 0.17743055555555556 0.28046875 0.21840277777777778 0.03802083333333333
3 0.16909722222222223 0.3221354166666667 0.19131944444444443 0.04401041666666667
3 0.1701388888888889 0.36276041666666664 0.20381944444444444 0.028385416666666666
3 0.17326388888888888 0.4015625 0.2125 0.03177083333333333
3 0.17118055555555556 0.44635416666666666 0.1857638888888889 0.03619791666666667
2 0.632 0.581828125 0.18702083333333344 0.010432291666666652
2 0.6342430555555555 0.6212916666666667 0.19001041666666668 0.013114583333333367
2 0.6298611111111111 0.6391979166666667 0.16773611111111109 0.01231770833333338
2 0.6299652777777778 0.6756197916666667 0.17938194444444455 0.01263541666666678
2 0.635361111111111 0.75065625 0.14364236111111112 0.009872395833333296
2 0.6419861111111111 0.8057135416666666 0.1527777777777778 0.013843749999999962
0 0.6338125 0.55859375 0.19332291666666665 0.01608333333333339
0 0.6334374999999999 0.6573177083333334 0.19529861111111113 0.008796874999999933
0 0.6285277777777778 0.6955052083333333 0.16997916666666665 0.013411458333333333
0 0.6394236111111111 0.8416145833333334 0.17222222222222222 0.008479166666666534
0 0.6332291666666667 0.878 0.1478090277777778 0.012971354166666772
3 0.6339722222222222 0.6013802083333334 0.17547916666666655 0.013999999999999938
3 0.6345625 0.8238229166666666 0.16954861111111116 0.009984375000000038
1 0.6366458333333334 0.7140000000000001 0.1662361111111112 0.016140624999999888
1 0.6362152777777778 0.7309479166666667 0.1653819444444445 0.015583333333333371
1 0.6361111111111111 0.76628125 0.18867361111111114 0.020541666666666694
1 0.643 0.787796875 0.1586527777777778 0.014692708333333353
1 0.6440138888888889 0.858515625 0.15320833333333342 0.017510416666666608