3 0.26944444444444443 0.24869791666666666 0.3170138888888889 0.17708333333333334
3 0.25763888888888886 0.3880208333333333 0.20833333333333334 0.025
3 0.2621527777777778 0.4122395833333333 0.13541666666666666 0.0140625
2 0.26006944444444446 0.43255208333333334 0.15694444444444444 0.021614583333333333
2 0.2590277777777778 0.459375 0.14722222222222223 0.024479166666666666
2 0.25625 0.48151041666666666 0.11215277777777778 0.015625
2 0.2590277777777778 0.4979166666666667 0.13958333333333334 0.016927083333333332
2 0.26493055555555556 0.5140625 0.11736111111111111 0.009635416666666667
2 0.25798611111111114 0.53046875 0.115625 0.014322916666666666
2 0.2642361111111111 0.5453125 0.10972222222222222 0.009895833333333333
2 0.2673611111111111 0.5598958333333334 0.10277777777777777 0.009375
2 0.26840277777777777 0.5747395833333333 0.084375 0.010416666666666666
2 0.1840277777777778 0.7643229166666666 0.3680555555555556 0.033854166666666664
2 0.15347222222222223 0.8125 0.30694444444444446 0.03229166666666667
2 0.1763888888888889 0.86171875 0.3527777777777778 0.033854166666666664
2 0.18303472222222225 0.89996875 0.35456249999999995 0.030997395833333503
2 0.1638888888888889 0.9424479166666667 0.3277777777777778 0.030729166666666665
2 0.15604861111111112 0.9775833333333334 0.3072430555555556 0.021333333333333353
2 0.1597222222222222 0.9958333333333333 0.3194444444444444 0.008333333333333333
3 0.17152777777777778 0.7192708333333333 0.34305555555555556 0.01875
2 0.7371527777777778 0.7255208333333333 0.30625 0.03125
2 0.741125 0.7582968749999999 0.2858020833333334 0.022994791666666594
2 0.7408194444444445 0.7858437500000001 0.30215972222222226 0.019411458333333322
2 0.7417430555555556 0.8144375 0.2878090277777777 0.0175052083333334
2 0.7371111111111112 0.842796875 0.29706944444444444 0.01745052083333327
2 0.7407430555555556 0.8704635416666666 0.27685069444444443 0.017973958333333328
2 0.7371111111111112 0.8978385416666667 0.28017013888888886 0.022434895833333357
2 0.7408194444444445 0.9231302083333333 0.2581805555555555 0.014682291666666696
2 0.7397361111111111 0.9496979166666667 0.268826388888889 0.01948958333333325
2 0.7368055555555556 0.9745104166666666 0.27847222222222223 0.017221354166666696
2 0.7361111111111112 0.99375 0.2708333333333333 0.0125
1 0.5142361111111111 0.8822916666666667 0.10902777777777778 0.023958333333333335
1 0.5104166666666666 0.9049479166666666 0.10138888888888889 0.0234375
1 0.5135416666666667 0.9294270833333333 0.1076388888888889 0.021354166666666667
1 0.5107638888888889 0.9528645833333333 0.10208333333333333 0.0203125
1 0.5086805555555556 0.9770833333333333 0.09791666666666667 0.01875
1 0.5111111111111111 0.9921875 0.10277777777777777 0.015625