3 0.5962783171521036 0.7214805825242718 0.8074433656957929 0.33616504854368934
3 0.6256796116504856 0.47718446601941755 0.6116504854368932 0.048252427184466005
3 0.6375404530744336 0.4347087378640777 0.3764886731391587 0.025412621359223366
2 0.631747572815534 0.3992354368932039 0.4592718446601942 0.04172330097087392
2 0.6294498381877023 0.3522087378640777 0.4034466019417475 0.044781553398058366
2 0.6218932038834951 0.31367718446601944 0.3344174757281553 0.03082524271844671
2 0.6287702265372168 0.2848422330097088 0.38322006472491915 0.029817961165048465
2 0.6450970873786409 0.25683252427184466 0.3592233009708738 0.01911407766990291
2 0.6258090614886731 0.22799757281553398 0.3179611650485437 0.02620145631067951
2 0.6434789644012945 0.20190533980582526 0.3020550161812297 0.01770631067961155
2 0.6519741100323625 0.17631067961165045 0.289368932038835 0.018325242718446492
2 0.6542556634304206 0.15042475728155344 0.2588996763754045 0.021565533980582502