3 0.4861111111111111 0.15052083333333333 0.5690972222222223 0.10625
3 0.4652777777777778 0.23489583333333333 0.3923611111111111 0.015885416666666666
3 0.4732638888888889 0.24947916666666667 0.221875 0.0078125
2 0.46944444444444444 0.26197916666666665 0.2916666666666667 0.013541666666666667
2 0.46770833333333334 0.278125 0.2569444444444444 0.014583333333333334
2 0.46284722222222224 0.29140625 0.19826388888888888 0.009114583333333334
2 0.4673611111111111 0.30130208333333336 0.25 0.009895833333333333
2 0.47847222222222224 0.3111979166666667 0.22569444444444445 0.00625
2 0.4652777777777778 0.32109375 0.2111111111111111 0.008854166666666666
2 0.47708333333333336 0.3302083333333333 0.20034722222222223 0.005989583333333334
2 0.4829861111111111 0.3390625 0.190625 0.005989583333333334
2 0.484375 0.34791666666666665 0.16006944444444443 0.0067708333333333336
2 0.24444444444444444 0.43307291666666664 0.23194444444444445 0.0067708333333333336
2 0.24191666666666667 0.45490624999999996 0.22632638888888895 0.0212890625
2 0.24387499999999995 0.47905729166666666 0.2111111111111111 0.01726562500000005
2 0.24728472222222225 0.499609375 0.23617361111111104 0.020536458333333247
2 0.24905555555555556 0.5217239583333334 0.24021527777777785 0.019356770833333314
2 0.25214583333333335 0.541890625 0.2692534722222223 0.02119791666666669
2 0.24381250000000002 0.5861458333333334 0.24128819444444455 0.023411458333333357
2 0.2501875 0.60546875 0.2426770833333333 0.016880208333333258
2 0.25 0.6245989583333333 0.2205798611111111 0.01602864583333338
2 0.2431805555555555 0.6670625 0.23484722222222226 0.014338541666666652
2 0.2473472222222222 0.6869999999999999 0.23560416666666664 0.015385416666666648
2 0.2423611111111111 0.7048072916666667 0.2243680555555555 0.01690625000000002
2 0.24305555555555555 0.725640625 0.2270208333333334 0.01691145833333323
2 0.2323263888888889 0.7463385416666667 0.19797916666666668 0.023260416666666592
2 0.23175694444444445 0.8132291666666667 0.19305555555555556 0.01594791666666661
2 0.21893749999999998 0.8744583333333333 0.19141666666666657 0.02003645833333323
2 0.24103472222222225 0.8979947916666667 0.21288194444444442 0.009338541666666582
2 0.23617361111111104 0.920296875 0.17916666666666667 0.017015625000000038
2 0.2285347222222222 0.9412760416666667 0.17525000000000002 0.014468750000000105
2 0.2263263888888889 0.96040625 0.1594722222222222 0.014848958333333447
2 0.23541666666666666 0.9963541666666667 0.1625 0.007291666666666667
1 0.2329513888888889 0.564375 0.2270208333333333 0.018244791666666652
1 0.22677083333333334 0.8367760416666666 0.18686805555555558 0.016640624999999905
3 0.2300486111111111 0.9813229166666667 0.15302777777777787 0.01690104166666657
3 0.24015277777777783 0.7940625 0.18838194444444442 0.01644270833333342
3 0.23705555555555557 0.7694375 0.21376388888888884 0.020223958333333295
3 0.2388888888888889 0.6497395833333334 0.22121527777777775 0.019458333333333282
0 0.23996527777777774 0.8540104166666667 0.17663888888888898 0.013223958333333266