3 0.33368055555555554 0.14348958333333334 0.3684027777777778 0.09583333333333334
3 0.3194444444444444 0.22395833333333334 0.26180555555555557 0.01484375
3 0.3246527777777778 0.23802083333333332 0.15138888888888888 0.00703125
2 0.32222222222222224 0.24973958333333332 0.2 0.012760416666666666
2 0.3211805555555556 0.26536458333333335 0.18055555555555555 0.0140625
2 0.3177083333333333 0.278125 0.1440972222222222 0.009375
2 0.32083333333333336 0.2875 0.15381944444444445 0.00859375
2 0.328125 0.296875 0.14375 0.005208333333333333
2 0.3194444444444444 0.30625 0.14027777777777778 0.008333333333333333
2 0.32743055555555556 0.31484375 0.12638888888888888 0.005208333333333333
2 0.33125 0.3234375 0.11597222222222223 0.0049479166666666664
2 0.33229166666666665 0.33177083333333335 0.10381944444444445 0.005989583333333334
2 0.4236111111111111 0.6328125 0.2916666666666667 0.03229166666666667
2 0.4239583333333333 0.6841145833333333 0.29097222222222224 0.030729166666666665
2 0.44166666666666665 0.7276041666666667 0.25555555555555554 0.022916666666666665
2 0.4465277777777778 0.8669270833333333 0.24583333333333332 0.0234375
2 0.45208333333333334 0.8955729166666667 0.23472222222222222 0.021354166666666667
2 0.4576388888888889 0.96640625 0.22361111111111112 0.022395833333333334
2 0.4673611111111111 0.9950520833333333 0.20416666666666666 0.009895833333333333
1 0.46284722222222224 0.7619791666666667 0.21319444444444444 0.023958333333333335
1 0.453125 0.8359375 0.2326388888888889 0.030208333333333334
3 0.45381944444444444 0.79765625 0.23125 0.0265625
3 0.4600277777777778 0.9347604166666666 0.2184409722222224 0.02596354166666662
2 0.726263888888889 0.8732291666666666 0.23503819444444454 0.05916666666666662
2 0.7214652777777777 0.920296875 0.20265277777777774 0.01854427083333334
2 0.7289791666666667 0.9414166666666667 0.18825694444444455 0.013385416666666572
2 0.7054305555555556 0.9565208333333334 0.1818194444444444 0.01779166666666659
2 0.7155277777777779 0.9768854166666666 0.16010069444444433 0.010312500000000094
3 0.709375 0.9942708333333333 0.1798611111111111 0.011458333333333333