3 0.41530054644808745 0.36345286885245903 0.7832377049180327 0.2835963114754098
3 0.44170765027322395 0.569467213114754 0.5163934426229508 0.040737704918032774
3 0.43169398907103823 0.6053278688524589 0.3178551912568307 0.02145491803278694
2 0.4365846994535519 0.6352766393442623 0.3877459016393443 0.03522540983606569
2 0.4385245901639344 0.6749795081967213 0.34061475409836056 0.03780737704918042
2 0.4449043715846995 0.7075102459016394 0.28233606557377044 0.02602459016393452
2 0.4390983606557377 0.7318545081967213 0.3235382513661203 0.02517418032786879
2 0.4253142076502731 0.7555020491803279 0.30327868852459017 0.016137295081967214
2 0.4415983606557377 0.7798463114754098 0.26844262295081966 0.02212090163934418
2 0.42668032786885246 0.801875 0.2550136612021857 0.014948770491803196
2 0.41950819672131145 0.8234836065573771 0.24430327868852464 0.015471311475409743
2 0.41758196721311486 0.8453381147540984 0.2185792349726776 0.018206967213114735