2 0.4541357027463651 0.3016303030303031 0.4465993537964458 0.040836363636363705
2 0.46140549273021003 0.34237575757575756 0.4090791599353797 0.036945454545454566
2 0.452794830371567 0.3831212121212121 0.40621163166397406 0.03735757575757582
2 0.4693053311793215 0.4168606060606061 0.3818012924071083 0.024836363636363646
2 0.47747172859450726 0.4487878787878788 0.3783844911147012 0.021345454545454563
2 0.46589660743134087 0.48583030303030306 0.3570274636510501 0.028090909090909034
2 0.46329563812600966 0.5246909090909091 0.3392568659127625 0.03227272727272727
2 0.4602423263327948 0.5579575757575759 0.3223828756058159 0.0336303030303029
2 0.4503715670436187 0.5944424242424242 0.2918659127625201 0.028484848484848484
2 0.4453392568659128 0.6331030303030303 0.2818174474959613 0.027684848484848385
2 0.4444426494345719 0.6715575757575757 0.2836106623586431 0.03052727272727266
2 0.437891760904685 0.7082666666666667 0.26512116316639744 0.027169696969696927
2 0.44848142164781907 0.7402545454545455 0.2898949919224555 0.022460606060606028
2 0.4385218093699515 0.7746727272727273 0.2681744749596123 0.03338181818181814
1 0.12560581583198707 0.4706060606060606 0.25121163166397414 0.028484848484848484
1 0.1280290791599354 0.5103030303030303 0.2560581583198708 0.02666666666666667
1 0.12358642972536349 0.5424242424242425 0.24717285945072698 0.02909090909090909
1 0.11793214862681745 0.573939393939394 0.2358642972536349 0.02666666666666667
1 0.12035541195476575 0.6048484848484849 0.2407108239095315 0.024242424242424242
1 0.11954765751211632 0.6357575757575757 0.23909531502423265 0.024242424242424242
1 0.12035541195476575 0.6624242424242425 0.2407108239095315 0.020606060606060607
1 0.11995153473344103 0.69 0.23990306946688206 0.02484848484848485
1 0.11752827140549273 0.723939393939394 0.23505654281098545 0.03090909090909091
0 0.8077544426494345 0.6475757575757576 0.38449111470113084 0.0903030303030303
0 0.818659127625202 0.7260606060606061 0.36268174474959614 0.04363636363636364
3 0.8344103392568659 0.7851515151515152 0.33117932148626816 0.04303030303030303
3 0.8453150242326333 0.8263636363636364 0.30936995153473346 0.04303030303030303
3 0.8598546042003231 0.8742424242424243 0.2802907915993538 0.056363636363636366