2 0.4265416666666667 0.644953125 0.39367361111111104 0.033531250000000054
2 0.4327916666666667 0.6099374999999999 0.3614166666666667 0.03018750000000002
2 0.42538888888888887 0.5749218749999999 0.3589513888888888 0.03054166666666684
2 0.4395833333333333 0.5459270833333333 0.33796527777777785 0.01978125000000001
2 0.4466041666666667 0.5184895833333333 0.3350277777777778 0.016781250000000015
2 0.4366527777777778 0.48665625 0.31666666666666665 0.022578124999999952
2 0.4344166666666666 0.45326041666666667 0.3013888888888889 0.026171875
2 0.43179166666666663 0.4246718749999999 0.28688194444444454 0.027338541666666553
2 0.4233055555555555 0.39331770833333335 0.2606458333333333 0.022916666666666665
2 0.4189791666666667 0.36009375000000005 0.2520069444444445 0.02222916666666658
2 0.41820833333333335 0.327046875 0.2535486111111112 0.024671874999999944
2 0.4125763888888889 0.29549999999999993 0.2376527777777778 0.021786458333333297
2 0.42168055555555556 0.26801041666666664 0.2589513888888888 0.017739583333333305
2 0.41311805555555553 0.23843229166666666 0.24027777777777778 0.02712499999999996
1 0.1284722222222222 0.49895833333333334 0.2569444444444444 0.022916666666666665
1 0.13055555555555556 0.46484375 0.2611111111111111 0.021354166666666667
1 0.1267361111111111 0.43723958333333335 0.2534722222222222 0.0234375
1 0.12308333333333334 0.41073437499999993 0.24197222222222226 0.021640625000000094
1 0.12395833333333334 0.38385416666666666 0.24791666666666667 0.019791666666666666
1 0.12470833333333332 0.3576041666666666 0.2436736111111111 0.01910937500000003
1 0.1275625 0.3348020833333333 0.24166666666666667 0.016104166666666704
1 0.12918055555555558 0.31107291666666664 0.23719444444444446 0.019583333333333286
1 0.13088194444444445 0.2817864583333333 0.22515277777777779 0.024916666666666743
0 0.7802083333333333 0.34713541666666664 0.4395833333333333 0.0765625
0 0.7895833333333333 0.2799479166666667 0.42083333333333334 0.0359375
3 0.803125 0.22890625 0.39375 0.034895833333333334
3 0.8125 0.19375 0.375 0.035416666666666666
3 0.825 0.15260416666666668 0.35 0.046875