2 0.17222222222222222 0.225 0.34444444444444444 0.034375
2 0.165625 0.26015625 0.33125 0.0296875
2 0.1579861111111111 0.2950520833333333 0.3159722222222222 0.0296875
2 0.1701388888888889 0.3243854166666667 0.30301041666666667 0.01952604166666667
2 0.17715972222222223 0.35182291666666665 0.3189027777777778 0.0175052083333334
2 0.16720833333333332 0.38365625 0.2743055555555556 0.021445312499999977
2 0.1649722222222222 0.4170520833333333 0.2673611111111111 0.025325520833333334
2 0.1623472222222222 0.44564062500000007 0.24274652777777783 0.024867187499999943
2 0.15386111111111106 0.47699479166666664 0.24768402777777776 0.02421875
2 0.14953472222222225 0.5102187499999999 0.22114236111111107 0.02127083333333341
2 0.14876388888888892 0.543265625 0.23719097222222227 0.025096354166666637
2 0.14313194444444446 0.5748125000000001 0.20979861111111103 0.02104947916666665
2 0.1517361111111111 0.6013020833333333 0.24791666666666667 0.0171875
0 0.48159722222222223 0.52265625 0.35625 0.07447916666666667
0 0.4875 0.58984375 0.34444444444444444 0.03697916666666667