2 0.3855447154471545 0.3046890243902439 0.4495040650406503 0.0410853658536586
2 0.3928617886178862 0.34568292682926827 0.41173983739837405 0.03717073170731709
2 0.38419512195121946 0.38667682926829267 0.4088536585365853 0.0375853658536586
2 0.4008130081300813 0.42062195121951224 0.38428455284552854 0.024987804878048792
2 0.40903252032520326 0.4527439024390244 0.3808455284552846 0.021475609756097577
2 0.3973821138211382 0.4900121951219512 0.359349593495935 0.028262195121951165
2 0.39476422764227637 0.529109756097561 0.34146341463414637 0.03246951219512195
2 0.3916910569105691 0.562579268292683 0.32447967479674805 0.0338353658536584
2 0.38175609756097556 0.5992865853658537 0.2937642276422764 0.028658536585365855
2 0.37669105691056914 0.6381829268292682 0.28365040650406514 0.027853658536585266
2 0.3757886178861789 0.6768719512195122 0.28545528455284563 0.030713414634146275
2 0.3691951219512195 0.7138048780487806 0.2668455284552846 0.02733536585365849
2 0.37985365853658537 0.7459878048780488 0.2917804878048779 0.022597560975609724
2 0.3698292682926829 0.7806158536585366 0.26991869918699185 0.03358536585365849
1 0.09065040650406504 0.4746951219512195 0.18130081300813009 0.028658536585365855
1 0.09308943089430895 0.5146341463414634 0.1861788617886179 0.026829268292682926
1 0.0886178861788618 0.5469512195121952 0.1772357723577236 0.02926829268292683
1 0.08292682926829269 0.5786585365853658 0.16585365853658537 0.026829268292682926
1 0.08536585365853659 0.6097560975609756 0.17073170731707318 0.024390243902439025
1 0.08455284552845528 0.6408536585365854 0.16910569105691056 0.024390243902439025
1 0.08536585365853659 0.6676829268292683 0.17073170731707318 0.020731707317073172
1 0.08495934959349594 0.6954268292682927 0.16991869918699187 0.025
1 0.08252032520325203 0.7295731707317074 0.16504065040650406 0.031097560975609756
0 0.7739837398373983 0.6527439024390244 0.45203252032520325 0.09085365853658536
0 0.7849593495934959 0.7317073170731707 0.4300813008130081 0.04390243902439024
3 0.8008130081300813 0.7911585365853658 0.3983739837398374 0.043292682926829265
3 0.8117886178861788 0.8326219512195122 0.37642276422764226 0.043292682926829265
3 0.8264227642276423 0.8807926829268292 0.34715447154471546 0.056707317073170734