2 0.34375 0.17630208333333333 0.2722222222222222 0.034895833333333334
2 0.3579861111111111 0.21119791666666668 0.24375 0.030729166666666665
2 0.3548611111111111 0.24609375 0.25 0.030729166666666665
2 0.371875 0.2752604166666667 0.21597222222222223 0.019270833333333334
2 0.37083333333333335 0.3026041666666667 0.21805555555555556 0.017708333333333333
2 0.3746527777777778 0.334375 0.21041666666666667 0.021875
2 0.37395833333333334 0.36796875 0.21180555555555555 0.0265625
2 0.3729166666666667 0.3966145833333333 0.21388888888888888 0.028645833333333332
2 0.3836805555555556 0.4278645833333333 0.19236111111111112 0.021354166666666667
2 0.3795138888888889 0.4609375 0.20069444444444445 0.021875
2 0.38055555555555554 0.4940104166666667 0.1986111111111111 0.0234375
1 0.10972222222222222 0.3216145833333333 0.21944444444444444 0.0234375
1 0.11423611111111111 0.35598958333333336 0.22847222222222222 0.022395833333333334
1 0.1076388888888889 0.38359375 0.2152777777777778 0.0234375
1 0.09930555555555555 0.41041666666666665 0.1986111111111111 0.020833333333333332
1 0.10243055555555555 0.43697916666666664 0.2048611111111111 0.01875
1 0.10625 0.46328125 0.2125 0.0203125
1 0.10486111111111111 0.4864583333333333 0.20972222222222223 0.016666666666666666
1 0.10625 0.5049479166666667 0.2125 0.009895833333333333