2 0.30636458333333333 0.14254687500000002 0.2507526041666666 0.03004687500000003
2 0.31105208333333334 0.17756249999999998 0.26209375 0.03150000000000001
2 0.3055 0.21257812499999998 0.2585651041666666 0.0316770833333333
2 0.31614583333333335 0.2415729166666667 0.2147578125 0.018484375000000004
2 0.32141145833333334 0.26901041666666664 0.21782291666666667 0.0159427083333334
2 0.31394791666666666 0.30084375 0.2 0.02092447916666664
2 0.31227083333333333 0.3342395833333333 0.20885416666666667 0.0263671875
2 0.3103020833333333 0.36282812500000006 0.20080989583333336 0.02747135416666661
2 0.30393749999999997 0.39418229166666663 0.1852421875 0.023697916666666666
1 0.08697916666666666 0.2877604166666667 0.17395833333333333 0.0234375
1 0.08802083333333334 0.321875 0.17604166666666668 0.021875
1 0.08151041666666667 0.3494791666666667 0.16302083333333334 0.021875
1 0.07877083333333333 0.37676562500000005 0.1506354166666667 0.01993489583333338
1 0.08307291666666666 0.40130208333333334 0.16614583333333333 0.0171875
1 0.7796875 0.19973958333333333 0.2 0.0359375
2 0.7979166666666667 0.025260416666666667 0.23645833333333333 0.050520833333333334
2 0.7809895833333333 0.08203125 0.20260416666666667 0.043229166666666666
2 0.7815104166666667 0.14244791666666667 0.20364583333333333 0.04010416666666667
0 0.7903645833333334 0.24088541666666666 0.22135416666666666 0.024479166666666666
0 0.8072916666666666 0.30104166666666665 0.2552083333333333 0.07916666666666666
2 0.19348958333333333 0.41380208333333335 0.10807291666666667 0.00390625
2 0.18541666666666667 0.421875 0.10390625 0.0067708333333333336
2 0.20442708333333334 0.4283854166666667 0.13046875 0.005208333333333333
2 0.19270833333333334 0.43515625 0.10703125 0.005208333333333333