2 0.3077916666666667 0.2107760416666667 0.37669791666666663 0.034213541666666694
2 0.31404166666666666 0.24579166666666666 0.34945833333333337 0.03150000000000001
2 0.30663888888888885 0.2808072916666667 0.3378090277777777 0.031156249999999965
2 0.32083333333333336 0.30980208333333337 0.2905104166666667 0.018484375000000004
2 0.32785416666666667 0.3372395833333333 0.31612500000000004 0.0175052083333334
2 0.31790277777777776 0.3690729166666667 0.27569444444444446 0.021445312499999977
2 0.31566666666666665 0.40246875 0.27847222222222223 0.0263671875
2 0.31304166666666666 0.43105729166666673 0.26010763888888894 0.026950520833333276
2 0.3045555555555555 0.4624114583333333 0.23171180555555554 0.022135416666666668
2 0.3002291666666667 0.4956354166666666 0.23225347222222217 0.022312500000000075
2 0.2989583333333333 0.528125 0.22291666666666668 0.022916666666666665
1 0.06597222222222222 0.35598958333333336 0.13194444444444445 0.024479166666666666
1 0.06215277777777778 0.39036458333333335 0.12430555555555556 0.0203125
1 0.06284722222222222 0.41770833333333335 0.12569444444444444 0.023958333333333335
1 0.05659722222222222 0.44479166666666664 0.11319444444444444 0.021875
1 0.058333333333333334 0.4713541666666667 0.11666666666666667 0.019791666666666666
1 0.05555555555555555 0.49765625 0.1111111111111111 0.018229166666666668
1 0.06180555555555556 0.5205729166666667 0.12361111111111112 0.0171875
0 0.5305555555555556 0.5057291666666667 0.1388888888888889 0.06770833333333333
2 0.6354166666666666 0.14140625 0.07083333333333333 0.025520833333333333
2 0.6291666666666667 0.16901041666666666 0.058333333333333334 0.019270833333333334
2 0.6253472222222223 0.18828125 0.050694444444444445 0.0140625
2 0.6236111111111111 0.28229166666666666 0.04722222222222222 0.019791666666666666
2 0.6267361111111112 0.30442708333333335 0.05347222222222222 0.019270833333333334
2 0.6305555555555555 0.32447916666666665 0.06111111111111111 0.019791666666666666
2 0.6232638888888888 0.3880208333333333 0.04652777777777778 0.015625
2 0.6246527777777777 0.40729166666666666 0.049305555555555554 0.016666666666666666
3 0.253125 0.68359375 0.50625 0.03697916666666667
3 0.2388888888888889 0.7299479166666667 0.4777777777777778 0.049479166666666664
3 0.22291666666666668 0.7924479166666667 0.44583333333333336 0.0671875
0 0.26458333333333334 0.5552083333333333 0.5291666666666667 0.03125
1 0.27534722222222224 0.6140625 0.5506944444444445 0.06875
2 0.24583333333333332 0.8684895833333334 0.49166666666666664 0.06927083333333334
2 0.22881944444444444 0.9356770833333333 0.4576388888888889 0.04739583333333333
2 0.24270833333333333 0.9838541666666667 0.48541666666666666 0.03229166666666667
3 0.8 0.7815104166666667 0.4 0.058854166666666666
2 0.8 0.6065104166666667 0.4 0.07552083333333333
2 0.8 0.6794270833333333 0.4 0.050520833333333334
2 0.8 0.840625 0.4 0.036458333333333336
2 0.8 0.9002604166666667 0.4 0.0546875
2 0.8 0.9705729166666667 0.4 0.05364583333333333