2 0.3940972222222222 0.36692708333333335 0.3861111111111111 0.084375
2 0.4083333333333333 0.4005208333333333 0.35347222222222224 0.07708333333333334
2 0.40902777777777777 0.4359375 0.35138888888888886 0.07708333333333334
2 0.42986111111111114 0.4627604166666667 0.3284722222222222 0.06354166666666666
2 0.44305555555555554 0.48880208333333336 0.32430555555555557 0.06041666666666667
2 0.440625 0.5213541666666667 0.3076388888888889 0.06354166666666666
2 0.4461805555555556 0.5546875 0.29375 0.06510416666666667
2 0.45034722222222223 0.5830729166666667 0.2798611111111111 0.06458333333333334
2 0.44930555555555557 0.6151041666666667 0.25277777777777777 0.05677083333333333
2 0.45243055555555556 0.6484375 0.24444444444444444 0.05520833333333333
2 0.459375 0.6809895833333334 0.2465277777777778 0.0578125
2 0.46111111111111114 0.7127604166666667 0.2298611111111111 0.05260416666666667
2 0.47673611111111114 0.7385416666666667 0.25 0.0515625
2 0.475 0.7690104166666667 0.23402777777777778 0.058333333333333334
1 0.13194444444444445 0.54921875 0.25416666666666665 0.05677083333333333
1 0.14201388888888888 0.5825520833333333 0.25763888888888886 0.05625
1 0.14583333333333334 0.61015625 0.24861111111111112 0.05677083333333333
1 0.14930555555555555 0.6369791666666667 0.23402777777777778 0.053125
1 0.15659722222222222 0.6630208333333333 0.24027777777777778 0.0515625
1 0.16354166666666667 0.6890625 0.23541666666666666 0.051041666666666666
1 0.17152777777777778 0.7111979166666667 0.2326388888888889 0.04739583333333333
1 0.17847222222222223 0.734375 0.22916666666666666 0.050520833333333334
1 0.18715277777777778 0.7630208333333334 0.21805555555555556 0.05416666666666667
0 0.7954861111111111 0.6135416666666667 0.40902777777777777 0.13333333333333333
0 0.8145833333333333 0.6783854166666666 0.37083333333333335 0.09114583333333333
3 0.8336805555555555 0.7268229166666667 0.3326388888888889 0.08697916666666666
3 0.8475694444444445 0.7604166666666666 0.30486111111111114 0.084375
3 0.8635416666666667 0.7989583333333333 0.27291666666666664 0.09270833333333334