2 0.4265416666666667 0.35504687500000004 0.3950624999999999 0.034572916666666724
2 0.4327916666666667 0.3900625 0.3628055555555556 0.031229166666666686
2 0.42538888888888887 0.425078125 0.36034027777777766 0.03158333333333339
2 0.4395833333333333 0.4540729166666667 0.33935416666666673 0.020822916666666677
2 0.4466041666666667 0.48151041666666666 0.3364166666666667 0.01782291666666668
2 0.4366527777777778 0.51334375 0.31805555555555554 0.02361979166666662
2 0.4344166666666666 0.5467395833333334 0.30277777777777776 0.027213541666666667
2 0.43179166666666663 0.5753281250000001 0.2882708333333334 0.02838020833333322
2 0.4233055555555555 0.6066822916666667 0.2620347222222222 0.023958333333333335
2 0.4189791666666667 0.6399062499999999 0.2533958333333334 0.023270833333333248
2 0.41820833333333335 0.6729531249999999 0.2549375000000001 0.02571354166666661
2 0.4125763888888889 0.7045 0.23904166666666668 0.022828124999999963
2 0.42168055555555556 0.7319895833333334 0.2603402777777777 0.01878124999999997
2 0.41311805555555553 0.7615677083333333 0.24166666666666667 0.028166666666666628
1 0.12881944444444443 0.5005208333333333 0.25763888888888886 0.023958333333333335
1 0.13090277777777778 0.5346354166666667 0.26180555555555557 0.022395833333333334
1 0.12708333333333333 0.5622395833333333 0.25416666666666665 0.024479166666666666
1 0.12308333333333334 0.589265625 0.24336111111111114 0.02268229166666676
1 0.12430555555555556 0.615625 0.24861111111111112 0.020833333333333332
1 0.12470833333333332 0.6423958333333334 0.2450625 0.020151041666666696
1 0.1275625 0.6651979166666667 0.24305555555555555 0.01714583333333337
1 0.12918055555555558 0.6889270833333333 0.23858333333333334 0.020624999999999952
1 0.13088194444444445 0.7182135416666667 0.2265416666666667 0.02595833333333341
0 0.7798611111111111 0.65234375 0.44027777777777777 0.07760416666666667
0 0.7892361111111111 0.71953125 0.4215277777777778 0.03697916666666667
3 0.8027777777777778 0.7705729166666667 0.39444444444444443 0.0359375
3 0.8121527777777777 0.8057291666666667 0.37569444444444444 0.036458333333333336
3 0.8246527777777778 0.846875 0.3506944444444444 0.04791666666666667