2 0.23125 0.01171875 0.2972222222222222 0.0234375
2 0.24583333333333332 0.03671875 0.26805555555555555 0.0203125
2 0.25590277777777776 0.0640625 0.24791666666666667 0.016666666666666666
2 0.25243055555555555 0.09609375 0.2548611111111111 0.022395833333333334
2 0.2569444444444444 0.12916666666666668 0.24583333333333332 0.025
2 0.26006944444444446 0.15807291666666667 0.23958333333333334 0.025520833333333333
2 0.25525 0.18949479166666663 0.22407291666666665 0.021614583333333333
2 0.25092361111111117 0.22271874999999994 0.2121145833333333 0.020229166666666742
2 0.2501527777777778 0.25576562499999994 0.2142743055555556 0.023013020833333304
2 0.24452083333333335 0.2873125 0.22715972222222217 0.02313281249999998
2 0.25362500000000004 0.31480208333333337 0.24926736111111106 0.0192864583333332
2 0.2450625 0.3443802083333333 0.21319444444444444 0.026322916666666647
1 0.036458333333333336 0.08307291666666666 0.07291666666666667 0.022395833333333334
1 0.036458333333333336 0.1171875 0.07291666666666667 0.019791666666666666
1 0.03923611111111111 0.14505208333333333 0.07847222222222222 0.024479166666666666
1 0.027777777777777776 0.171875 0.05555555555555555 0.019791666666666666
1 0.03298611111111111 0.1984375 0.06597222222222222 0.019791666666666666
1 0.03611111111111111 0.22473958333333333 0.07222222222222222 0.0203125
1 0.03194444444444444 0.24791666666666667 0.06388888888888888 0.015625
1 0.03611111111111111 0.2716145833333333 0.07222222222222222 0.0203125
1 0.03263888888888889 0.30078125 0.06527777777777778 0.024479166666666666
3 0.24513888888888888 0.4708333333333333 0.14166666666666666 0.021875
1 0.7747708333333334 0.714625 0.3882708333333333 0.03644531250000007
1 0.78225 0.7995260416666667 0.36304166666666665 0.028750000000000022
1 0.7843333333333333 0.9083125 0.3706805555555555 0.03481770833333329
2 0.7826388888888889 0.5380208333333333 0.43472222222222223 0.04791666666666667
2 0.7993055555555556 0.5812239583333334 0.3987638888888891 0.0373046875
2 0.8024305555555555 0.6268229166666667 0.3951388888888889 0.0359375
2 0.7903541666666668 0.6680416666666666 0.35046180555555567 0.039513020833333336
2 0.7979166666666667 0.7557656250000001 0.3771597222222223 0.029953124999999994
0 0.7815555555555556 0.8336458333333333 0.3548611111111111 0.030807291666666594
0 0.7868055555555555 0.869296875 0.3359583333333333 0.02786197916666661
0 0.7830277777777778 0.941875 0.3263888888888889 0.02312499999999993
3 0.7727638888888889 0.97746875 0.3271215277777778 0.02460416666666679