2 0.4263888888888889 0.35494791666666664 0.3840277777777778 0.034895833333333334
2 0.4326388888888889 0.39010416666666664 0.35138888888888886 0.03177083333333333
2 0.4253472222222222 0.425 0.34930555555555554 0.03229166666666667
2 0.4395833333333333 0.45416666666666666 0.3284722222222222 0.021354166666666667
2 0.4465277777777778 0.48151041666666666 0.325 0.018229166666666668
2 0.43680555555555556 0.51328125 0.30694444444444446 0.023958333333333335
2 0.434375 0.5466145833333333 0.2916666666666667 0.027604166666666666
2 0.43194444444444446 0.5752604166666667 0.27708333333333335 0.028645833333333332
2 0.4232638888888889 0.6067708333333334 0.25069444444444444 0.024479166666666666
2 0.41909722222222223 0.63984375 0.2423611111111111 0.023958333333333335
2 0.41805555555555557 0.6729166666666667 0.24375 0.026041666666666668
2 0.4125 0.7044270833333334 0.22777777777777777 0.0234375
2 0.4215277777777778 0.73203125 0.24930555555555556 0.019270833333333334
2 0.4131944444444444 0.7614583333333333 0.23055555555555557 0.028645833333333332
1 0.12638888888888888 0.5005208333333333 0.25277777777777777 0.024479166666666666
1 0.128125 0.5346354166666667 0.25625 0.022916666666666665
1 0.12569444444444444 0.5625 0.2465277777777778 0.025
1 0.12291666666666666 0.5893229166666667 0.23194444444444445 0.0234375
1 0.12395833333333334 0.6158854166666666 0.2388888888888889 0.020833333333333332
1 0.12465277777777778 0.6424479166666667 0.23402777777777778 0.020833333333333332
1 0.12743055555555555 0.6651041666666667 0.23194444444444445 0.017708333333333333
1 0.12916666666666668 0.6888020833333334 0.22777777777777777 0.021354166666666667
1 0.13090277777777778 0.7182291666666667 0.2152777777777778 0.0265625
0 0.7826388888888889 0.6526041666666667 0.43472222222222223 0.078125
0 0.7920138888888889 0.7197916666666667 0.41597222222222224 0.0375
3 0.8055555555555556 0.7708333333333334 0.3888888888888889 0.03697916666666667
3 0.8152777777777778 0.80625 0.36944444444444446 0.03697916666666667
3 0.8274305555555556 0.8471354166666667 0.3451388888888889 0.0484375