2 0.5802083333333333 0.35703125 0.3854166666666667 0.0453125
2 0.5722222222222222 0.3919270833333333 0.3527777777777778 0.04114583333333333
2 0.578125 0.4270833333333333 0.3506944444444444 0.04114583333333333
2 0.5625 0.4557291666666667 0.32916666666666666 0.0296875
2 0.5541666666666667 0.4828125 0.32569444444444445 0.027083333333333334
2 0.5628472222222223 0.5151041666666667 0.3076388888888889 0.03229166666666667
2 0.5635416666666667 0.5484375 0.29305555555555557 0.035416666666666666
2 0.5645833333333333 0.5770833333333333 0.27847222222222223 0.0359375
2 0.5715277777777777 0.60859375 0.2520833333333333 0.03125
2 0.5743055555555555 0.6419270833333334 0.24305555555555555 0.030208333333333334
2 0.5736111111111111 0.675 0.24513888888888888 0.0328125
2 0.5777777777777777 0.7067708333333333 0.22916666666666666 0.029166666666666667
2 0.5673611111111111 0.7338541666666667 0.25 0.026041666666666668
2 0.5746527777777778 0.7638020833333333 0.23194444444444445 0.034895833333333334
1 0.8732638888888888 0.5104166666666666 0.2534722222222222 0.03125
1 0.8697916666666666 0.54453125 0.25763888888888886 0.0296875
1 0.8711805555555555 0.5721354166666667 0.24791666666666667 0.03125
1 0.8725694444444444 0.5989583333333334 0.23333333333333334 0.029166666666666667
1 0.8701388888888889 0.62578125 0.23958333333333334 0.027083333333333334
1 0.8684027777777777 0.6520833333333333 0.23472222222222222 0.0265625
1 0.8645833333333334 0.6747395833333333 0.2326388888888889 0.023958333333333335
1 0.8618055555555556 0.6984375 0.22847222222222222 0.027083333333333334
1 0.8586805555555556 0.7278645833333334 0.21666666666666667 0.03229166666666667
0 0.21458333333333332 0.6450520833333333 0.42916666666666664 0.0890625
0 0.203125 0.71171875 0.40625 0.0484375
3 0.18854166666666666 0.7625 0.3770833333333333 0.046875
3 0.178125 0.7973958333333333 0.35625 0.046875
3 0.16493055555555555 0.8380208333333333 0.3298611111111111 0.057291666666666664