2 0.30659722222222224 0.5552083333333333 0.04652777777777778 0.28802083333333334
2 0.35347222222222224 0.5505208333333333 0.04236111111111111 0.2635416666666667
2 0.4 0.5559895833333334 0.043055555555555555 0.26197916666666665
2 0.4388888888888889 0.5453125 0.02847222222222222 0.24635416666666668
2 0.4753472222222222 0.5401041666666667 0.024305555555555556 0.24375
2 0.5177083333333333 0.5473958333333333 0.03194444444444444 0.23020833333333332
2 0.5621527777777777 0.54921875 0.03680555555555556 0.21875
2 0.6003472222222223 0.5510416666666667 0.03819444444444445 0.2078125
2 0.6423611111111112 0.5575520833333333 0.03263888888888889 0.18802083333333333
2 0.6864583333333333 0.5606770833333333 0.03194444444444444 0.18177083333333333
2 0.7305555555555555 0.5614583333333333 0.034722222222222224 0.1828125
2 0.7725694444444444 0.565625 0.03125 0.17083333333333334
2 0.809375 0.5588541666666667 0.025694444444444443 0.18697916666666667
2 0.8486111111111111 0.5651041666666666 0.03819444444444445 0.17291666666666666
1 0.5006944444444444 0.7802083333333333 0.03263888888888889 0.18958333333333333
1 0.5461805555555556 0.77890625 0.030555555555555555 0.1921875
1 0.5833333333333334 0.7807291666666667 0.03333333333333333 0.18489583333333334
1 0.6190972222222222 0.7828125 0.03125 0.17395833333333333
1 0.6545138888888888 0.78203125 0.027777777777777776 0.17916666666666667
1 0.6899305555555556 0.7815104166666667 0.027777777777777776 0.17552083333333332
1 0.7201388888888889 0.7794270833333333 0.02361111111111111 0.17395833333333333
1 0.7517361111111112 0.778125 0.02847222222222222 0.17083333333333334
1 0.7909722222222222 0.7768229166666667 0.035416666666666666 0.16145833333333334
0 0.7034722222222223 0.28802083333333334 0.10416666666666667 0.3260416666666667
0 0.7930555555555555 0.28098958333333335 0.05 0.31197916666666664
3 0.8611111111111112 0.2708333333333333 0.049305555555555554 0.2916666666666667
3 0.9083333333333333 0.2635416666666667 0.049305555555555554 0.27708333333333335
3 0.9628472222222222 0.25442708333333336 0.06458333333333334 0.25885416666666666