2 0.42822625698324024 0.6472827225130889 0.38609636871508374 0.035277486910994825
2 0.43451117318435756 0.6120837696335079 0.35365921787709503 0.03191623036649217
2 0.42706703910614524 0.5768848167539267 0.35118016759776527 0.03227225130890069
2 0.441340782122905 0.5477382198952879 0.33007681564245817 0.021455497382198964
2 0.44840083798882685 0.5201570680628272 0.327122905027933 0.018439790575916246
2 0.4383938547486033 0.4881570680628272 0.308659217877095 0.024267015706806234
2 0.436145251396648 0.454586387434555 0.29329608938547486 0.02787958115183246
2 0.43350558659217875 0.42584816753926696 0.2787081005586593 0.029052356020942294
2 0.4249720670391061 0.39432984293193724 0.25232541899441335 0.024607329842931937
2 0.4206215083798883 0.36093193717277494 0.24363826815642464 0.023916230366492063
2 0.4198463687150838 0.3277120418848168 0.2451885474860336 0.02637172774869104
2 0.41418296089385476 0.29599999999999993 0.22920391061452516 0.02347120418848164
2 0.42333798882681567 0.2683664921465968 0.25062150837988817 0.019403141361256517
2 0.4147276536312849 0.23863350785340312 0.23184357541899442 0.028837696335078496
1 0.12639664804469275 0.5013089005235603 0.2527932960893855 0.024607329842931937
1 0.12849162011173185 0.46701570680628274 0.2569832402234637 0.023036649214659685
1 0.1257122905027933 0.4388376963350786 0.2481354748603352 0.025178010471204264
1 0.12307262569832403 0.4118376963350785 0.2335474860335196 0.02332460732984303
1 0.12408519553072625 0.3850785340314136 0.24022346368715083 0.021005235602094184
1 0.12470670391061452 0.35842931937172773 0.23525837988826814 0.020780104712041912
1 0.1275768156424581 0.3355078534031413 0.23324022346368714 0.01775916230366496
1 0.12920391061452516 0.3116544502617801 0.22874301675977654 0.02125654450261775
1 0.13091480446927375 0.28221465968586384 0.21663407821229053 0.026617801047120495
0 0.7838687150837989 0.3484293193717278 0.43226256983240224 0.07801047120418848
0 0.7932960893854749 0.2806282722513089 0.4134078212290503 0.03769633507853403
3 0.806913407821229 0.22958115183246072 0.3861731843575419 0.03717277486910995
3 0.8163407821229051 0.19397905759162304 0.36731843575418993 0.03717277486910995
3 0.8289106145251397 0.15261780104712042 0.34217877094972066 0.04869109947643979