2 0.46111111111111114 0.34765625 0.3861111111111111 0.084375
2 0.459375 0.38307291666666665 0.35347222222222224 0.07708333333333334
2 0.44375 0.41640625 0.35138888888888886 0.07708333333333334
2 0.4510416666666667 0.446875 0.3284722222222222 0.06354166666666666
2 0.4517361111111111 0.4747395833333333 0.32430555555555557 0.06041666666666667
2 0.434375 0.5049479166666667 0.3076388888888889 0.06354166666666666
2 0.42465277777777777 0.5375 0.29375 0.06510416666666667
2 0.4152777777777778 0.5653645833333333 0.2798611111111111 0.06458333333333334
2 0.3996527777777778 0.5950520833333334 0.25277777777777777 0.05677083333333333
2 0.38784722222222223 0.62734375 0.24444444444444444 0.05520833333333333
2 0.3795138888888889 0.6596354166666667 0.2465277777777778 0.0578125
2 0.36666666666666664 0.6901041666666666 0.2298611111111111 0.05260416666666667
2 0.36909722222222224 0.7182291666666667 0.25 0.0515625
2 0.35381944444444446 0.7463541666666667 0.23402777777777778 0.058333333333333334
1 0.13194444444444445 0.4518229166666667 0.25416666666666665 0.05677083333333333
1 0.12708333333333333 0.48541666666666666 0.25416666666666665 0.05625
1 0.12048611111111111 0.5127604166666667 0.24097222222222223 0.05677083333333333
1 0.1125 0.5385416666666667 0.225 0.053125
1 0.11145833333333334 0.56484375 0.22291666666666668 0.0515625
1 0.1076388888888889 0.5911458333333334 0.2152777777777778 0.051041666666666666
1 0.10555555555555556 0.6138020833333333 0.2111111111111111 0.04739583333333333
1 0.10277777777777777 0.6377604166666667 0.20555555555555555 0.050520833333333334
1 0.09756944444444444 0.6666666666666666 0.1951388888888889 0.05416666666666667
0 0.7430555555555556 0.6872395833333333 0.44583333333333336 0.13333333333333333
0 0.7368055555555556 0.7544270833333333 0.41805555555555557 0.09114583333333333
3 0.7381944444444445 0.8065104166666667 0.39166666666666666 0.08697916666666666
3 0.7395833333333334 0.8424479166666666 0.37222222222222223 0.084375
3 0.7420138888888889 0.884375 0.35138888888888886 0.09270833333333334