2 0.4265416666666667 0.35504687500000004 0.3839513888888888 0.035093750000000055
2 0.4327916666666667 0.3900625 0.3516944444444445 0.03175000000000002
2 0.42538888888888887 0.425078125 0.3492291666666666 0.03210416666666672
2 0.4395833333333333 0.4540729166666667 0.3282430555555556 0.02134375000000001
2 0.4466041666666667 0.48151041666666666 0.32530555555555557 0.018343750000000013
2 0.4366527777777778 0.51334375 0.30694444444444446 0.024140624999999954
2 0.4344166666666666 0.5467395833333334 0.2916666666666667 0.027734375
2 0.43179166666666663 0.5753281250000001 0.2771597222222223 0.028901041666666554
2 0.4233055555555555 0.6066822916666667 0.25092361111111106 0.024479166666666666
2 0.4189791666666667 0.6399062499999999 0.24228472222222225 0.023791666666666583
2 0.41820833333333335 0.6729531249999999 0.24382638888888894 0.026234374999999942
2 0.4125763888888889 0.7045 0.22793055555555558 0.023348958333333295
2 0.42168055555555556 0.7319895833333334 0.2492291666666666 0.019302083333333307
2 0.41311805555555553 0.7615677083333333 0.23055555555555557 0.028687499999999963
1 0.1262361111111111 0.5005885416666667 0.2524722222222222 0.02451041666666664
1 0.12825694444444444 0.5347395833333334 0.2564791666666667 0.022958333333333296
1 0.12570833333333334 0.56240625 0.24675694444444443 0.025046875000000076
1 0.12308333333333334 0.589265625 0.23225000000000004 0.023203125000000095
1 0.12409027777777777 0.6158854166666666 0.2388888888888889 0.020895833333333277
1 0.12470833333333332 0.6423958333333334 0.2339513888888889 0.020671875000000027
1 0.1275625 0.6651979166666667 0.23194444444444445 0.017666666666666705
1 0.12918055555555558 0.6889270833333333 0.22747222222222221 0.021145833333333287
1 0.13088194444444445 0.7182135416666667 0.21543055555555557 0.02647916666666674
0 0.7827916666666667 0.6526302083333333 0.4344166666666666 0.07795312500000004
0 0.7920138888888889 0.7197916666666667 0.41597222222222224 0.0375
3 0.8055555555555556 0.770875 0.3888888888888889 0.0368802083333333
3 0.8152013888888889 0.8061197916666667 0.3695972222222222 0.03677604166666673
3 0.8274305555555556 0.8471354166666667 0.3451388888888889 0.0484375