2 0.4265416666666667 0.35504687500000004 0.3964513888888888 0.03665625000000006
2 0.4327916666666667 0.3900625 0.3641944444444445 0.033312500000000016
2 0.42538888888888887 0.425078125 0.3617291666666666 0.03366666666666672
2 0.4395833333333333 0.4540729166666667 0.3407430555555556 0.02290625000000001
2 0.4466041666666667 0.48151041666666666 0.3378055555555556 0.019906250000000014
2 0.4366527777777778 0.51334375 0.3194444444444444 0.02570312499999995
2 0.4344166666666666 0.5467395833333334 0.30416666666666664 0.029296875
2 0.43179166666666663 0.5753281250000001 0.2896597222222223 0.030463541666666552
2 0.4233055555555555 0.6066822916666667 0.26342361111111107 0.026041666666666668
2 0.4189791666666667 0.6399062499999999 0.2547847222222223 0.02535416666666658
2 0.41820833333333335 0.6729531249999999 0.256326388888889 0.027796874999999943
2 0.4125763888888889 0.7045 0.24043055555555556 0.024911458333333296
2 0.42168055555555556 0.7319895833333334 0.26172916666666657 0.020864583333333304
2 0.41311805555555553 0.7615677083333333 0.24305555555555555 0.03024999999999996
1 0.12916666666666668 0.5005208333333333 0.25833333333333336 0.026041666666666668
1 0.13125 0.5346354166666667 0.2625 0.024479166666666666
1 0.12743055555555555 0.5622395833333333 0.2548611111111111 0.0265625
1 0.12308333333333334 0.589265625 0.24475000000000005 0.024765625000000093
1 0.12465277777777778 0.615625 0.24930555555555556 0.022916666666666665
1 0.12470833333333332 0.6423958333333334 0.24645138888888887 0.02223437500000003
1 0.1275625 0.6651979166666667 0.24444444444444444 0.019229166666666703
1 0.12918055555555558 0.6889270833333333 0.23997222222222223 0.022708333333333285
1 0.13088194444444445 0.7182135416666667 0.22793055555555558 0.028041666666666742
0 0.7795138888888888 0.65234375 0.4409722222222222 0.0796875
0 0.7888888888888889 0.71953125 0.4222222222222222 0.0390625
3 0.8024305555555555 0.7705729166666667 0.3951388888888889 0.03802083333333333
3 0.8118055555555556 0.8057291666666667 0.3763888888888889 0.03854166666666667
3 0.8243055555555555 0.846875 0.35138888888888886 0.05