2 0.5315972222222223 0.346875 0.3854166666666667 0.09427083333333333
2 0.5354166666666667 0.38203125 0.3527777777777778 0.0859375
2 0.5520833333333334 0.41510416666666666 0.3506944444444444 0.0859375
2 0.5465277777777777 0.44557291666666665 0.32708333333333334 0.071875
2 0.5472222222222223 0.47369791666666666 0.3236111111111111 0.06875
2 0.565625 0.503125 0.30694444444444446 0.07135416666666666
2 0.5770833333333333 0.5354166666666667 0.29305555555555557 0.07239583333333334
2 0.5875 0.5630208333333333 0.2791666666666667 0.07135416666666666
2 0.6045138888888889 0.5924479166666666 0.2520833333333333 0.06302083333333333
2 0.6180555555555556 0.62421875 0.24375 0.0609375
2 0.6277777777777778 0.6565104166666667 0.24583333333333332 0.06354166666666666
2 0.6423611111111112 0.6864583333333333 0.22916666666666666 0.058333333333333334
2 0.6409722222222223 0.7145833333333333 0.24930555555555556 0.0578125
2 0.6576388888888889 0.7421875 0.23333333333333334 0.0640625
1 0.865625 0.4421875 0.2534722222222222 0.06354166666666666
1 0.8722222222222222 0.47604166666666664 0.25555555555555554 0.0625
1 0.8795138888888889 0.50234375 0.24097222222222223 0.06302083333333333
1 0.8881944444444444 0.5283854166666667 0.22361111111111112 0.058854166666666666
1 0.8899305555555556 0.5544270833333333 0.22013888888888888 0.0578125
1 0.8944444444444445 0.58046875 0.2111111111111111 0.05677083333333333
1 0.896875 0.6033854166666667 0.20625 0.05364583333333333
1 0.9003472222222222 0.6270833333333333 0.19930555555555557 0.05625
1 0.90625 0.6557291666666667 0.1875 0.059375
0 0.265625 0.6934895833333333 0.4465277777777778 0.14375
0 0.27534722222222224 0.7604166666666666 0.4173611111111111 0.1015625
3 0.2760416666666667 0.8125 0.3902777777777778 0.096875
3 0.2763888888888889 0.8484375 0.3715277777777778 0.09375
3 0.2760416666666667 0.890625 0.3506944444444444 0.10104166666666667