2 0.4752889667250438 0.5691918528252299 0.4841418563922941 0.044270696452036865
2 0.4674080560420315 0.5250197109067017 0.44346760070052543 0.040052562417871244
2 0.4767425569176883 0.4808475689881735 0.4403590192644482 0.040499342969776676
2 0.45884413309982486 0.44427069645203676 0.41389667250437834 0.02692509855453352
2 0.4499912434325744 0.4096583442838371 0.41019264448336257 0.023140604467805536
2 0.4625394045534151 0.3695006570302234 0.38704028021015763 0.030453350854139232
2 0.4653590192644484 0.3273718791064389 0.36777583187390545 0.03498685939553219
2 0.4686690017513135 0.2913074901445466 0.34948336252189155 0.03645860709592627
2 0.4793695271453591 0.25175427069645206 0.316401050788091 0.03088042049934297
2 0.4848248686514886 0.2098423127463864 0.3055078809106831 0.0300131406044677
2 0.4857968476357268 0.16815374507227338 0.3074518388791595 0.03309461235216813
2 0.49289842381786336 0.12835742444152423 0.28740805604203157 0.029454664914586023
2 0.4814185639229422 0.0936793692509855 0.31426444833625206 0.02434954007884359
2 0.492215411558669 0.05636662286465175 0.29071803852889666 0.03618922470433635
1 0.8476357267950964 0.3860052562417871 0.30472854640980734 0.03088042049934297
1 0.8450087565674256 0.34296977660972405 0.30998248686514884 0.02890932982917214
1 0.8498248686514887 0.30814717477003944 0.30035026269702275 0.03153745072273324
1 0.8559544658493871 0.2739816031537451 0.28809106830122594 0.02890932982917214
1 0.8533274956217163 0.240473061760841 0.29334500875656744 0.026281208935611037
1 0.8542031523642732 0.20696452036793692 0.29159369527145357 0.026281208935611037
1 0.8522854640980735 0.1779369250985545 0.29246935201401053 0.02228646517739821
1 0.8502451838879159 0.14800262812089354 0.2868301225919439 0.026675427069645145
1 0.8480998248686514 0.11105781865965833 0.2716462346760069 0.033403416557161725
0 0.15017513134851138 0.19415243101182655 0.30035026269702275 0.09789750328515112
0 0.138353765323993 0.10906701708278581 0.276707530647986 0.04730617608409987
3 0.1212784588441331 0.0450065703022339 0.2425569176882662 0.04664914586070959
3 0.10945709281961472 0.011826544021024968 0.21891418563922943 0.023653088042049936