2 0.04895833333333333 0.019010416666666665 0.09791666666666667 0.0328125
2 0.04027777777777778 0.05390625 0.08055555555555556 0.028645833333333332
2 0.04548611111111111 0.0890625 0.09097222222222222 0.03229166666666667
2 0.0375 0.11796875 0.075 0.018229166666666668
2 0.04131944444444444 0.1453125 0.08263888888888889 0.015625
2 0.036458333333333336 0.17708333333333334 0.07291666666666667 0.022916666666666665
2 0.027777777777777776 0.21041666666666667 0.05555555555555555 0.025
0 0.2737638888888889 0.3166927083333333 0.3769305555555557 0.06762239583333335
0 0.2829861111111111 0.38385416666666666 0.359375 0.03229166666666667
3 0.2965277777777778 0.4349375 0.34444444444444444 0.03250260416666653
3 0.30104166666666665 0.46979166666666666 0.3576388888888889 0.036458333333333336
3 0.31840277777777776 0.5111979166666667 0.3079861111111111 0.04296875
3 0.5479166666666667 0.16770833333333332 0.1361111111111111 0.026041666666666668
3 0.5315972222222223 0.346875 0.10347222222222222 0.03125
3 0.5416666666666666 0.37734375 0.12361111111111112 0.024479166666666666
2 0.5364583333333334 0.061197916666666664 0.11319444444444444 0.0359375
2 0.5333333333333333 0.10052083333333334 0.10694444444444444 0.03229166666666667
2 0.5472222222222223 0.13307291666666668 0.13472222222222222 0.033854166666666664
2 0.5482638888888889 0.2046875 0.13680555555555557 0.028125
2 0.5430555555555555 0.2390625 0.12638888888888888 0.034375
2 0.5309027777777777 0.2755208333333333 0.10208333333333333 0.023958333333333335
2 0.5284722222222222 0.30703125 0.09722222222222222 0.030729166666666665
2 0.5173611111111112 0.4078125 0.075 0.011458333333333333
1 0.5361111111111111 0.025 0.1125 0.030208333333333334
1 0.5243055555555556 0.43072916666666666 0.08888888888888889 0.01875
0 0.5180555555555556 0.4544270833333333 0.0763888888888889 0.021354166666666667
2 0.24791666666666667 0.5958333333333333 0.25416666666666665 0.0125
2 0.25193055555555555 0.6174010416666665 0.25331944444444443 0.014682291666666696
2 0.2508472222222222 0.6439687500000001 0.26465972222222234 0.01948958333333325
2 0.24791666666666667 0.66878125 0.2520833333333333 0.015658854166666694
2 0.24729861111111112 0.6926875 0.24729861111111104 0.01971354166666662
2 0.24784027777777776 0.7213958333333333 0.2456006944444444 0.013929687499999944
2 0.23125 0.7443697916666667 0.237576388888889 0.023018229166666515
1 0.035069444444444445 0.6002604166666666 0.07013888888888889 0.021354166666666667
1 0.03680555555555556 0.6236979166666666 0.07361111111111111 0.0203125
1 0.033680555555555554 0.6471354166666666 0.06736111111111111 0.019270833333333334
1 0.034027777777777775 0.67109375 0.06805555555555555 0.018229166666666668
1 0.03125 0.68828125 0.0625 0.016145833333333335
3 0.43368055555555557 0.7770833333333333 0.09236111111111112 0.06770833333333333
2 0.878125 0.9734375 0.24375 0.053125