2 0.4265416666666667 0.644953125 0.3943680555555555 0.036135416666666725
2 0.4327916666666667 0.6099374999999999 0.36211111111111116 0.032791666666666684
2 0.42538888888888887 0.5749218749999999 0.3596458333333332 0.033145833333333506
2 0.4395833333333333 0.5459270833333333 0.3386597222222223 0.022385416666666675
2 0.4466041666666667 0.5184895833333333 0.33572222222222226 0.01938541666666668
2 0.4366527777777778 0.48665625 0.3173611111111111 0.02518229166666662
2 0.4344166666666666 0.45326041666666667 0.3020833333333333 0.028776041666666665
2 0.43179166666666663 0.4246718749999999 0.287576388888889 0.02994270833333322
2 0.4233055555555555 0.39331770833333335 0.26134027777777774 0.025520833333333333
2 0.4189791666666667 0.36009375000000005 0.25270138888888893 0.02483333333333325
2 0.41820833333333335 0.327046875 0.25424305555555565 0.027276041666666608
2 0.4125763888888889 0.29549999999999993 0.23834722222222224 0.02439062499999996
2 0.42168055555555556 0.26801041666666664 0.25964583333333324 0.020343749999999973
2 0.41311805555555553 0.23843229166666666 0.24097222222222223 0.02972916666666663
1 0.12881944444444443 0.49921875 0.25763888888888886 0.025520833333333333
1 0.13055555555555556 0.46510416666666665 0.2611111111111111 0.023958333333333335
1 0.12708333333333333 0.4375 0.25416666666666665 0.026041666666666668
1 0.12308333333333334 0.41073437499999993 0.2426666666666667 0.02424479166666676
1 0.12430555555555556 0.38385416666666666 0.24861111111111112 0.021875
1 0.12470833333333332 0.3576041666666666 0.24436805555555555 0.021713541666666693
1 0.1275625 0.3348020833333333 0.2423611111111111 0.018708333333333372
1 0.12918055555555558 0.31107291666666664 0.2378888888888889 0.022187499999999954
1 0.13088194444444445 0.2817864583333333 0.22584722222222225 0.027520833333333408
0 0.7798611111111111 0.34713541666666664 0.44027777777777777 0.07864583333333333
0 0.7892361111111111 0.28020833333333334 0.4215277777777778 0.03854166666666667
3 0.8027777777777778 0.22890625 0.39444444444444443 0.03802083333333333
3 0.8125 0.19348958333333333 0.375 0.03802083333333333
3 0.8246527777777778 0.15286458333333333 0.3506944444444444 0.049479166666666664