2 0.19803125000000002 0.07223437500000003 0.27314843749999995 0.03317187500000003
2 0.20271875 0.10724999999999998 0.22928125000000002 0.02733333333333334
2 0.19716666666666663 0.14226562499999998 0.2596067708333333 0.0316770833333333
2 0.2078125 0.1712604166666667 0.2314244791666667 0.020046875000000006
2 0.213078125 0.19869791666666667 0.23292708333333334 0.016984375000000065
2 0.20561458333333332 0.23053125 0.22135416666666666 0.023007812499999978
2 0.20393749999999997 0.2639270833333333 0.203125 0.025325520833333334
2 0.20196874999999997 0.29251562500000006 0.20549739583333337 0.027992187499999942
2 0.19560416666666663 0.32386979166666663 0.17795052083333332 0.023177083333333334
2 0.19235937500000003 0.35709374999999993 0.17471093749999997 0.022312500000000075
2 0.19178125000000001 0.39014062499999996 0.18049739583333338 0.02561718749999997
2 0.18755729166666668 0.42168750000000005 0.15422395833333327 0.02104947916666665
2 0.19438541666666667 0.4491770833333334 0.17887760416666662 0.01798437499999987
2 0.18796354166666665 0.47875520833333335 0.15572916666666667 0.025802083333333316
1 0.0296875 0.21744791666666666 0.059375 0.022395833333333334
1 0.033854166666666664 0.2515625 0.06770833333333333 0.021875
1 0.027083333333333334 0.2791666666666667 0.05416666666666667 0.021875
1 0.027604166666666666 0.30625 0.05520833333333333 0.022916666666666665
1 0.029166666666666667 0.3328125 0.058333333333333334 0.020833333333333332
1 0.02734375 0.35911458333333335 0.0546875 0.019270833333333334
1 0.029166666666666667 0.38203125 0.058333333333333334 0.0171875
1 0.02578125 0.40572916666666664 0.0515625 0.01875
1 0.027864583333333335 0.43515625 0.05572916666666667 0.025520833333333333
0 0.45416666666666666 0.36953125 0.2916666666666667 0.07447916666666667
0 0.46015625 0.43671875 0.2796875 0.0359375
3 0.46927083333333336 0.48776041666666664 0.26145833333333335 0.0359375
3 0.47760416666666666 0.5229166666666667 0.24479166666666666 0.035416666666666666
3 0.4921875 0.5640625 0.215625 0.042708333333333334
3 0.8151041666666666 0.28619791666666666 0.3697916666666667 0.05677083333333333
2 0.8 0.03046875 0.4 0.0609375
2 0.8 0.11145833333333334 0.4 0.07708333333333334
2 0.8111979166666666 0.18411458333333333 0.3776041666666667 0.05364583333333333
2 0.8192708333333333 0.3453125 0.3614583333333333 0.036458333333333336
2 0.8231770833333333 0.4049479166666667 0.3536458333333333 0.058854166666666666
2 0.8440104166666667 0.4752604166666667 0.31197916666666664 0.0515625
2 0.8463541666666666 0.5390625 0.3072916666666667 0.051041666666666666
2 0.8619791666666666 0.590625 0.2760416666666667 0.035416666666666666
2 0.8697916666666666 0.64609375 0.2604166666666667 0.04010416666666667
2 0.6416666666666667 0.7127604166666667 0.08333333333333333 0.030729166666666665
2 0.6208333333333333 0.93671875 0.041666666666666664 0.022395833333333334
2 0.69465625 0.8440052083333334 0.07864583333333333 0.17599739583333332
3 0.939359375 0.78278125 0.05260416666666667 0.15294531249999999