2 0.4024385245901639 0.7352611367127496 0.5664856557377048 0.0517511520737328
2 0.39321721311475405 0.6836251920122888 0.5188934426229509 0.04682027649769588
2 0.40413934426229514 0.6319892473118279 0.5152561475409835 0.047342549923195164
2 0.3831967213114754 0.589231950844854 0.48429303278688535 0.0314746543778802
2 0.37283811475409834 0.5487711213517665 0.4799590163934427 0.02705069124423965
2 0.38752049180327874 0.5018279569892473 0.45286885245901637 0.03559907834101376
2 0.3908196721311476 0.4525806451612903 0.430327868852459 0.04089861751152074
2 0.3946926229508197 0.41042242703533016 0.408924180327869 0.04261904761904745
2 0.40721311475409844 0.36418586789554536 0.37021516393442616 0.03609831029185868
2 0.4135963114754098 0.31519201228878657 0.3574692622950821 0.03508448540706593
2 0.414733606557377 0.2664592933947773 0.3597438524590165 0.03868663594470038
2 0.4230430327868852 0.21993855606758825 0.3362909836065574 0.03443164362519196
2 0.4096106557377049 0.1794009216589861 0.3677151639344261 0.0284639016897081
2 0.4222438524590164 0.13578341013824882 0.3401639344262295 0.04230414746543773
1 0.8299180327868853 0.5211213517665131 0.3401639344262295 0.03609831029185868
1 0.826844262295082 0.47081413210445466 0.3463114754098361 0.03379416282642089
1 0.8324795081967213 0.43010752688172044 0.3350409836065574 0.03686635944700461
1 0.8396516393442623 0.3901689708141321 0.3206967213114754 0.03379416282642089
1 0.836577868852459 0.3509984639016897 0.32684426229508196 0.030721966205837174
1 0.8376024590163934 0.3118279569892473 0.32479508196721313 0.030721966205837174
1 0.836577868852459 0.2780337941628264 0.32684426229508196 0.026113671274961597
1 0.8370901639344263 0.24308755760368664 0.32581967213114754 0.0314900153609831
1 0.8386577868852458 0.19971582181259598 0.31784836065573774 0.03904761904761916
0 0.09887295081967214 0.29685099846390167 0.19774590163934427 0.11443932411674347
0 0.08504098360655737 0.19738863287250383 0.17008196721311475 0.055299539170506916
3 0.06506147540983606 0.12250384024577574 0.13012295081967212 0.054531490015360985