2 0.4265416666666667 0.644953125 0.39228472222222216 0.035093750000000055
2 0.4327916666666667 0.6099374999999999 0.36002777777777784 0.03175000000000002
2 0.42538888888888887 0.5749218749999999 0.3575624999999999 0.032104166666666836
2 0.4395833333333333 0.5459270833333333 0.33657638888888897 0.02134375000000001
2 0.4466041666666667 0.5184895833333333 0.33363888888888893 0.018343750000000013
2 0.4366527777777778 0.48665625 0.31527777777777777 0.024140624999999954
2 0.4344166666666666 0.45326041666666667 0.3 0.027734375
2 0.43179166666666663 0.4246718749999999 0.28549305555555565 0.028901041666666554
2 0.4233055555555555 0.39331770833333335 0.2592569444444444 0.024479166666666666
2 0.4189791666666667 0.36009375000000005 0.2506180555555556 0.023791666666666583
2 0.41820833333333335 0.327046875 0.2521597222222223 0.026234374999999942
2 0.4125763888888889 0.29549999999999993 0.2362638888888889 0.023348958333333295
2 0.42168055555555556 0.26801041666666664 0.2575624999999999 0.019302083333333307
2 0.41311805555555553 0.23843229166666666 0.2388888888888889 0.028687499999999963
1 0.128125 0.49921875 0.25625 0.024479166666666666
1 0.13020833333333334 0.46510416666666665 0.2604166666666667 0.022916666666666665
1 0.12638888888888888 0.4375 0.25277777777777777 0.025
1 0.12308333333333334 0.41073437499999993 0.24058333333333337 0.023203125000000095
1 0.12409027777777777 0.3841145833333333 0.24722222222222223 0.020895833333333277
1 0.12470833333333332 0.3576041666666666 0.24228472222222222 0.020671875000000027
1 0.1275625 0.3348020833333333 0.24027777777777778 0.017666666666666705
1 0.12918055555555558 0.31107291666666664 0.23580555555555555 0.021145833333333287
1 0.13088194444444445 0.2817864583333333 0.2237638888888889 0.02647916666666674
0 0.7805555555555556 0.34713541666666664 0.4388888888888889 0.07760416666666667
0 0.7899305555555556 0.28020833333333334 0.4201388888888889 0.0375
3 0.8034722222222223 0.22890625 0.39305555555555555 0.03697916666666667
3 0.8128472222222223 0.19348958333333333 0.37430555555555556 0.03697916666666667
3 0.8253472222222222 0.15286458333333333 0.34930555555555554 0.0484375