2 0.4265416666666667 0.35504687500000004 0.39714583333333325 0.034572916666666724
2 0.4327916666666667 0.3900625 0.36488888888888893 0.031229166666666686
2 0.42538888888888887 0.425078125 0.36242361111111104 0.03158333333333339
2 0.4395833333333333 0.4540729166666667 0.34143750000000006 0.020822916666666677
2 0.4466041666666667 0.48151041666666666 0.3385 0.01782291666666668
2 0.4366527777777778 0.51334375 0.32013888888888886 0.02361979166666662
2 0.4344166666666666 0.5467395833333334 0.30486111111111114 0.027213541666666667
2 0.43179166666666663 0.5753281250000001 0.29035416666666675 0.02838020833333322
2 0.4233055555555555 0.6066822916666667 0.2641180555555555 0.023958333333333335
2 0.4189791666666667 0.6399062499999999 0.25547916666666676 0.023270833333333248
2 0.41820833333333335 0.6729531249999999 0.2570208333333334 0.02571354166666661
2 0.4125763888888889 0.7045 0.241125 0.022828124999999963
2 0.42168055555555556 0.7319895833333334 0.262423611111111 0.01878124999999997
2 0.41311805555555553 0.7615677083333333 0.24375 0.028166666666666628
1 0.1295138888888889 0.5005208333333333 0.2590277777777778 0.023958333333333335
1 0.13125 0.5346354166666667 0.2625 0.022395833333333334
1 0.12777777777777777 0.5622395833333333 0.25555555555555554 0.024479166666666666
1 0.12308333333333334 0.589265625 0.2454444444444445 0.02268229166666676
1 0.125 0.615625 0.25 0.020833333333333332
1 0.12470833333333332 0.6423958333333334 0.24714583333333331 0.020151041666666696
1 0.1275625 0.6651979166666667 0.24513888888888888 0.01714583333333337
1 0.12918055555555558 0.6889270833333333 0.24066666666666667 0.020624999999999952
1 0.13088194444444445 0.7182135416666667 0.22862500000000002 0.02595833333333341
0 0.7791666666666667 0.65234375 0.44166666666666665 0.07760416666666667
0 0.7885416666666667 0.71953125 0.42291666666666666 0.03697916666666667
3 0.8020833333333334 0.7705729166666667 0.3958333333333333 0.0359375
3 0.8118055555555556 0.8057291666666667 0.3763888888888889 0.036458333333333336
3 0.8239583333333333 0.846875 0.35208333333333336 0.04791666666666667