2 0.40811487481590575 0.35728729281767957 0.4071354933726067 0.037226519337016636
2 0.41474226804123715 0.39443093922651934 0.37293078055964657 0.03367955801104974
2 0.4068924889543446 0.4315745856353591 0.37031664212076576 0.03405524861878458
2 0.4219440353460972 0.4623314917127072 0.3480633284241532 0.022640883977900563
2 0.42938880706921945 0.4914364640883978 0.34494845360824744 0.01945856353591162
2 0.4188365243004418 0.5252044198895027 0.32547864506627394 0.025607734806629784
2 0.4164653902798232 0.5606298342541437 0.30927835051546393 0.02941988950276243
2 0.41368188512518406 0.5909558011049725 0.29389543446244487 0.03065745856353579
2 0.40468335787923415 0.6242154696132596 0.2660751104565537 0.025966850828729283
2 0.4000957290132548 0.6594585635359116 0.2569145802650958 0.02523756906077339
2 0.39927835051546395 0.6945138121546961 0.2585493372606776 0.027828729281767897
2 0.39330633284241534 0.7279779005524862 0.2416936671575847 0.024767955801104934
2 0.40296023564064803 0.7571381215469614 0.26427835051546383 0.020475138121546933
2 0.39388070692194405 0.7885138121546962 0.24447717231222385 0.030430939226519297
1 0.11156111929307806 0.5113259668508288 0.22312223858615612 0.025966850828729283
1 0.11377025036818851 0.5475138121546961 0.22754050073637702 0.02430939226519337
1 0.10972017673048601 0.5767955801104973 0.21944035346097202 0.026519337016574586
1 0.10456553755522828 0.605524861878453 0.20913107511045656 0.02430939226519337
1 0.10677466863033873 0.6337016574585635 0.21354933726067746 0.022099447513812154
1 0.10603829160530191 0.661878453038674 0.21207658321060383 0.022099447513812154
1 0.10677466863033873 0.6861878453038674 0.21354933726067746 0.01878453038674033
1 0.10640648011782032 0.7113259668508287 0.21281296023564064 0.022651933701657457
1 0.10419734904270987 0.7422651933701657 0.20839469808541974 0.0281767955801105
0 0.7776141384388807 0.6726519337016574 0.44477172312223856 0.08232044198895028
0 0.7875552282768777 0.7441988950276243 0.42488954344624447 0.039779005524861875
3 0.8019145802650958 0.7980662983425414 0.3961708394698085 0.039226519337016576
3 0.8118556701030928 0.835635359116022 0.37628865979381443 0.039226519337016576
3 0.8251104565537555 0.8792817679558012 0.34977908689248893 0.05138121546961326