2 0.5693475177304964 0.34185638297872345 0.3921205673758864 0.03584042553191495
2 0.5629645390070922 0.37761702127659574 0.35917730496453903 0.032425531914893634
2 0.5705248226950355 0.4133776595744681 0.356659574468085 0.032787234042553244
2 0.5560283687943263 0.44298936170212766 0.33522695035461 0.02179787234042554
2 0.5488581560283687 0.4710106382978723 0.33222695035461 0.018734042553191502
2 0.5590212765957447 0.5035212765957446 0.31347517730496455 0.024654255319148888
2 0.5613049645390071 0.5376276595744681 0.2978723404255319 0.028324468085106382
2 0.5639858156028369 0.5668244680851064 0.2830567375886526 0.029515957446808395
2 0.5726524822695036 0.598845744680851 0.2562624113475177 0.025
2 0.5770709219858156 0.6327765957446808 0.2474397163120568 0.024297872340425446
2 0.5778581560283688 0.6665265957446809 0.24901418439716322 0.026792553191489304
2 0.5836099290780141 0.6987446808510639 0.23278014184397164 0.023845744680851023
2 0.5743120567375887 0.7268191489361703 0.25453191489361693 0.019712765957446778
2 0.5830567375886525 0.7570265957446809 0.23546099290780143 0.029297872340425492
1 0.873758865248227 0.4901595744680851 0.2524822695035461 0.025
1 0.8716312056737588 0.525 0.25673758865248225 0.023404255319148935
1 0.875531914893617 0.5531914893617021 0.24893617021276596 0.02553191489361702
1 0.8792624113475177 0.5810585106382979 0.23719148936170217 0.023696808510638396
1 0.8783687943262412 0.6079787234042553 0.24326241134751772 0.02127659574468085
1 0.8776028368794326 0.6353191489361703 0.2389290780141843 0.021111702127659605
1 0.8746879432624113 0.6586063829787234 0.23687943262411348 0.0180425531914894
1 0.8730354609929079 0.6828404255319149 0.23231205673758862 0.021595744680851015
1 0.8712978723404255 0.71275 0.22001418439716297 0.02704255319148944
0 0.21382978723404256 0.6454787234042553 0.4276595744680851 0.07925531914893617
0 0.20425531914893616 0.7143617021276596 0.4085106382978723 0.03829787234042553
3 0.19042553191489361 0.7662234042553191 0.38085106382978723 0.03776595744680851
3 0.18085106382978725 0.8023936170212767 0.3617021276595745 0.03776595744680851
3 0.16808510638297872 0.8444148936170213 0.33617021276595743 0.04946808510638298