2 0.4265416666666667 0.644953125 0.38811805555555545 0.035093750000000055
2 0.4327916666666667 0.6099374999999999 0.35586111111111113 0.03175000000000002
2 0.42538888888888887 0.5749218749999999 0.35339583333333324 0.032104166666666836
2 0.4395833333333333 0.5459270833333333 0.33240972222222226 0.02134375000000001
2 0.4466041666666667 0.5184895833333333 0.3294722222222223 0.018343750000000013
2 0.4366527777777778 0.48665625 0.3111111111111111 0.024140624999999954
2 0.4344166666666666 0.45326041666666667 0.29583333333333334 0.027734375
2 0.43179166666666663 0.4246718749999999 0.281326388888889 0.028901041666666554
2 0.4233055555555555 0.39331770833333335 0.2550902777777777 0.024479166666666666
2 0.4189791666666667 0.36009375000000005 0.24645138888888896 0.023791666666666583
2 0.41820833333333335 0.327046875 0.24799305555555565 0.026234374999999942
2 0.4125763888888889 0.29549999999999993 0.23209722222222223 0.023348958333333295
2 0.42168055555555556 0.26801041666666664 0.25339583333333326 0.019302083333333307
2 0.41311805555555553 0.23843229166666666 0.23472222222222222 0.028687499999999963
1 0.12708333333333333 0.49921875 0.25416666666666665 0.024479166666666666
1 0.12916666666666668 0.46510416666666665 0.25833333333333336 0.022916666666666665
1 0.12570833333333334 0.43759375000000006 0.2509236111111111 0.025046875000000076
1 0.12308333333333334 0.41073437499999993 0.2364166666666667 0.023203125000000095
1 0.12409027777777777 0.3841145833333333 0.24305555555555555 0.020895833333333277
1 0.12470833333333332 0.3576041666666666 0.23811805555555554 0.020671875000000027
1 0.1275625 0.3348020833333333 0.2361111111111111 0.017666666666666705
1 0.12918055555555558 0.31107291666666664 0.2316388888888889 0.021145833333333287
1 0.13088194444444445 0.2817864583333333 0.21959722222222225 0.02647916666666674
0 0.7815972222222223 0.34713541666666664 0.43680555555555556 0.07760416666666667
0 0.7909722222222222 0.28020833333333334 0.41805555555555557 0.0375
3 0.8045138888888889 0.22890625 0.3909722222222222 0.03697916666666667
3 0.8138888888888889 0.19348958333333333 0.37222222222222223 0.03697916666666667
3 0.8263888888888888 0.15286458333333333 0.3472222222222222 0.0484375