2 0.28292708333333333 0.0607760416666667 0.2715859375 0.03265104166666669
2 0.28761458333333334 0.09579166666666665 0.22928125000000002 0.02733333333333334
2 0.2820625 0.13080729166666666 0.22783593749999997 0.027510416666666634
2 0.29270833333333335 0.15980208333333337 0.2173619791666667 0.018484375000000004
2 0.29797395833333334 0.18723958333333332 0.24126041666666667 0.018026041666666732
2 0.29051041666666666 0.21907291666666667 0.2078125 0.021445312499999977
2 0.28883333333333333 0.25246875 0.19479166666666667 0.024283854166666667
2 0.2868645833333333 0.2810572916666667 0.1888307291666667 0.02590885416666661
2 0.28049999999999997 0.3124114583333333 0.17117968749999998 0.022135416666666668
2 0.27725520833333334 0.3456354166666666 0.1705442708333333 0.021791666666666744
2 0.27667708333333335 0.3786822916666666 0.17060156250000003 0.02405468749999997
2 0.272453125 0.4102291666666667 0.1651614583333333 0.022611979166666647
2 0.27928125000000004 0.43771875000000005 0.18512760416666663 0.019026041666666535
2 0.272859375 0.467296875 0.1546875 0.02528124999999998
1 0.0703125 0.20598958333333334 0.140625 0.021354166666666667
1 0.07239583333333334 0.24036458333333333 0.14479166666666668 0.0203125
1 0.07265625 0.26796875 0.1453125 0.0234375
1 0.06875 0.2947916666666667 0.1375 0.021875
1 0.07109375 0.32135416666666666 0.1421875 0.020833333333333332
1 0.0671875 0.34765625 0.134375 0.018229166666666668
1 0.07213541666666666 0.37057291666666664 0.14427083333333332 0.0171875
1 0.06770833333333333 0.39453125 0.13541666666666666 0.018229166666666668
1 0.06848958333333334 0.4236979166666667 0.13697916666666668 0.024479166666666666
0 0.5489583333333333 0.3580729166666667 0.321875 0.07760416666666667
0 0.55703125 0.42552083333333335 0.29713541666666665 0.035416666666666666
3 0.5658854166666667 0.4739583333333333 0.28802083333333334 0.03125
2 0.82109375 0.020833333333333332 0.22239583333333332 0.041666666666666664
2 0.8111979166666666 0.05859375 0.20260416666666667 0.03802083333333333
2 0.80625 0.1015625 0.19270833333333334 0.03333333333333333
2 0.8088541666666667 0.14635416666666667 0.19791666666666666 0.03229166666666667
2 0.8169270833333333 0.18463541666666666 0.2140625 0.0328125
3 0.7997395833333333 0.22552083333333334 0.1796875 0.028125
1 0.7958333333333333 0.26614583333333336 0.171875 0.029166666666666667
0 0.8091145833333333 0.31276041666666665 0.1984375 0.03177083333333333
0 0.8114583333333333 0.35208333333333336 0.203125 0.042708333333333334
3 0.8109375 0.5135416666666667 0.20208333333333334 0.04791666666666667
3 0.8041666666666667 0.5747395833333333 0.18854166666666666 0.058854166666666666
3 0.7989583333333333 0.6361979166666667 0.178125 0.05677083333333333
2 0.7934895833333333 0.7169270833333333 0.1671875 0.034895833333333334
2 0.7794270833333333 0.76796875 0.1390625 0.0390625
2 0.7763020833333333 0.8200520833333333 0.1328125 0.022395833333333334
2 0.75390625 0.8557291666666667 0.08802083333333334 0.029166666666666667
2 0.7552083333333334 0.90625 0.090625 0.034375
2 0.7510416666666667 0.9479166666666666 0.08229166666666667 0.022916666666666665
2 0.7674479166666667 0.9736979166666667 0.11510416666666666 0.0421875