2 0.6934027777777778 0.44479166666666664 0.04652777777777778 0.28802083333333334
2 0.6465277777777778 0.44947916666666665 0.04236111111111111 0.2635416666666667
2 0.6 0.4440104166666667 0.043055555555555555 0.26197916666666665
2 0.5611111111111111 0.4546875 0.02847222222222222 0.24635416666666668
2 0.5246527777777777 0.45989583333333334 0.024305555555555556 0.24375
2 0.4822916666666667 0.45260416666666664 0.03194444444444444 0.23020833333333332
2 0.4378472222222222 0.45078125 0.03680555555555556 0.21875
2 0.3996527777777778 0.44895833333333335 0.03819444444444445 0.2078125
2 0.3576388888888889 0.44244791666666666 0.03263888888888889 0.18802083333333333
2 0.31354166666666666 0.4393229166666667 0.03194444444444444 0.18177083333333333
2 0.26944444444444443 0.43854166666666666 0.034722222222222224 0.1828125
2 0.22743055555555555 0.434375 0.03125 0.17083333333333334
2 0.190625 0.44114583333333335 0.025694444444444443 0.18697916666666667
2 0.15138888888888888 0.4348958333333333 0.03819444444444445 0.17291666666666666
1 0.49930555555555556 0.21979166666666666 0.03263888888888889 0.18958333333333333
1 0.45381944444444444 0.22109375 0.030555555555555555 0.1921875
1 0.4166666666666667 0.21927083333333333 0.03333333333333333 0.18489583333333334
1 0.38090277777777776 0.2171875 0.03125 0.17395833333333333
1 0.3454861111111111 0.21796875 0.027777777777777776 0.17916666666666667
1 0.31006944444444445 0.21848958333333332 0.027777777777777776 0.17552083333333332
1 0.2798611111111111 0.22057291666666667 0.02361111111111111 0.17395833333333333
1 0.2482638888888889 0.221875 0.02847222222222222 0.17083333333333334
1 0.20902777777777778 0.22317708333333333 0.035416666666666666 0.16145833333333334
0 0.2965277777777778 0.7119791666666667 0.10416666666666667 0.3260416666666667
0 0.20694444444444443 0.7190104166666667 0.05 0.31197916666666664
3 0.1388888888888889 0.7291666666666666 0.049305555555555554 0.2916666666666667
3 0.09166666666666666 0.7364583333333333 0.049305555555555554 0.27708333333333335
3 0.03715277777777778 0.7455729166666667 0.06458333333333334 0.25885416666666666