2 0.4525536480686695 0.4608601286173633 0.5932296137339055 0.05416398713826375
2 0.4428969957081545 0.40681672025723475 0.5433905579399142 0.04900321543408363
2 0.4543347639484979 0.35277331189710615 0.5395815450643775 0.0495498392282959
2 0.43240343347639487 0.30802250803858516 0.5071566523605151 0.03294212218649519
2 0.4215557939914163 0.26567524115755625 0.5026180257510731 0.028311897106109346
2 0.43693133047210303 0.21654340836012861 0.4742489270386266 0.03725884244372983
2 0.44038626609442066 0.16499999999999998 0.45064377682403434 0.042805466237942125
2 0.4444420600858369 0.12087620578778126 0.4282296137339057 0.04460610932475867
2 0.4575536480686696 0.07248392282958205 0.3876931330472102 0.03778135048231511
2 0.46423819742489264 0.02120578778135057 0.37434549356223185 0.03672025723472656
1 0.8610515021459227 0.2367363344051447 0.2778969957081545 0.03778135048231511
1 0.8578326180257511 0.18408360128617363 0.2843347639484979 0.03536977491961415
1 0.8637339055793991 0.1414790996784566 0.27253218884120173 0.03858520900321544
1 0.871244635193133 0.09967845659163987 0.2575107296137339 0.03536977491961415
1 0.8680257510729614 0.058681672025723476 0.26394849785407726 0.03215434083601286
1 0.869098712446352 0.017684887459807074 0.26180257510729615 0.03215434083601286