2 0.21195833333333336 0.0795260416666667 0.3530868055555555 0.03213020833333336
2 0.21820833333333337 0.11454166666666664 0.32445833333333335 0.028895833333333343
2 0.21080555555555552 0.14955729166666665 0.3461423611111111 0.0316770833333333
2 0.225 0.17855208333333336 0.3141215277777778 0.020046875000000006
2 0.23202083333333334 0.20598958333333334 0.3133472222222222 0.0175052083333334
2 0.22206944444444443 0.23782291666666666 0.27708333333333335 0.021445312499999977
2 0.2198333333333333 0.27121875 0.2611111111111111 0.0248046875
2 0.2172083333333333 0.2998072916666667 0.2566354166666667 0.026429687499999945
2 0.2087222222222222 0.33116145833333327 0.24698958333333332 0.023697916666666666
2 0.20439583333333336 0.36438541666666663 0.2266979166666666 0.021791666666666744
2 0.20362500000000003 0.39743229166666666 0.23857986111111115 0.025096354166666637
2 0.19791666666666666 0.4234375 0.22083333333333333 0.0125
0 0.4076388888888889 0.3768229166666667 0.08472222222222223 0.07239583333333334
1 0.3350694444444444 0.4354166666666667 0.14375 0.010416666666666666
1 0.33576388888888886 0.44973958333333336 0.13125 0.011458333333333333
0 0.34097222222222223 0.4661458333333333 0.146875 0.01015625
0 0.3385416666666667 0.4825520833333333 0.14444444444444443 0.01171875
0 0.3302083333333333 0.49973958333333335 0.14791666666666667 0.013802083333333333
0 0.328125 0.5143229166666666 0.16875 0.017708333333333333
0 0.33611111111111114 0.5364583333333334 0.16006944444444443 0.017447916666666667
0 0.33402777777777776 0.5526041666666667 0.13993055555555556 0.010416666666666666
0 0.33194444444444443 0.5651041666666666 0.14895833333333333 0.010416666666666666