2 0.21577083333333336 0.36870312499999996 0.39742013888888894 0.03298697916666669
2 0.1909722222222222 0.4170729166666666 0.35317361111111106 0.03381250000000004
2 0.22768055555555555 0.4660364583333333 0.3480173611111111 0.03314843749999999
2 0.23442361111111115 0.5041354166666667 0.3524791666666666 0.030997395833333503
2 0.21368750000000003 0.5469270833333333 0.3367569444444445 0.03144791666666672
2 0.20743750000000002 0.58175 0.3266875 0.02289583333333335
1 0.22430555555555556 0.01640625 0.4486111111111111 0.0328125
1 0.22569444444444445 0.05651041666666667 0.4513888888888889 0.043229166666666666
1 0.22361111111111112 0.09348958333333333 0.44722222222222224 0.04010416666666667
3 0.221875 0.14869791666666668 0.44375 0.03802083333333333
3 0.18809722222222222 0.190734375 0.37559375 0.0391692708333333
3 0.19131944444444443 0.23098958333333333 0.38263888888888886 0.024479166666666666
3 0.1986111111111111 0.26979166666666665 0.3972222222222222 0.027083333333333334
3 0.19275694444444447 0.31485416666666666 0.3603159722222222 0.032192708333333306
3 0.7309027777777778 0.12083333333333333 0.16180555555555556 0.025
3 0.7239583333333334 0.30026041666666664 0.14791666666666667 0.033854166666666664
3 0.7253472222222223 0.33046875 0.15069444444444444 0.0234375
3 0.6961805555555556 0.5703125 0.09236111111111112 0.017708333333333333
2 0.7295138888888889 0.016927083333333332 0.15902777777777777 0.033854166666666664
2 0.7243055555555555 0.05364583333333333 0.1486111111111111 0.034375
2 0.7368055555555556 0.08619791666666667 0.1736111111111111 0.0359375
2 0.7295138888888889 0.15807291666666667 0.15902777777777777 0.025520833333333333
2 0.7309027777777778 0.1921875 0.16180555555555556 0.035416666666666666
2 0.7125 0.22864583333333333 0.125 0.021875
2 0.7097222222222223 0.26015625 0.11944444444444445 0.027604166666666666
2 0.7003472222222222 0.3609375 0.10069444444444445 0.010416666666666666
2 0.6743055555555556 0.4453125 0.04861111111111111 0.029166666666666667
2 0.6739583333333333 0.4747395833333333 0.04791666666666667 0.016145833333333335
2 0.6868055555555556 0.4984375 0.07361111111111111 0.023958333333333335
2 0.6704861111111111 0.5252604166666667 0.04097222222222222 0.022395833333333334
2 0.6815972222222222 0.5520833333333334 0.06319444444444444 0.010416666666666666
2 0.6951388888888889 0.59609375 0.09027777777777778 0.0078125
1 0.7190972222222223 0.3841145833333333 0.13819444444444445 0.021354166666666667
0 0.7055555555555556 0.4075520833333333 0.1111111111111111 0.022395833333333334