2 0.17430555555555555 0.31236970118137597 0.3486111111111111 0.045170257123002086
2 0.14652777777777778 0.3766504517025712 0.29305555555555557 0.04447533009034051
2 0.15833333333333333 0.44232105628908963 0.31666666666666665 0.04100069492703266
2 0.16875 0.4909659485753996 0.3375 0.03683113273106324
3 0.18159722222222222 0.021542738012508687 0.36319444444444443 0.043085476025017375
3 0.15034722222222222 0.07470465601111884 0.30069444444444443 0.05072967338429465
3 0.16875 0.12890896455872133 0.3375 0.03683113273106324
3 0.16597222222222222 0.18068102849200834 0.33194444444444443 0.037526059763724806
3 0.159375 0.2404447533009034 0.31875 0.04586518415566365
3 0.8057152777777777 0.012258512856150105 0.17377083333333332 0.022202918693537188
3 0.8069999999999999 0.03883252258512856 0.16816319444444444 0.021191799861014597
3 0.8065694444444444 0.06454482279360667 0.16768055555555555 0.0191626129256428
3 0.8096180555555554 0.0905281445448228 0.17921874999999995 0.0199687282835302
3 0.8096666666666668 0.11404447533009035 0.18146527777777782 0.02290479499652539
3 0.8050763888888889 0.13794301598332176 0.16885763888888894 0.022960389159138266
3 0.8098263888888889 0.1624322446143155 0.14930555555555555 0.01964906184850589
3 0.8138333333333334 0.1863238359972203 0.14604861111111114 0.019270326615705363
3 0.8119097222222222 0.20717164697706741 0.14882638888888894 0.016118832522585086
3 0.8082777777777779 0.22700486448922866 0.13328125 0.023981931897150793
3 0.8155416666666667 0.24901320361362056 0.12371874999999997 0.014339819318971502
3 0.8063055555555555 0.2673523280055594 0.13413541666666667 0.013273106323836013
3 0.8178402777777778 0.2899652536483669 0.15598263888888889 0.017821403752605963
3 0.8140486111111112 0.31225851285615003 0.12793749999999998 0.013280055594162543
3 0.8114861111111111 0.3314523974982627 0.1294340277777778 0.02006949270326623
3 0.8165625 0.353905489923558 0.10838541666666668 0.01269631688672688
3 0.812875 0.37047949965253646 0.14171875 0.023071577484364173
3 0.8199791666666667 0.3905281445448228 0.14198611111111112 0.013752605976372456
3 0.8159722222222222 0.4077414871438499 0.12863194444444445 0.016108408617095248
3 0.8218472222222223 0.43104239054899235 0.14679166666666665 0.013961084086170895
2 0.9531527777777777 0.17669909659485752 0.07393055555555558 0.022286309937456603
2 0.9495694444444445 0.19626129256428076 0.07852777777777781 0.01652536483669213
2 0.9471666666666667 0.21503127171646977 0.0662361111111111 0.014920083391243939
2 0.9508541666666667 0.2325642807505212 0.0682708333333333 0.013217512161223058
2 0.9529375 0.2482835302293259 0.07350694444444446 0.013432939541348186
2 0.9511736111111111 0.26507296733842944 0.0625 0.016650451702571255
2 0.9520833333333333 0.2811605281445448 0.06325000000000003 0.013551077136900626
2 0.9521875000000001 0.2944058373870743 0.061326388888888854 0.01951355107713693
2 0.9494097222222223 0.3120500347463516 0.060041666666666695 0.015024322446143159
2 0.9461527777777778 0.3268033356497568 0.07595833333333334 0.012036136205698357
2 0.9511249999999999 0.3409173036831133 0.06345833333333332 0.012897845726198712
2 0.9491458333333334 0.3592077831827658 0.06484722222222222 0.019958304378040324