2 0.3956319444444445 0.3329325920778318 0.4573402777777779 0.051890201528839525
2 0.37083333333333335 0.26839471855455177 0.37995833333333323 0.04992355802640725
2 0.4075416666666667 0.20306462821403756 0.37797916666666664 0.04954134815844334
2 0.41428472222222223 0.1522307157748436 0.39940277777777783 0.04797081306462835
2 0.3935486111111111 0.09513551077136907 0.3519861111111112 0.04500347463516346
2 0.38729861111111114 0.04867268936761637 0.3533750000000001 0.03469075747046565
2 0.3753472222222222 0.015635858234885336 0.3701388888888889 0.03127171646977067
0 0.3819444444444444 0.9867963863794301 0.6111111111111112 0.02640722724113968
0 0.3788680555555556 0.9467129951355108 0.5845208333333334 0.053356497567755526
1 0.384125 0.8763585823488533 0.5613125 0.07295343988881169
1 0.37698611111111113 0.8152953439888811 0.5549583333333334 0.0779360667129952
1 0.37807638888888884 0.7491730368311327 0.5432569444444444 0.06325920778318259
1 0.3838263888888889 0.6996247394023627 0.5428541666666666 0.061091035441278564
3 0.38631249999999995 0.6259902710215427 0.49027777777777776 0.053481584433634495
3 0.36795833333333333 0.5703891591382905 0.4317430555555556 0.06143849895760951
3 0.3704375 0.5162821403752605 0.4585347222222222 0.040604586518415614
3 0.37688194444444445 0.4644544822793607 0.4773819444444443 0.044989576094510084
3 0.3726180555555556 0.4047810979847116 0.4192430555555556 0.05116052814454475