2 0.3927083333333333 0.6653926337734538 0.44305555555555554 0.05698401667824878
2 0.36666666666666664 0.7293259207783183 0.36527777777777776 0.05350938151494093
2 0.40243055555555557 0.7953439888811675 0.36319444444444443 0.05281445448227936
2 0.4083333333333333 0.8460736622654621 0.38472222222222224 0.05211952744961779
2 0.38645833333333335 0.9030576789437109 0.3375 0.04794996525364837
2 0.3795138888888889 0.9492703266157053 0.3388888888888889 0.037526059763724806
2 0.36736111111111114 0.98227936066713 0.35555555555555557 0.035441278665740095
0 0.3902777777777778 0.01389854065323141 0.5958333333333333 0.02779708130646282
0 0.38680555555555557 0.05107713690062544 0.5701388888888889 0.06045865184155664
1 0.390625 0.12161223071577484 0.5472222222222223 0.07991660875608061
1 0.38263888888888886 0.18276580958999306 0.5409722222222222 0.0847810979847116
1 0.38229166666666664 0.24878387769284224 0.5291666666666667 0.06949270326615706
1 0.3871527777777778 0.29847116052814454 0.5284722222222222 0.06740792216817235
3 0.3885416666666667 0.372133425990271 0.4756944444444444 0.05906879777623349
3 0.36909722222222224 0.4273801250868659 0.4173611111111111 0.0660180681028492
3 0.37083333333333335 0.4815844336344684 0.44375 0.04586518415566365
3 0.3763888888888889 0.5333564975677554 0.4625 0.05003474635163308
3 0.37083333333333335 0.5931202223766504 0.4048611111111111 0.05559416261292564