2 0.3956319444444445 0.6670674079221681 0.45039583333333344 0.05119527449617795
2 0.37083333333333335 0.7316052814454482 0.3730138888888888 0.049228630993745755
2 0.4075416666666667 0.7969353717859624 0.3710347222222222 0.04884642112578177
2 0.41428472222222223 0.8477692842251564 0.3924583333333334 0.04727588603196678
2 0.3935486111111111 0.9048644892286309 0.34504166666666675 0.04430854760250189
2 0.38729861111111114 0.9513273106323836 0.34643055555555563 0.03399583043780408
2 0.3753472222222222 0.9843641417651147 0.36319444444444443 0.03127171646977067
0 0.3819444444444444 0.01250868658790827 0.6041666666666666 0.02501737317581654
0 0.3788680555555556 0.053287004864489236 0.577576388888889 0.052661570535093814
1 0.384125 0.12364141765114663 0.5543680555555556 0.07225851285615012
1 0.37698611111111113 0.18470465601111885 0.5480138888888889 0.07724113968033355
1 0.37807638888888884 0.25082696316886727 0.5363125 0.06256428075052117
1 0.3838263888888889 0.30037526059763725 0.5359097222222222 0.060396108408617075
3 0.38631249999999995 0.3740097289784573 0.48333333333333334 0.05278665740097292
3 0.36795833333333333 0.42961084086170953 0.4247986111111111 0.060743571924947934
3 0.3704375 0.48371785962473945 0.45159027777777777 0.03990965948575404
3 0.37688194444444445 0.5355455177206393 0.4704374999999999 0.04429464906184851
3 0.3726180555555556 0.5952189020152884 0.41229861111111116 0.050465601111883175