2 0.6202430044182621 0.3311873156342183 0.4687555228276879 0.05211651917404135
2 0.646539027982327 0.2626991150442478 0.386701030927835 0.05002949852507385
2 0.6076141384388806 0.19337020648967554 0.38460235640648 0.04962389380530971
2 0.6004639175257731 0.1394247787610619 0.40731958762886605 0.04795722713864321
2 0.6224521354933725 0.0788348082595871 0.3570397643593521 0.04480825958702081
2 0.629079528718704 0.029528023598820032 0.3585125184094257 0.03386430678466082
2 0.6417525773195877 0.004793510324483776 0.37628865979381443 0.009587020648967551
0 0.6384388807069219 0.9778761061946902 0.6038291605301914 0.04424778761061947
1 0.6324447717231223 0.9078761061946902 0.5790058910162004 0.07446902654867257
1 0.6400147275405007 0.8430752212389381 0.5722680412371135 0.07975663716814166
1 0.6388586156111931 0.772905604719764 0.559860088365243 0.06418141592920344
1 0.6327614138438881 0.7203244837758112 0.5594329896907216 0.06188053097345122
3 0.6301251840942563 0.6421828908554572 0.5036818851251841 0.0538053097345133
3 0.6495876288659793 0.5831784660766961 0.4416126656848306 0.06224926253687322
3 0.646958762886598 0.525759587020649 0.4700220913107512 0.04014011799410034
3 0.6401251840942562 0.47075958702064896 0.4900073637702502 0.04479351032448378
3 0.6446465390279822 0.4074336283185841 0.42835787923416785 0.051342182890855376