2 0.3291148325358852 0.27598883572567784 0.5076315789473685 0.05635566188197773
2 0.30063795853269537 0.20192982456140354 0.4187719298245613 0.054098883572567896
2 0.34279106858054226 0.1269617224880383 0.4164992025518341 0.053660287081339686
2 0.3505342902711324 0.0686283891547049 0.4411004784688996 0.051858054226475436
2 0.326555023923445 0.013955342902711323 0.386762360446571 0.027910685805422646
0 0.3181818181818182 0.9756778309409888 0.6363636363636364 0.04864433811802233
1 0.3159011164274322 0.8995853269537479 0.6270255183413078 0.0805263157894737
1 0.30861244019138756 0.8301435406698564 0.6172248803827751 0.0861244019138756
1 0.30895534290271126 0.7536363636363635 0.6062918660287081 0.06940191387559806
1 0.3155582137161085 0.6967783094098884 0.605829346092504 0.06691387559808601
3 0.3184130781499202 0.612280701754386 0.5454545454545454 0.05818181818181821
3 0.29733652312599684 0.5484768740031898 0.4782376395534291 0.0673125996810208
3 0.3001834130781499 0.4863875598086124 0.5090031897926635 0.04340510366826161
3 0.3075837320574163 0.42691387559808613 0.5306459330143539 0.04843700159489634
3 0.3026874003189793 0.35843700159489633 0.4638835725677831 0.055518341307814904