0 0.2076388888888889 0.018763029881862403 0.4152777777777778 0.037526059763724806
1 0.21388888888888888 0.08443363446838081 0.42777777777777776 0.06879777623349548
1 0.20868055555555556 0.14523974982626825 0.4173611111111111 0.07366226546212648
1 0.20173611111111112 0.21160528144544824 0.40347222222222223 0.057678943710910355
1 0.19756944444444444 0.26094510076441974 0.3951388888888889 0.05211952744961779
3 0.1875 0.3346073662265462 0.375 0.045170257123002086
3 0.16180555555555556 0.372133425990271 0.3236111111111111 0.014593467685892982
2 0.898513888888889 0.23965948575399584 0.1524930555555555 0.03933287004864499
2 0.8942222222222223 0.28070187630298815 0.11189930555555555 0.023196664350243142
2 0.8976666666666666 0.30373175816539266 0.11855902777777785 0.013373870743572007
2 0.9018333333333333 0.3220847810979847 0.11003819444444442 0.015684503127171446
2 0.9058402777777779 0.343092425295344 0.10527083333333336 0.018815149409311897
2 0.9064097222222223 0.3643502432244614 0.10104166666666667 0.014930507296733932
1 0.3420138888888889 0.38325225851285616 0.44930555555555557 0.007644197359277276
1 0.334375 0.39993050729673385 0.44548611111111114 0.014940931202223767
1 0.35520833333333335 0.4155663655316192 0.4465277777777778 0.014246004169562195
1 0.3315972222222222 0.43363446838082004 0.4253472222222222 0.010423905489923557
1 0.3326388888888889 0.4475330090340514 0.4423611111111111 0.01667824878387769
1 0.3333333333333333 0.46143154968728284 0.48020833333333335 0.013551077136900626
0 0.34270833333333334 0.49200833912439196 0.44479166666666664 0.01250868658790827
0 0.334375 0.5006949270326616 0.3767361111111111 0.006949270326615705
0 0.3503472222222222 0.5086865879082696 0.35173611111111114 0.0118137595552467
0 0.31979166666666664 0.5208478109798471 0.4173611111111111 0.0211952744961779
0 0.3375 0.5427380125086866 0.390625 0.014246004169562195
0 0.3392361111111111 0.561501042390549 0.41909722222222223 0.018763029881862403
0 0.35520833333333335 0.579221681723419 0.43472222222222223 0.014246004169562195
0 0.34930555555555554 0.590687977762335 0.44930555555555557 0.01389854065323141
0 0.3440972222222222 0.6052814454482279 0.4204861111111111 0.009381514940931202
2 0.9117013888888889 0.7735510771369005 0.10753472222222224 0.09800903405142465
2 0.8997916666666667 0.8539680333564976 0.06773611111111108 0.008238359972202932
2 0.9010694444444444 0.8632244614315496 0.0664236111111111 0.00465253648366917
2 0.9034930555555556 0.87273106323836 0.06148611111111109 0.006212647671994478
2 0.9009027777777777 0.8817859624739401 0.049267361111111144 0.002286309937456542
2 0.9155416666666667 0.8870257123002083 0.04027777777777778 0.0026893676164003602
2 0.9202152777777779 0.8940305767894371 0.03008680555555559 0.005524669909659517
2 0.9290138888888889 0.9000416956219596 0.03032986111111108 0.0062195969423210875
0 0.8263888888888888 0.42633773453787355 0.13333333333333333 0.08964558721334259
0 0.8514652777777779 0.4854204308547602 0.043805555555555514 0.016740792216817218
0 0.8620694444444446 0.5008269631688673 0.043711805555555525 0.011782487838776957
0 0.8569652777777778 0.5152883947185546 0.030913194444444476 0.0072585128561500996
0 0.8579027777777779 0.5258790826963169 0.03442361111111108 0.006942321056289096
0 0.8614305555555556 0.5372619874913134 0.03419791666666667 0.004930507296733862
0 0.8606805555555557 0.546184850590688 0.029166666666666667 0.008672689367616412
0 0.8628402777777778 0.5622029186935372 0.030593750000000034 0.01011118832522582
0 0.85775 0.5744892286309938 0.02126388888888889 0.004968728283530214
0 0.8547499999999999 0.5858304378040305 0.022711805555555544 0.004350243224461425
0 0.8652222222222222 0.6011535788742182 0.03866666666666667 0.009513551077136938
0 0.8636666666666667 0.613724808895066 0.03517361111111109 0.011737317581653917
0 0.8631597222222223 0.6244266851980542 0.035284722222222266 0.005350938151494125
0 0.8604930555555557 0.6356011118832523 0.029201388888888857 0.01699791521890204
0 0.8620486111111111 0.6450521195274497 0.032694444444444436 0.0037387074357192462
0 0.8612777777777778 0.6524878387769285 0.027027777777777748 0.00989576094510077
0 0.8621458333333334 0.6629325920778318 0.025 0.011542738012508696
0 0.8654444444444445 0.6736970118137596 0.027104166666666648 0.009930507296733818
0 0.8638124999999999 0.6829742876997915 0.02045833333333336 0.014656011118832545
0 0.7868055555555555 0.5201528839471855 0.05416666666666667 0.10215427380125087
0 0.7746527777777777 0.5913829047949966 0.029861111111111113 0.01389854065323141
0 0.7729166666666667 0.6056289089645587 0.02638888888888889 0.009034051424600417
0 0.7774305555555555 0.6195274496177902 0.035416666666666666 0.010423905489923557
0 0.7690972222222222 0.6351633078526755 0.01875 0.011118832522585128
0 0.7715277777777778 0.6487143849895761 0.02361111111111111 0.009034051424600417
0 0.7680555555555556 0.6598332175121612 0.016666666666666666 0.004864489228630994
0 0.7684027777777778 0.6723419041000694 0.017361111111111112 0.010423905489923557
0 0.7690972222222222 0.6865879082696317 0.01875 0.006949270326615705
0 0.7663194444444444 0.6970118137595552 0.013194444444444444 0.006949270326615705
0 0.7760416666666666 0.7067407922168172 0.03263888888888889 0.006949270326615705
0 0.7680555555555556 0.7293259207783183 0.016666666666666666 0.007644197359277276