2 0.6045138888888889 0.3328700486448923 0.4423611111111111 0.04933981931897151
2 0.6291666666666667 0.2682418346073662 0.3645833333333333 0.0472550382209868
2 0.5923611111111111 0.2029186935371786 0.3625 0.046560111188325225
2 0.5857638888888889 0.15218902015288394 0.3840277777777778 0.045170257123002086
2 0.6065972222222222 0.09520500347463516 0.3368055555555556 0.0423905489923558
2 0.6128472222222222 0.048644892286309936 0.33819444444444446 0.031966643502432245
2 0.6243055555555556 0.014940931202223767 0.3548611111111111 0.029881862404447533
0 0.6177083333333333 0.9878387769284225 0.5958333333333333 0.024322446143154968
0 0.6211805555555555 0.9468380820013899 0.5694444444444444 0.05072967338429465
1 0.6159722222222223 0.8763029881862404 0.5458333333333333 0.07018763029881862
1 0.6229166666666667 0.8151494093120223 0.5395833333333333 0.07505211952744961
1 0.621875 0.749131341209173 0.5277777777777778 0.06045865184155664
1 0.6163194444444444 0.6997915218902016 0.5277777777777778 0.05837387074357193
3 0.6135416666666667 0.626129256428075 0.475 0.05072967338429465
3 0.6319444444444444 0.5705350938151494 0.4166666666666667 0.05837387074357193
3 0.6295138888888889 0.5163307852675469 0.44305555555555554 0.037526059763724806
3 0.6232638888888888 0.4645587213342599 0.4618055555555556 0.0423905489923558
3 0.6274305555555556 0.4047949965253648 0.4041666666666667 0.048644892286309936