2 0.22172395833333336 0.3801614583333333 0.29910677083333337 0.03298697916666669
2 0.203125 0.42853125 0.270609375 0.03485416666666671
1 0.20755208333333333 0.02265625 0.39010416666666664 0.0453125
1 0.20855729166666664 0.06819791666666666 0.3875755208333333 0.04401822916666666
1 0.2128697916666667 0.10533333333333333 0.37909114583333337 0.04164322916666663
3 0.21473437499999998 0.16052083333333336 0.30885416666666665 0.03254166666666668
3 0.20096875 0.20219270833333336 0.2770078125 0.03864843749999996
3 0.20282812499999997 0.24274479166666668 0.32299218749999997 0.027195312499999957
3 0.20766145833333335 0.28158854166666664 0.31026822916666663 0.028317708333333396
3 0.2044635416666667 0.3263125 0.30200781250000003 0.03583854166666664
0 0.4822916666666667 0.5161458333333333 0.05520833333333333 0.034375
1 0.456109375 0.5542812500000001 0.06463020833333341 0.019117187499999962
1 0.47054687500000003 0.5909791666666666 0.0484375 0.018723958333333356
3 0.47604166666666664 0.6380208333333334 0.06770833333333333 0.023958333333333335
3 0.47291666666666665 0.6630208333333333 0.07395833333333333 0.023958333333333335
3 0.46927083333333336 0.6903645833333333 0.08125 0.027604166666666666
3 0.45213020833333334 0.7127083333333334 0.06358854166666662 0.029044270833333503
3 0.4512760416666667 0.7403645833333333 0.07111718750000004 0.021377604166666706
3 0.4395833333333333 0.763046875 0.08570312499999998 0.032437500000000105
3 0.4981770833333333 0.8674479166666667 0.0234375 0.0171875
3 0.40705729166666665 0.6350520833333333 0.027270833333333282 0.1012604166666667
3 0.4178020833333333 0.8048177083333333 0.1065364583333333 0.06105208333333323
3 0.39933854166666666 0.8589895833333333 0.05634375000000003 0.03681770833333336
3 0.46183854166666666 0.8586562499999999 0.05255729166666671 0.023843750000000104
2 0.374859375 0.47328125000000004 0.08030208333333337 0.032447916666666646
2 0.3665260416666667 0.5104947916666667 0.059848958333333376 0.029223958333333282
2 0.3707864583333333 0.5347239583333334 0.04753645833333332 0.017083333333333308
2 0.36368229166666666 0.5566979166666667 0.05416666666666667 0.026942708333333343
2 0.36112500000000003 0.5767708333333333 0.03958333333333333 0.02163020833333332
2 0.36112500000000003 0.6036666666666667 0.04336979166666666 0.022395833333333334
2 0.35052083333333334 0.6270625 0.037312500000000054 0.02183333333333337
2 0.34696875 0.6460989583333333 0.04441145833333333 0.020890625000000065
2 0.339203125 0.679578125 0.036458333333333336 0.02364583333333338
2 0.33627083333333335 0.7050052083333332 0.028692708333333292 0.020526041666666592
2 0.763390625 0.82265625 0.4032005208333333 0.045572916666666664
2 0.7654010416666667 0.9535520833333333 0.3904010416666667 0.08182552083333335