2 0.7359855334538878 0.35643115942028986 0.5280289330922242 0.06431159420289854
2 0.777124773960217 0.2726449275362319 0.445750452079566 0.06159420289855073
2 0.7433453887884266 0.18678442028985512 0.4722332730560577 0.060951086956521704
2 0.7345660036166365 0.12052536231884053 0.5001265822784811 0.058903985507246556
2 0.7615641952983725 0.0461050724637682 0.43839059674502723 0.05503623188405817
1 0.7160940325497287 0.9682971014492754 0.5678119349005425 0.06340579710144928
1 0.719258589511754 0.8990036231884058 0.5614828209764918 0.07880434782608696
1 0.7156419529837251 0.8342391304347826 0.5687160940325497 0.07608695652173914
3 0.7310126582278481 0.738677536231884 0.5379746835443038 0.0661231884057971
3 0.7622061482820977 0.6657608695652174 0.4755877034358047 0.07608695652173914
3 0.7518083182640145 0.5955615942028986 0.49638336347197104 0.049818840579710144
3 0.7414104882459313 0.5276268115942029 0.5171790235081374 0.0552536231884058
3 0.7631103074141049 0.45018115942028986 0.47377938517179025 0.06340579710144928