2 0.3956319444444445 0.6670674079221681 0.45525694444444453 0.04494093120222382
2 0.37083333333333335 0.7316052814454482 0.3778749999999999 0.04297428769979162
2 0.4075416666666667 0.7969353717859624 0.3758958333333333 0.042592077831827634
2 0.41428472222222223 0.8477692842251564 0.3973194444444445 0.041021542738012645
2 0.3935486111111111 0.9048644892286309 0.34990277777777784 0.03805420430854775
2 0.38729861111111114 0.9513273106323836 0.3512916666666668 0.027741487143849948
2 0.37579166666666663 0.9850590687977763 0.3679583333333333 0.02571230020847811
0 0.38224305555555554 0.012279360667129953 0.6090277777777777 0.020382209867963862
0 0.3788680555555556 0.053287004864489236 0.5824375 0.04640722724113968
1 0.384125 0.12364141765114663 0.5592291666666667 0.06600416956219599
1 0.37698611111111113 0.18470465601111885 0.5528750000000001 0.07098679638637942
1 0.37807638888888884 0.25082696316886727 0.5411736111111111 0.05630993745656704
1 0.3838263888888889 0.30037526059763725 0.5407708333333333 0.05414176511466294
3 0.38631249999999995 0.3740097289784573 0.48819444444444443 0.04653231410701879
3 0.36795833333333333 0.42961084086170953 0.42965972222222226 0.0544892286309938
3 0.3704375 0.48371785962473945 0.45645138888888886 0.03365531619179991
3 0.37688194444444445 0.5355455177206393 0.475298611111111 0.038040305767894377
3 0.3726180555555556 0.5952189020152884 0.41715972222222225 0.04421125781792904