2 0.34469812630117974 0.4864114583333333 0.38742886884108263 0.03194531250000002
2 0.3199167244968772 0.53478125 0.32100624566273417 0.030687500000000038
2 0.3560027758501041 0.5739583333333333 0.315058986814712 0.011458333333333333
0 0.3025676613462873 0.0018229166666666667 0.47467036780013877 0.0036458333333333334
0 0.3046495489243581 0.026041666666666668 0.47050659264399725 0.034375
1 0.3060374739764053 0.07890625 0.4677307425399028 0.050520833333333334
1 0.3018736988202637 0.12447916666666667 0.476058292852186 0.05416666666666667
1 0.315058986814712 0.17421875 0.4496877168632894 0.04010416666666667
1 0.30881332408049966 0.21119791666666668 0.4621790423317141 0.0421875
3 0.3244274809160305 0.26640625 0.4309507286606523 0.0359375
3 0.3170437196391395 0.30844270833333337 0.39962179042331714 0.04177343749999996
3 0.3195211658570437 0.3489947916666667 0.38524982650936845 0.02459114583333329
3 0.3199167244968772 0.3875 0.4399722414989591 0.03125
3 0.32170020818875783 0.4325625 0.36006592643997226 0.032192708333333306
2 0.7761970853573907 0.020833333333333332 0.42678695350451074 0.041666666666666664
2 0.7755031228313671 0.058854166666666666 0.4489937543372658 0.027083333333333334
2 0.7758501040943789 0.15190104166666665 0.41429562803608605 0.02414583333333328
2 0.7698056904927134 0.18486458333333336 0.40111034004163776 0.02615885416666662
2 0.7663358778625954 0.2254947916666667 0.3973421235253296 0.021552083333333392
2 0.7629632199861206 0.26255208333333335 0.3818771686328939 0.02036718750000001
2 0.7773351839000693 0.351078125 0.34777585010409434 0.021015625000000072
2 0.7865579458709229 0.37675000000000003 0.36611380985426784 0.021989583333333347
2 0.7697015961138097 0.41536979166666665 0.3436120749479528 0.027054687500000084
2 0.7755517002081889 0.446328125 0.30801873698820265 0.02162499999999999
2 0.7740666204024982 0.48234374999999996 0.3114885496183206 0.02401041666666662
2 0.7664330326162386 0.5195520833333334 0.29513185287994453 0.02096614583333339
2 0.7782303955586397 0.5502083333333334 0.2987994448299791 0.022903645833333285
1 0.7761970853573907 0.109375 0.4476058292852186 0.0375
1 0.7684177654406662 0.3122447916666667 0.3693893129770992 0.023588541666666647
3 0.46668979875086747 0.6859375 0.14642609299097847 0.0875
3 0.4770992366412214 0.76015625 0.12560721721027066 0.04114583333333333
0 0.49201943095072864 0.8216145833333334 0.09576682859125607 0.0296875
0 0.4871616932685635 0.8651041666666667 0.1054823039555864 0.05
2 0.8341429562803608 0.63515625 0.33171408743927827 0.0328125
2 0.8403886190145732 0.6869427083333334 0.31852879944483 0.028317708333333278
2 0.8374600971547537 0.7305208333333333 0.25923317140874386 0.022421875000000095
2 0.8513393476752256 0.8698854166666667 0.2709541984732825 0.02405208333333325
2 0.8481748785565579 0.8984166666666666 0.22677307425399038 0.02075781250000001
2 0.8568910478834143 0.9693020833333333 0.23270992366412216 0.022661458333333447
2 0.8747397640527411 0.99609375 0.2505204718945177 0.0078125
1 0.857966689798751 0.7649010416666666 0.22252949340735598 0.024276041666666734
1 0.8688410825815406 0.8385416666666666 0.2623178348369188 0.028125
3 0.8595905621096461 0.8003177083333333 0.26863983344899367 0.027572916666666693
3 0.8524913254684248 0.9373645833333334 0.24188410825815423 0.02908854166666662