2 0.12083333333333333 0.47630208333333335 0.24166666666666667 0.034895833333333334
2 0.09409722222222222 0.5247395833333334 0.18819444444444444 0.034895833333333334
2 0.10868055555555556 0.5734375 0.21736111111111112 0.03333333333333333
0 0.13958333333333334 0.016927083333333332 0.2791666666666667 0.033854166666666664
1 0.13680555555555557 0.06901041666666667 0.27361111111111114 0.0484375
1 0.13090277777777778 0.11484375 0.26180555555555557 0.0515625
1 0.128125 0.16432291666666668 0.25625 0.04114583333333333
1 0.13472222222222222 0.20130208333333333 0.26944444444444443 0.04114583333333333
3 0.12743055555555555 0.2565104166666667 0.2548611111111111 0.03697916666666667
3 0.09305555555555556 0.2981770833333333 0.18611111111111112 0.03802083333333333
3 0.1111111111111111 0.33880208333333334 0.2222222222222222 0.027604166666666666
3 0.10972222222222222 0.3776041666666667 0.21944444444444444 0.028125
3 0.09965277777777778 0.42239583333333336 0.19930555555555557 0.03333333333333333
2 0.7357638888888889 0.7953125 0.47152777777777777 0.09791666666666667
2 0.7017361111111111 0.8890625 0.40347222222222223 0.07395833333333333
2 0.6746527777777778 0.96171875 0.34930555555555554 0.0546875