2 0.3956319444444445 0.6670674079221681 0.455951388888889 0.05258512856150109
2 0.37083333333333335 0.7316052814454482 0.37856944444444435 0.0506184850590689
2 0.4075416666666667 0.7969353717859624 0.37659027777777776 0.05023627519110491
2 0.41428472222222223 0.8477692842251564 0.39801388888888894 0.048665740097289925
2 0.3935486111111111 0.9048644892286309 0.35059722222222234 0.04569840166782503
2 0.38729861111111114 0.9513273106323836 0.3519861111111112 0.03538568450312722
2 0.3753472222222222 0.9840166782487839 0.36875 0.031966643502432245
0 0.3819444444444444 0.012856150104239055 0.6097222222222223 0.02571230020847811
0 0.3788680555555556 0.053287004864489236 0.5831319444444445 0.05405142460041696
1 0.384125 0.12364141765114663 0.5599236111111111 0.07364836692147325
1 0.37698611111111113 0.18470465601111885 0.5535694444444446 0.07863099374565669
1 0.37807638888888884 0.25082696316886727 0.5418680555555555 0.06395413481584432
1 0.3838263888888889 0.30037526059763725 0.5414652777777778 0.06178596247394021
3 0.38631249999999995 0.3740097289784573 0.4888888888888889 0.05417651146629606
3 0.36795833333333333 0.42961084086170953 0.4303541666666667 0.06213342599027108
3 0.3704375 0.48371785962473945 0.4571458333333333 0.04129951355107718
3 0.37688194444444445 0.5355455177206393 0.47599305555555543 0.045684503127171656
3 0.3726180555555556 0.5952189020152884 0.4178541666666667 0.05185545517720632