2 0.3956319444444445 0.3329325920778318 0.4483125000000001 0.0477206393328701
2 0.37083333333333335 0.26839471855455177 0.3709305555555555 0.04575399583043783
2 0.4075416666666667 0.20306462821403756 0.36895138888888884 0.04537178596247392
2 0.41428472222222223 0.1522307157748436 0.3903750000000001 0.04380125086865893
2 0.3935486111111111 0.09513551077136907 0.3429583333333334 0.040833912439194035
2 0.38729861111111114 0.04867268936761637 0.3443472222222223 0.03052119527449623
2 0.37579166666666663 0.014940931202223767 0.3610138888888888 0.02849200833912439
0 0.38224305555555554 0.98772063933287 0.6020833333333333 0.023161917998610095
0 0.3788680555555556 0.9467129951355108 0.5754930555555556 0.0491869353717861
1 0.384125 0.8763585823488533 0.5522847222222222 0.06878387769284226
1 0.37698611111111113 0.8152953439888811 0.5459305555555556 0.07376650451702578
1 0.37807638888888884 0.7491730368311327 0.5342291666666666 0.05908964558721316
1 0.3838263888888889 0.6996247394023627 0.5338263888888889 0.05692147324530914
3 0.38631249999999995 0.6259902710215427 0.48125 0.04931202223766507
3 0.36795833333333333 0.5703891591382905 0.4227152777777778 0.057268936761640084
3 0.3704375 0.5162821403752605 0.44950694444444445 0.036435024322446184
3 0.37688194444444445 0.4644544822793607 0.46835416666666657 0.04082001389854066
3 0.3726180555555556 0.4047810979847116 0.4102152777777778 0.046990965948575325