2 0.3923525280898877 0.327310393258427 0.4470294943820226 0.049627808988764094
2 0.3672752808988764 0.26209269662921353 0.3687780898876404 0.04764044943820235
2 0.40439606741573036 0.1960744382022472 0.3667766853932584 0.04725421348314604
2 0.4112148876404495 0.14470505617977525 0.38844101123595515 0.045667134831460815
2 0.39024578651685393 0.0870084269662922 0.340491573033708 0.04266853932584285
2 0.38392556179775283 0.04005617977528087 0.3418960674157304 0.03224719101123601
2 0.37183988764044945 0.010533707865168539 0.35884831460674155 0.021067415730337078
0 0.3785112359550562 0.9884129213483146 0.6025280898876404 0.023174157303370788
0 0.37540028089887645 0.9475561797752808 0.5756390449438202 0.051109550561797897
1 0.38071629213483144 0.8764606741573033 0.5521699438202247 0.07091292134831462
1 0.37349719101123596 0.8147542134831461 0.545744382022472 0.07594803370786524
1 0.37459971910112355 0.747935393258427 0.5339115168539326 0.061116573033707766
1 0.38041432584269663 0.6978651685393258 0.5335042134831461 0.058925561797752705
3 0.3829283707865168 0.6234550561797753 0.4803370786516854 0.051235955056179804
3 0.3643679775280899 0.5672682584269663 0.42114466292134833 0.059276685393258484
3 0.36687499999999995 0.5125912921348315 0.44823735955056176 0.03822331460674162
3 0.3733918539325843 0.4602176966292135 0.46729634831460665 0.04265449438202248
3 0.3690800561797753 0.39991573033707867 0.4085042134831461 0.04889044943820217