2 0.27120312500000004 0.47632638888888884 0.2928567708333334 0.04259375000000003
2 0.2526041666666667 0.5408194444444444 0.2461302083333333 0.0423055555555556
1 0.25703125 0.013541666666666667 0.35572916666666665 0.027083333333333334
1 0.25803645833333333 0.060375 0.37507552083333334 0.05660763888888888
1 0.2623489583333333 0.1098888888888889 0.38534114583333334 0.05621874999999995
3 0.26421354166666666 0.18347222222222226 0.35260416666666666 0.0496388888888889
3 0.25044791666666666 0.23903472222222225 0.2957578125 0.05500347222222217
3 0.25230729166666666 0.2931041666666667 0.30215885416666666 0.034177083333333275
3 0.257140625 0.3448958333333333 0.3425598958333333 0.04122916666666675
3 0.2539427083333334 0.40452777777777776 0.2796119791666667 0.04431249999999996
2 0.82421875 0.42291666666666666 0.3515625 0.06111111111111111
2 0.8299479166666667 0.5618055555555556 0.34010416666666665 0.03611111111111111