2 0.6670138888888889 0.6045865184155663 0.049305555555555554 0.44266851980542044
2 0.7315972222222222 0.6292564280750521 0.04722222222222222 0.3648366921473245
2 0.796875 0.5924252953439889 0.04652777777777778 0.3627519110493398
2 0.8475694444444445 0.5858234885337039 0.04513888888888889 0.3842946490618485
2 0.9045138888888888 0.606671299513551 0.04236111111111111 0.3370396108408617
2 0.9510416666666667 0.6129256428075052 0.03194444444444444 0.33842946490618486
2 0.9847222222222223 0.6243919388464211 0.029861111111111113 0.35510771369006255
0 0.0125 0.6177901320361362 0.024305555555555556 0.5962473940236275
0 0.05347222222222222 0.621264767199444 0.050694444444444445 0.5698401667824878
1 0.12395833333333334 0.6160528144544822 0.07013888888888889 0.5462126476719944
1 0.18506944444444445 0.623002084781098 0.075 0.5399583043780403
1 0.25104166666666666 0.6219596942321056 0.06041666666666667 0.5281445448227936
1 0.3003472222222222 0.6164002779708131 0.058333333333333334 0.5281445448227936
3 0.37395833333333334 0.6136205698401668 0.050694444444444445 0.47533009034051427
3 0.42951388888888886 0.6320361362056984 0.058333333333333334 0.41695621959694235
3 0.48368055555555556 0.6296038915913829 0.0375 0.443363446838082
3 0.5354166666666667 0.6233495482974287 0.04236111111111111 0.4621264767199444
3 0.5951388888888889 0.6275191104933981 0.04861111111111111 0.4044475330090341