2 0.7129253472222222 0.6607913043478261 0.5525781250000001 0.06145217391304354
2 0.7439236111111112 0.7415478260869565 0.4558506944444443 0.058991304347826214
2 0.6980381944444444 0.823295652173913 0.45337673611111096 0.05851304347826084
2 0.689609375 0.886904347826087 0.48015625000000006 0.056547826086956694
2 0.7155295138888889 0.9583478260869565 0.4208854166666668 0.05283478260869584
1 0.6931423611111112 0.01217391304347826 0.6137152777777778 0.02434782608695652
1 0.6996527777777778 0.05652173913043478 0.6006944444444444 0.09391304347826086
1 0.7026909722222222 0.13956521739130434 0.5946180555555556 0.07565217391304348
1 0.69921875 0.20173913043478262 0.6015625 0.07304347826086957
3 0.7139756944444444 0.29347826086956524 0.5720486111111112 0.06347826086956522
3 0.7439236111111112 0.3634782608695652 0.5121527777777778 0.07304347826086957
3 0.7339409722222222 0.4308695652173913 0.5321180555555556 0.04782608695652174
3 0.7239583333333334 0.4960869565217391 0.5520833333333334 0.05304347826086957
3 0.7416927083333332 0.5708869565217392 0.5049565972222222 0.06053913043478251