2 0.09965277777777778 0.37560806115357886 0.19930555555555557 0.04794996525364837
2 0.06840277777777778 0.43988881167477417 0.13680555555555557 0.04586518415566365
1 0.11493055555555555 0.018763029881862403 0.2298611111111111 0.037526059763724806
3 0.09826388888888889 0.0823488533703961 0.19652777777777777 0.04794996525364837
3 0.06944444444444445 0.13829047949965254 0.1388888888888889 0.05142460041695622
3 0.08472222222222223 0.19214732453092426 0.16944444444444445 0.035441278665740095
3 0.09027777777777778 0.24391938846421127 0.18055555555555555 0.03891591382904795
3 0.06805555555555555 0.3036831132731063 0.1361111111111111 0.04169562195969423
2 0.4149305555555556 0.06045865184155664 0.1701388888888889 0.02640722724113968
2 0.4114583333333333 0.08929812369701182 0.16319444444444445 0.022932592077831826
2 0.40208333333333335 0.11257817929117443 0.14444444444444443 0.01667824878387769
2 0.4097222222222222 0.13724808895066018 0.1597222222222222 0.02571230020847811
2 0.3923611111111111 0.16191799861014594 0.125 0.02501737317581654
2 0.3871527777777778 0.18728283530229325 0.11458333333333333 0.021542738012508687
2 0.3840277777777778 0.21334259902710215 0.10833333333333334 0.022237665045170257
2 0.371875 0.23766504517025713 0.08402777777777778 0.015288394718554551
2 0.36736111111111114 0.25364836692147325 0.075 0.029186935371785964
2 0.3763888888888889 0.2807505211952745 0.09305555555555556 0.018068102849200834
2 0.36736111111111114 0.29812369701181374 0.075 0.0236275191104934
2 0.3607638888888889 0.32175121612230717 0.06180555555555556 0.019457956914523976
2 0.36875 0.43537178596247395 0.07777777777777778 0.017373175816539264
2 0.3732638888888889 0.41695621959694235 0.08680555555555555 0.011118832522585128
2 0.34965277777777776 0.39993050729673385 0.03958333333333333 0.009034051424600417
2 0.3503472222222222 0.38116747741487145 0.04097222222222222 0.017373175816539264
2 0.36909722222222224 0.36379430159833215 0.07847222222222222 0.014593467685892982
2 0.35 0.344683808200139 0.04027777777777778 0.01389854065323141
3 0.5440972222222222 0.31028492008339126 0.19166666666666668 0.10041695621959694
2 0.10495833333333332 0.5291591382904796 0.18601041666666668 0.020371785962473937
2 0.106 0.5757261987491313 0.17981250000000004 0.019186935371785934
2 0.10411805555555556 0.5948366921473246 0.17395833333333333 0.01506949270326616
2 0.10500694444444447 0.6131549687282836 0.17881944444444445 0.01681028492008339
2 0.10347222222222222 0.6502849200833912 0.15952430555555558 0.009659485753995814
2 0.08590972222222223 0.7706462821403753 0.11478125000000002 0.012974287699791493
2 0.08888888888888889 0.8247533009034053 0.11944444444444445 0.014270326615705408
2 0.08715277777777777 0.8632800555941627 0.11503124999999999 0.013978457261987497
2 0.08631250000000001 0.8790687977762335 0.10386805555555555 0.017755385684503095
2 0.0922638888888889 0.896094510076442 0.0991076388888889 0.01671299513551074
2 0.25104166666666666 0.7171646977067407 0.15763888888888888 0.01667824878387769
2 0.2517361111111111 0.7991660875608061 0.15625 0.011118832522585128
2 0.2548611111111111 0.8175816539263377 0.15 0.010423905489923557
2 0.259375 0.8436414176511466 0.14097222222222222 0.01389854065323141
2 0.2621041666666667 0.8642182070882558 0.12648958333333332 0.01014940931202225
2 0.25729166666666664 0.9308547602501738 0.1451388888888889 0.01320361362056984
2 0.25763888888888886 0.9523835997220292 0.12718402777777776 0.015722724113968033
2 0.2686527777777778 0.9761153578874219 0.12232291666666666 0.016619179986101434
3 0.10674305555555556 0.5535788742182071 0.1579375 0.01930507296733845
3 0.10495833333333332 0.6758860319666435 0.15833333333333333 0.016914523974982647
3 0.08888888888888889 0.713419041000695 0.11825694444444441 0.01811674774148718
3 0.09310416666666667 0.7926963168867269 0.10188194444444447 0.016845031271716476
3 0.09340277777777778 0.8076441973592773 0.09652777777777778 0.01000000000000007
3 0.09196527777777778 0.845552466990966 0.09067361111111111 0.014343293954134886
0 0.09955555555555556 0.6356358582348853 0.1485138888888889 0.01643502432244613
0 0.09032638888888889 0.9186240444753302 0.10823611111111112 0.02150799166087564
0 0.24424305555555553 0.8898332175121613 0.14722222222222223 0.01951355107713685
1 0.10486111111111111 0.6970743571924948 0.1204375 0.01979152189020154
1 0.0952361111111111 0.733071577484364 0.1031736111111111 0.013738707435719236
1 0.09488888888888888 0.7500972897845726 0.11736111111111111 0.013050729673384276
1 0.2465277777777778 0.7487838776928423 0.16666666666666666 0.015983321751216122
1 0.25 0.7713690062543433 0.1597222222222222 0.01250868658790827
1 0.2595208333333333 0.9113690062543434 0.13809722222222223 0.012953439888811744