2 0.3956319444444445 0.6670674079221681 0.44900694444444456 0.04911049339819324
2 0.37083333333333335 0.7316052814454482 0.3716249999999999 0.04714384989576104
2 0.4075416666666667 0.7969353717859624 0.3696458333333333 0.046761640027797056
2 0.41428472222222223 0.8477692842251564 0.3910694444444445 0.04519110493398207
2 0.3935486111111111 0.9048644892286309 0.34365277777777786 0.042223766504517174
2 0.38729861111111114 0.9513273106323836 0.34504166666666675 0.03191104933981937
2 0.37579166666666663 0.9850590687977763 0.36170833333333324 0.029881862404447533
0 0.38224305555555554 0.012279360667129953 0.6027777777777777 0.024551772063933285
0 0.3788680555555556 0.053287004864489236 0.5761875000000001 0.0505767894371091
1 0.384125 0.12364141765114663 0.5529791666666667 0.07017373175816541
1 0.37698611111111113 0.18470465601111885 0.546625 0.07515635858234884
1 0.37807638888888884 0.25082696316886727 0.5349236111111111 0.06047949965253646
1 0.3838263888888889 0.30037526059763725 0.5345208333333333 0.05831132731063236
3 0.38631249999999995 0.3740097289784573 0.48194444444444445 0.05070187630298821
3 0.36795833333333333 0.42961084086170953 0.42340972222222223 0.05865879082696322
3 0.3704375 0.48371785962473945 0.4502013888888889 0.03782487838776933
3 0.37688194444444445 0.5355455177206393 0.469048611111111 0.0422098679638638
3 0.3726180555555556 0.5952189020152884 0.4109097222222223 0.048380820013898464