2 0.3329861111111111 0.3954134815844336 0.049305555555555554 0.44266851980542044
2 0.26840277777777777 0.3707435719249479 0.04722222222222222 0.3648366921473245
2 0.203125 0.40757470465601114 0.04652777777777778 0.3627519110493398
2 0.15243055555555557 0.414176511466296 0.04513888888888889 0.3842946490618485
2 0.0954861111111111 0.3933287004864489 0.04236111111111111 0.3370396108408617
2 0.04895833333333333 0.3870743571924948 0.03194444444444444 0.33842946490618486
2 0.015277777777777777 0.37560806115357886 0.029861111111111113 0.35510771369006255
0 0.9875 0.3822098679638638 0.024305555555555556 0.5962473940236275
0 0.9465277777777777 0.37873523280055593 0.050694444444444445 0.5698401667824878
1 0.8760416666666667 0.3839471855455177 0.07013888888888889 0.5462126476719944
1 0.8149305555555556 0.376997915218902 0.075 0.5399583043780403
1 0.7489583333333333 0.3780403057678944 0.06041666666666667 0.5281445448227936
1 0.6996527777777778 0.38359972202918696 0.058333333333333334 0.5281445448227936
3 0.6260416666666667 0.3863794301598332 0.050694444444444445 0.47533009034051427
3 0.5704861111111111 0.36796386379430157 0.058333333333333334 0.41695621959694235
3 0.5163194444444444 0.3703961084086171 0.0375 0.443363446838082
3 0.46458333333333335 0.3766504517025712 0.04236111111111111 0.4621264767199444
3 0.4048611111111111 0.3724808895066018 0.04861111111111111 0.4044475330090341