2 0.36875 0.42772758860319665 0.3625 0.045170257123002086
2 0.37083333333333335 0.49255038220986797 0.34414583333333326 0.04441973592772764
2 0.39826388888888886 0.5576789437109103 0.3034722222222222 0.04100069492703266
1 0.3333333333333333 0.02050034746351633 0.43333333333333335 0.04100069492703266
1 0.3350694444444444 0.06080611535788742 0.42986111111111114 0.057678943710910355
3 0.3572916666666667 0.1344683808200139 0.3854166666666667 0.046560111188325225
3 0.3607638888888889 0.19006254343293955 0.3784722222222222 0.05489923558026407
3 0.35173611111111114 0.24426685198054204 0.39652777777777776 0.03683113273106324
3 0.35520833333333335 0.296038915913829 0.38958333333333334 0.03891591382904795
3 0.3642361111111111 0.3558026407227241 0.3715277777777778 0.04586518415566365
3 0.8236111111111111 0.2029186935371786 0.3527777777777778 0.18068102849200834
3 0.8212986111111111 0.3431549687282835 0.24722222222222223 0.025628908964558796
3 0.8263888888888888 0.3674774148714385 0.14259375000000002 0.012835302293259227
2 0.8239027777777779 0.38779013203613616 0.18396875000000001 0.021674774148714424
2 0.8229166666666666 0.41471855455177203 0.15323958333333332 0.022550382209867995
2 0.819673611111111 0.43678248783877693 0.1370381944444444 0.016469770674079252
2 0.8226249999999999 0.4532939541348158 0.1565381944444445 0.01618137595552457
2 0.8296319444444445 0.4693328700486449 0.1361111111111111 0.00964211257817929
2 0.8213541666666667 0.4858443363446838 0.12239583333333333 0.01306115357887411
2 0.8289375000000001 0.5007852675469076 0.1168993055555555 0.009239054899235473
2 0.8325833333333333 0.5154412786657401 0.11973263888888894 0.00941626129256425
2 0.8335625 0.5302640722724113 0.10972222222222222 0.011733842946490613
2 0.8762916666666668 0.8810771369006254 0.1649930555555555 0.04211257817929127
2 0.872 0.9221195274496177 0.12162152777777777 0.024586518415566284
2 0.8754444444444444 0.9451494093120224 0.10675347222222231 0.011984016678248867
2 0.879611111111111 0.9635024322446143 0.11073263888888883 0.015684503127171446
2 0.8836180555555556 0.9845100764419736 0.10110416666666673 0.018120222376650324