2 0.3956319444444445 0.6670674079221681 0.4510902777777779 0.04841556636553167
2 0.37083333333333335 0.7316052814454482 0.37370833333333325 0.04644892286309948
2 0.4075416666666667 0.7969353717859624 0.37172916666666667 0.046066712995135484
2 0.41428472222222223 0.8477692842251564 0.39315277777777785 0.0444961779013205
2 0.3935486111111111 0.9048644892286309 0.3457361111111112 0.04152883947185561
2 0.38729861111111114 0.9513273106323836 0.3471250000000001 0.031216122307157798
2 0.37579166666666663 0.9850590687977763 0.3637916666666666 0.029186935371785964
0 0.38224305555555554 0.012279360667129953 0.6048611111111111 0.023856845031271716
0 0.3788680555555556 0.053287004864489236 0.5782708333333334 0.04988186240444754
1 0.384125 0.12364141765114663 0.5550625 0.06947880472550383
1 0.37698611111111113 0.18470465601111885 0.5487083333333334 0.07446143154968726
1 0.37807638888888884 0.25082696316886727 0.5370069444444444 0.059784572619874896
1 0.3838263888888889 0.30037526059763725 0.5366041666666667 0.05761640027797079
3 0.38631249999999995 0.3740097289784573 0.4840277777777778 0.05000694927032664
3 0.36795833333333333 0.42961084086170953 0.42549305555555555 0.05796386379430166
3 0.3704375 0.48371785962473945 0.4522847222222222 0.03712995135510776
3 0.37688194444444445 0.5355455177206393 0.47113194444444434 0.041514940931202234
3 0.3726180555555556 0.5952189020152884 0.4129930555555556 0.04768589298123689