2 0.3956319444444445 0.3329325920778318 0.4573402777777779 0.04702571230020853
2 0.37083333333333335 0.26839471855455177 0.37995833333333323 0.045059068797776256
2 0.4075416666666667 0.20306462821403756 0.37797916666666664 0.044676858929812345
2 0.41428472222222223 0.1522307157748436 0.39940277777777783 0.04310632383599736
2 0.3935486111111111 0.09513551077136907 0.3519861111111112 0.04013898540653246
2 0.38729861111111114 0.04867268936761637 0.3533750000000001 0.02982626824183466
2 0.37579166666666663 0.014940931202223767 0.3700416666666666 0.02779708130646282
0 0.38224305555555554 0.98772063933287 0.6111111111111112 0.022466990965948525
0 0.3788680555555556 0.9467129951355108 0.5845208333333334 0.04849200833912453
1 0.384125 0.8763585823488533 0.5613125 0.0680889506601807
1 0.37698611111111113 0.8152953439888811 0.5549583333333334 0.0730715774843642
1 0.37807638888888884 0.7491730368311327 0.5432569444444444 0.0583947185545516
1 0.3838263888888889 0.6996247394023627 0.5428541666666666 0.05622654621264757
3 0.38631249999999995 0.6259902710215427 0.49027777777777776 0.0486170952050035
3 0.36795833333333333 0.5703891591382905 0.4317430555555556 0.05657400972897851
3 0.3704375 0.5162821403752605 0.4585347222222222 0.03574009728978462
3 0.37688194444444445 0.4644544822793607 0.4773819444444443 0.04012508686587909
3 0.3726180555555556 0.4047810979847116 0.4192430555555556 0.04629603891591375