2 0.5230324543610548 0.8792190669371196 0.645608519269777 0.07167342799188649
2 0.48630831643002026 0.9690669371196755 0.5324543610547667 0.061866125760649086
0 0.49797160243407707 0.010141987829614604 0.8316430020283976 0.02028397565922921
1 0.5062271805273834 0.08612576064908721 0.7974543610547667 0.1024137931034483
1 0.4958012170385396 0.17524340770791078 0.7881744421906695 0.10968559837728192
1 0.497393509127789 0.27174442190669373 0.7710851926977688 0.08826572008113588
1 0.50579107505071 0.34405679513184584 0.7704969574036512 0.08510141987829611
3 0.5094219066937119 0.45152129817444225 0.6937119675456389 0.07399594320486819
3 0.4826166328600406 0.5326673427991887 0.6082251521298174 0.08560851926977696
3 0.48623732251521296 0.611632860040568 0.6473529411764706 0.055202839756592355
3 0.49564908722109535 0.6872718052738337 0.6748782961460444 0.06160243407707912
3 0.489421906693712 0.7743610547667342 0.5899695740365112 0.07060851926977676