2 0.4152777777777778 0.25052083333333336 0.2777777777777778 0.08776041666666666
2 0.42465277777777777 0.3302083333333333 0.23506944444444444 0.04401041666666667
2 0.4340277777777778 0.37838541666666664 0.23680555555555555 0.03958333333333333
2 0.44375 0.4265625 0.2298611111111111 0.027864583333333335
2 0.4329861111111111 0.46328125 0.1701388888888889 0.014583333333333334
3 0.4329861111111111 0.503125 0.25833333333333336 0.028385416666666666
2 0.7631944444444444 0.016927083333333332 0.1875 0.024479166666666666
2 0.7510416666666667 0.04453125 0.16319444444444445 0.0171875
2 0.7534722222222222 0.06380208333333333 0.16805555555555557 0.013020833333333334
2 0.7534722222222222 0.08828125 0.16805555555555557 0.0140625
2 0.7513888888888889 0.11302083333333333 0.1638888888888889 0.021875
2 0.7510416666666667 0.13697916666666668 0.16319444444444445 0.01875
2 0.75625 0.15755208333333334 0.1736111111111111 0.021354166666666667
2 0.7604166666666666 0.1796875 0.18194444444444444 0.020833333333333332
2 0.765625 0.2 0.19236111111111112 0.021875
2 0.7548611111111111 0.24427083333333333 0.17083333333333334 0.023958333333333335
2 0.7583333333333333 0.2635416666666667 0.17777777777777778 0.016666666666666666
2 0.7565972222222223 0.2828125 0.17430555555555555 0.017708333333333333
2 0.7524305555555556 0.325 0.16597222222222222 0.014583333333333334
2 0.7545138888888889 0.3450520833333333 0.1701388888888889 0.015104166666666667
2 0.7493055555555556 0.36302083333333335 0.1597222222222222 0.016666666666666666
2 0.7503472222222223 0.38359375 0.16180555555555556 0.0171875
2 0.7378472222222222 0.4044270833333333 0.13680555555555557 0.0234375
2 0.7361111111111112 0.4713541666666667 0.13333333333333333 0.015625
2 0.7295138888888889 0.5325520833333334 0.12013888888888889 0.0203125
2 0.7458333333333333 0.55625 0.1527777777777778 0.009375
2 0.7350694444444444 0.5747395833333333 0.13125 0.009895833333333333
1 0.7451388888888889 0.22265625 0.15138888888888888 0.018229166666666668
1 0.7322916666666667 0.4947916666666667 0.12569444444444444 0.016666666666666666
3 0.7392361111111111 0.45208333333333334 0.13958333333333334 0.016666666666666666
3 0.7440972222222222 0.42734375 0.14930555555555555 0.0203125
3 0.746875 0.3078125 0.15486111111111112 0.019791666666666666
0 0.7361111111111112 0.5122395833333333 0.13333333333333333 0.013020833333333334
1 0.9427083333333334 0.790625 0.11458333333333333 0.017708333333333333
1 0.9454861111111111 0.8075520833333333 0.10902777777777778 0.0140625
1 0.9486111111111111 0.8234375 0.10277777777777777 0.01875
1 0.9534722222222223 0.83984375 0.09305555555555556 0.015104166666666667
1 0.9590277777777778 0.8557291666666667 0.08194444444444444 0.015625
1 0.9618055555555556 0.871875 0.0763888888888889 0.013541666666666667
1 0.9618055555555556 0.8864583333333333 0.0763888888888889 0.015625
1 0.9649305555555555 0.8994791666666667 0.07013888888888889 0.013541666666666667
1 0.9670138888888888 0.9130208333333333 0.06597222222222222 0.015625
1 0.96875 0.9265625 0.0625 0.014583333333333334
1 0.971875 0.9403645833333333 0.05625 0.009895833333333333
0 0.9788194444444445 0.9552083333333333 0.04236111111111111 0.016666666666666666
0 0.9864583333333333 0.9708333333333333 0.027083333333333334 0.009375
0 0.984375 0.9846354166666667 0.03125 0.0109375
0 0.9857638888888889 0.996875 0.02847222222222222 0.00625