2 0.2232638888888889 0.22473958333333333 0.15243055555555557 0.08072916666666667
2 0.228125 0.29609375 0.14201388888888888 0.04453125
2 0.23298611111111112 0.33932291666666664 0.1326388888888889 0.036458333333333336
2 0.23854166666666668 0.38255208333333335 0.12083333333333333 0.025
2 0.2326388888888889 0.4153645833333333 0.09131944444444444 0.013020833333333334
3 0.2326388888888889 0.4510416666666667 0.13020833333333334 0.024479166666666666
3 0.540625 0.023776041666666654 0.25729166666666664 0.021690104166666658
3 0.5359236111111111 0.04835937500000001 0.22234722222222228 0.020375000000000063
3 0.5335833333333333 0.07321875000000003 0.20151388888888894 0.01616406250000004
3 0.5344097222222222 0.09519270833333332 0.18415277777777775 0.013846354166666686
3 0.5500624999999999 0.1144166666666667 0.19760069444444442 0.017164062499999962
3 0.5410972222222222 0.1340208333333333 0.16698263888888892 0.015317708333333494
2 0.5426111111111112 0.15886458333333334 0.2691944444444445 0.01810416666666678
2 0.5306805555555556 0.1792291666666666 0.2314375 0.017546875000000028
2 0.5368055555555555 0.2035677083333333 0.21211805555555557 0.018874999999999885
2 0.5287222222222222 0.2274322916666667 0.19595833333333337 0.01736979166666662
2 0.5264513888888889 0.2516302083333334 0.17626388888888891 0.013682291666666657
2 0.5416041666666668 0.2691041666666667 0.17626388888888891 0.013593749999999953
2 0.5366805555555555 0.29254687500000004 0.1739930555555556 0.015963541666666713
2 0.5327638888888889 0.3123385416666667 0.13333333333333333 0.015781250000000094
2 0.5284722222222222 0.3286770833333333 0.16010416666666663 0.01341666666666678
1 0.5323888888888889 0.34836458333333326 0.1957083333333333 0.022489583333333247
1 0.5193819444444445 0.3716614583333333 0.17727083333333332 0.012265625000000094
1 0.5240555555555555 0.3903229166666667 0.17904166666666663 0.017385416666666723
1 0.5208958333333332 0.4133333333333333 0.1449513888888889 0.01985416666666661
3 0.04513888888888889 0.86328125 0.09027777777777778 0.1203125
0 0.28194444444444444 0.8239583333333333 0.15555555555555556 0.11770833333333333
0 0.3020833333333333 0.9067708333333333 0.11527777777777778 0.03229166666666667
0 0.3138888888888889 0.9440104166666666 0.09166666666666666 0.03177083333333333
2 0.15791666666666665 0.6808489583333334 0.24111111111111114 0.07184375000000003
2 0.16812500000000002 0.7352864583333333 0.26152777777777786 0.023177083333333334
2 0.11624999999999998 0.7599270833333333 0.13111111111111107 0.025901041666666676
2 0.11277777777777777 0.7791458333333333 0.08972222222222226 0.03254166666666668
2 0.2623611111111111 0.7048645833333335 0.001111111111111048 0.054312499999999986