2 0.21666666666666667 0.2421875 0.1329861111111111 0.07864583333333333
2 0.22152777777777777 0.3190104166666667 0.13402777777777777 0.046875
2 0.2263888888888889 0.3653645833333333 0.12881944444444443 0.039322916666666666
2 0.23159722222222223 0.4119791666666667 0.11493055555555555 0.026041666666666668
2 0.22604166666666667 0.4473958333333333 0.08090277777777778 0.013020833333333334
3 0.22604166666666667 0.4859375 0.13854166666666667 0.028385416666666666
2 0.4517361111111111 0.25833333333333336 0.2048611111111111 0.020833333333333332
2 0.4309027777777778 0.33359375 0.16319444444444445 0.0234375
2 0.434375 0.35963541666666665 0.1701388888888889 0.021354166666666667
2 0.42777777777777776 0.4049479166666667 0.13819444444444445 0.01796875
0 0.4982638888888889 0.1765625 0.29791666666666666 0.12395833333333334
3 0.4409722222222222 0.3015625 0.18333333333333332 0.029166666666666667