2 0.29756944444444444 0.20729166666666668 0.19895833333333332 0.07265625
2 0.30451388888888886 0.2734375 0.16909722222222223 0.036458333333333336
2 0.3111111111111111 0.31302083333333336 0.178125 0.03463541666666667
2 0.31805555555555554 0.353125 0.15590277777777778 0.022135416666666668
2 0.3104166666666667 0.38333333333333336 0.121875 0.011979166666666667
3 0.3104166666666667 0.41640625 0.18506944444444445 0.0234375
1 0.5590277777777778 0.015104166666666667 0.15833333333333333 0.025
1 0.56875 0.0828125 0.17777777777777778 0.022916666666666665
1 0.55625 0.1046875 0.1527777777777778 0.021875
1 0.559375 0.21458333333333332 0.15902777777777777 0.022916666666666665
2 0.5548611111111111 0.05286458333333333 0.15 0.030729166666666665
2 0.5513888888888889 0.13619791666666667 0.14305555555555555 0.022395833333333334
3 0.5673611111111111 0.1609375 0.175 0.019791666666666666
0 0.5569444444444445 0.18359375 0.15416666666666667 0.018229166666666668
0 0.5555555555555556 0.24296875 0.15138888888888888 0.022395833333333334
2 0.40902777777777777 0.7309895833333333 0.14166666666666666 0.06822916666666666
2 0.43020833333333336 0.7825520833333334 0.09930555555555555 0.0234375
2 0.4375 0.80546875 0.08472222222222223 0.019270833333333334
2 0.440625 0.8247395833333333 0.07847222222222222 0.016145833333333335
2 0.44375 0.8416666666666667 0.07222222222222222 0.011458333333333333
2 0.4388888888888889 0.8536458333333333 0.08194444444444444 0.020833333333333332
2 0.4340277777777778 0.8700520833333333 0.09166666666666666 0.011979166666666667
2 0.4357638888888889 0.8846354166666667 0.08819444444444445 0.0140625
1 0.2230208333333333 0.7436614583333333 0.18036805555555557 0.05697916666666671
1 0.21427083333333335 0.7941875 0.14527777777777773 0.017057291666666665
1 0.21107638888888888 0.81196875 0.1435208333333333 0.010947916666666658
1 0.21463888888888888 0.8257916666666667 0.14231249999999995 0.012203125000000033
1 0.21639583333333334 0.8424947916666667 0.1328680555555556 0.011583333333333338
1 0.22116666666666668 0.8582604166666667 0.13592361111111112 0.01672395833333328
1 0.6986111111111111 0.4861979166666667 0.35694444444444445 0.013020833333333334
1 0.7010000000000001 0.5874791666666667 0.36790277777777775 0.03481770833333329
0 0.6982222222222223 0.5128125 0.3972222222222222 0.03453124999999998
0 0.7034722222222223 0.5484635416666667 0.38302777777777774 0.031765625000000006
0 0.6996944444444444 0.6210416666666667 0.37083333333333335 0.02645833333333331
0 0.6868819444444445 0.691359375 0.3729930555555555 0.02194270833333339
3 0.6894305555555555 0.6566354166666667 0.32715972222222234 0.024729166666666677
3 0.6862638888888889 0.7265260416666667 0.29768750000000005 0.030244791666666753
3 0.7023125 0.7603802083333334 0.31743749999999993 0.027359375000000106
3 0.70625 0.7930260416666666 0.2898125 0.027833333333333363
3 0.7089513888888889 0.8284479166666666 0.25972222222222224 0.024598958333333344
3 0.7130416666666667 0.8525208333333333 0.22931944444444446 0.020906249999999935
3 0.7016944444444445 0.9186770833333333 0.27299305555555564 0.021036458333333268
2 0.7091805555555556 0.8885729166666666 0.23703472222222216 0.021010416666666743
2 0.6995347222222222 0.9490572916666667 0.21929166666666663 0.015817708333333277
2 0.6942152777777777 0.9778802083333333 0.21018750000000005 0.020223958333333295