2 0.43368055555555557 0.13411458333333334 0.3013888888888889 0.04869791666666667
2 0.44375 0.1765625 0.27152777777777776 0.02578125
2 0.453125 0.20234375 0.2607638888888889 0.022395833333333334
2 0.4635416666666667 0.228125 0.2420138888888889 0.01484375
2 0.45243055555555556 0.24765625 0.17256944444444444 0.0078125
3 0.45208333333333334 0.26901041666666664 0.2743055555555556 0.015625
2 0.9138888888888889 0.27057291666666666 0.12222222222222222 0.07864583333333333
0 0.8284722222222223 0.024739583333333332 0.14583333333333334 0.049479166666666664
0 0.8542430555555557 0.05704166666666667 0.044555555555555536 0.012593750000000004
0 0.8648472222222223 0.06858854166666667 0.04436805555555555 0.009328125000000013
0 0.8597430555555555 0.07942708333333333 0.03265972222222224 0.005671874999999993
0 0.8606805555555557 0.08736458333333334 0.038291666666666654 0.006239583333333343
0 0.8642083333333334 0.09589583333333333 0.037840277777777785 0.004265625000000028
0 0.8634583333333334 0.10258333333333332 0.03333333333333333 0.0077916666666666854
0 0.8656180555555556 0.11458854166666667 0.032020833333333346 0.007864583333333345
0 0.8605277777777778 0.123796875 0.02447222222222223 0.004322916666666643
0 0.8575277777777777 0.132296875 0.025979166666666685 0.004437499999999991
0 0.8680000000000001 0.14378125 0.03866666666666669 0.007130208333333362
0 0.8664444444444445 0.153203125 0.03517361111111109 0.008796874999999992
0 0.8659375 0.16122395833333333 0.035284722222222266 0.004010416666666691
0 0.8632708333333334 0.16959895833333333 0.029201388888888857 0.012739583333333353
0 0.8648263888888889 0.17668229166666669 0.032694444444444415 0.002802083333333331
0 0.8640555555555556 0.18225520833333334 0.027027777777777748 0.007416666666666671
0 0.8649236111111112 0.19008333333333333 0.025 0.008651041666666673
0 0.8682222222222222 0.19815104166666667 0.027104166666666648 0.007442708333333314
0 0.8665902777777776 0.20510416666666667 0.02045833333333336 0.010984375000000017
0 0.7579861111111111 0.08307291666666666 0.11736111111111111 0.0765625
0 0.7458333333333333 0.13645833333333332 0.09305555555555556 0.010416666666666666
0 0.7440972222222222 0.14713541666666666 0.08958333333333333 0.0067708333333333336
0 0.7486111111111111 0.15755208333333334 0.09861111111111111 0.0078125
0 0.7402777777777778 0.16927083333333334 0.08194444444444444 0.008333333333333333
0 0.7445138888888888 0.17983333333333332 0.08347222222222221 0.006958333333333341
0 0.7432986111111111 0.18788020833333335 0.07201388888888888 0.003781249999999995
0 0.7421180555555557 0.19738541666666667 0.07659722222222223 0.007692708333333324
0 0.7463541666666667 0.2079375 0.06979166666666667 0.005348958333333324
0 0.7449305555555555 0.21592187499999996 0.06208333333333334 0.005177083333333362
0 0.7560416666666667 0.223109375 0.07875 0.004968749999999981
0 0.7446875 0.231546875 0.055347222222222214 0.007260416666666695
0 0.7497222222222222 0.24006249999999998 0.05916666666666666 0.006067708333333381
2 0.3948402777777778 0.6586458333333333 0.34910763888888885 0.03602864583333331
2 0.39424305555555555 0.7032187499999999 0.28799652777777784 0.025020833333333315
2 0.4207361111111112 0.7378229166666667 0.3278784722222222 0.02822395833333336
2 0.4027777777777778 0.7756979166666667 0.24265972222222226 0.0184817708333334
2 0.3909722222222222 0.8021927083333333 0.24434375000000003 0.017666666666666705
2 0.3762916666666667 0.8402916666666667 0.2592256944444445 0.02265625
2 0.3927569444444445 0.8725104166666667 0.20734027777777772 0.014963541666666675
2 0.3884930555555555 0.8972187500000001 0.2523819444444445 0.016755208333333372
2 0.4127986111111111 0.93078125 0.2593263888888889 0.01989062500000003
2 0.384125 0.9578645833333332 0.21190277777777786 0.02049479166666662
2 0.37559722222222225 0.9891197916666666 0.19087499999999993 0.017526041666666714
3 0.41825694444444445 0.460359375 0.4388888888888889 0.0344114583333333
3 0.42053472222222227 0.49674999999999997 0.44543750000000004 0.040223958333333344
3 0.4073402777777778 0.5397604166666667 0.41309722222222217 0.033984375
3 0.40555555555555556 0.5753333333333333 0.3976180555555557 0.03072395833333334
3 0.41557638888888876 0.6126145833333333 0.39186805555555554 0.03236979166666672
1 0.40793749999999995 0.404703125 0.4976180555555555 0.05999479166666669