2 0.4527777777777778 0.2765625 0.28541666666666665 0.0921875
2 0.46319444444444446 0.3645833333333333 0.2833333333333333 0.053385416666666664
2 0.47291666666666665 0.41744791666666664 0.23819444444444443 0.04010416666666667
2 0.48368055555555556 0.4705729166666667 0.2361111111111111 0.0296875
2 0.4722222222222222 0.5109375 0.1736111111111111 0.01484375
3 0.471875 0.5549479166666667 0.278125 0.03125
0 0.8145833333333333 0.20833333333333334 0.16944444444444445 0.034375
0 0.959375 0.23671875 0.08125 0.043229166666666666
0 0.8435625 0.24196875 0.11489930555555551 0.022554687500000035
1 0.8369930555555556 0.2847291666666667 0.14198263888888885 0.02724479166666664
1 0.9757569444444444 0.30026041666666664 0.04311805555555534 0.043018229166666797
1 0.7416666666666667 0.2828125 0.02361111111111111 0.019791666666666666
1 0.8992430555555556 0.3158385416666667 0.0898958333333332 0.02258854166666661
3 0.7586805555555556 0.3302083333333333 0.05763888888888889 0.025
3 0.8851041666666666 0.34849479166666664 0.1424236111111112 0.021614583333333333
3 0.7534722222222222 0.35520833333333335 0.04722222222222222 0.025
3 0.8846597222222223 0.37936979166666673 0.16552777777777786 0.02276041666666657
3 0.7565972222222223 0.38229166666666664 0.05347222222222222 0.029166666666666667
3 0.8817569444444444 0.40731249999999997 0.15719444444444453 0.016135416666666676
3 0.8717152777777778 0.43221874999999993 0.14595833333333322 0.018604166666666564
3 0.8696319444444445 0.46209895833333337 0.14810416666666665 0.0149166666666666
3 0.8365555555555556 0.48980208333333336 0.1273958333333332 0.02013541666666659
3 0.8318819444444445 0.5120572916666667 0.12563194444444434 0.01730208333333323
3 0.8223472222222222 0.5359739583333333 0.13055555555555556 0.01872395833333324
3 0.8071319444444445 0.5598385416666667 0.13169444444444436 0.01721874999999997
3 0.8118055555555556 0.5820989583333334 0.09810416666666666 0.018171874999999935
2 0.7569444444444444 0.031510416666666666 0.05416666666666667 0.027604166666666666
2 0.39131944444444444 0.978125 0.2326388888888889 0.04375