2 0.26006944444444446 0.315625 0.17083333333333334 0.10911458333333333
2 0.2659722222222222 0.4158854166666667 0.165625 0.062239583333333334
2 0.271875 0.47630208333333335 0.14965277777777777 0.04973958333333333
2 0.278125 0.5369791666666667 0.13784722222222223 0.033854166666666664
2 0.27118055555555554 0.5830729166666667 0.09409722222222222 0.016927083333333332
3 0.27118055555555554 0.6333333333333333 0.1545138888888889 0.034375
3 0.555326388888889 0.8509635416666667 0.2071770833333333 0.018091145833333162
3 0.5703680555555555 0.9329739583333333 0.2060972222222223 0.018911458333333304
2 0.5274305555555555 0.7359375 0.19375 0.0125
2 0.5222986111111111 0.7551822916666667 0.1827152777777778 0.01661458333333338
2 0.5403541666666667 0.77896875 0.19722222222222222 0.023682291666666563
2 0.5309444444444444 0.8055364583333334 0.15061805555555555 0.022411458333333436
2 0.5481458333333333 0.8324479166666666 0.16188194444444445 0.01026562500000002
2 0.5633472222222222 0.8818541666666667 0.18456944444444442 0.018802083333333285
2 0.5701388888888889 0.9051197916666667 0.17345833333333333 0.0167239583333334