2 0.16701388888888888 0.27206393328700484 0.10208333333333333 0.0872133425990271
2 0.17083333333333334 0.3589298123697012 0.103125 0.052466990965948576
2 0.17465277777777777 0.41104933981931896 0.09375 0.04169562195969423
2 0.17847222222222223 0.46316886726893675 0.090625 0.03022932592077832
2 0.17430555555555555 0.5031271716469771 0.06319444444444444 0.014593467685892982
3 0.17430555555555555 0.5465601111883253 0.10694444444444444 0.031966643502432245
2 0.6484097222222223 0.41967338429464907 0.38492013888888893 0.04192842251563588
2 0.6236111111111111 0.4842112578179291 0.3455347222222222 0.04441973592772764
2 0.6603194444444445 0.5495413481584434 0.3355173611111111 0.0428387769284225
2 0.6670625 0.6003752605976372 0.3642847222222222 0.04274843641417674
1 0.6305555555555555 0.01667824878387769 0.5277777777777778 0.03335649756775538
1 0.6366041666666666 0.05298123697011815 0.5275763888888889 0.05831132731063236
3 0.6390902777777777 0.1266157053509382 0.475 0.05070187630298821
3 0.6207361111111112 0.18221681723419045 0.4164652777777778 0.05865879082696322
3 0.6232152777777777 0.23632383599722032 0.4432569444444444 0.03782487838776933
3 0.6296597222222222 0.2881514940931202 0.46210416666666654 0.0422098679638638
3 0.6253958333333334 0.34782487838776927 0.4039652777777778 0.048380820013898464
3 0.07951388888888888 0.6497567755385685 0.15902777777777777 0.04030576789437109
3 0.07604166666666666 0.6911049339819318 0.15208333333333332 0.02849200833912439
3 0.06770833333333333 0.7289784572619875 0.13541666666666666 0.029186935371785964
3 0.06354166666666666 0.7602501737317582 0.12708333333333333 0.020847810979847115
3 0.059027777777777776 0.7866574009728978 0.11805555555555555 0.019457956914523976
3 0.06111111111111111 0.8161917998610146 0.12222222222222222 0.021542738012508687
3 0.06666666666666667 0.8443363446838082 0.13333333333333333 0.020847810979847115
3 0.059722222222222225 0.8710910354412786 0.11944444444444445 0.018763029881862403
3 0.07326388888888889 0.8999305072967339 0.14652777777777778 0.031966643502432245