2 0.2725694444444444 0.146875 0.1684027777777778 0.04765625
2 0.27881944444444445 0.19348958333333333 0.16631944444444444 0.027864583333333335
2 0.28506944444444443 0.22161458333333334 0.1642361111111111 0.024479166666666666
2 0.29131944444444446 0.25 0.14930555555555555 0.01640625
2 0.284375 0.2713541666666667 0.10243055555555555 0.0078125
3 0.284375 0.2947916666666667 0.16527777777777777 0.016666666666666666
3 0.7241041666666667 0.21908854166666672 0.3157743055555555 0.021908854166666696
3 0.721625 0.24766145833333333 0.2735104166666667 0.019609375000000047
2 0.7142847222222224 0.014036458333333357 0.34424305555555557 0.02449999999999998
2 0.712798611111111 0.05005208333333329 0.32340972222222225 0.025104166666666573
2 0.7051597222222222 0.08726041666666665 0.3101180555555555 0.022140625000000115
2 0.7169652777777776 0.11791666666666671 0.31190277777777786 0.02393229166666657
2 0.7053541666666667 0.18568229166666667 0.29067361111111106 0.02404166666666659
2 0.7076388888888889 0.28256770833333333 0.2496041666666667 0.024364583333333436
2 0.726486111111111 0.3138229166666667 0.2753958333333333 0.033302083333333364
2 0.7170138888888888 0.33567708333333335 0.25069444444444444 0.0078125
1 0.7177569444444446 0.15480729166666668 0.27381249999999996 0.020333333333333314
2 0.1684027777777778 0.7950520833333333 0.3368055555555556 0.03177083333333333
2 0.1440972222222222 0.8434895833333333 0.2881944444444444 0.0328125
2 0.16701388888888888 0.8924479166666667 0.33402777777777776 0.034895833333333334
2 0.17222222222222222 0.93046875 0.34444444444444444 0.03177083333333333
2 0.14583333333333334 0.9731770833333333 0.2916666666666667 0.028645833333333332
0 0.2048611111111111 0.346875 0.4097222222222222 0.014583333333333334
1 0.20173611111111112 0.38776041666666666 0.40347222222222223 0.05260416666666667
1 0.19652777777777777 0.43333333333333335 0.39305555555555555 0.05625
1 0.19409722222222223 0.4830729166666667 0.38819444444444445 0.0453125
1 0.196875 0.5203125 0.39375 0.04375
3 0.18506944444444445 0.5752604166666667 0.3701388888888889 0.03802083333333333
3 0.16111111111111112 0.6171875 0.32222222222222224 0.04375
3 0.16909722222222223 0.6575520833333334 0.33819444444444446 0.028645833333333332
3 0.17708333333333334 0.6966145833333334 0.3541666666666667 0.03177083333333333
3 0.16041666666666668 0.7411458333333333 0.32083333333333336 0.036458333333333336
2 0.4774305555555556 0.41953125 0.07569444444444444 0.016145833333333335
2 0.47638888888888886 0.44140625 0.07361111111111111 0.0140625
2 0.4791666666666667 0.47239583333333335 0.07916666666666666 0.017708333333333333
2 0.471875 0.49635416666666665 0.06458333333333334 0.014583333333333334
2 0.4753472222222222 0.5763020833333333 0.07152777777777777 0.0171875
2 0.465625 0.6010416666666667 0.052083333333333336 0.020833333333333332
2 0.4756944444444444 0.6296875 0.07222222222222222 0.022916666666666665
1 0.47118055555555555 0.35963541666666665 0.06319444444444444 0.019270833333333334
1 0.47708333333333336 0.38645833333333335 0.075 0.014583333333333334
1 0.46805555555555556 0.55234375 0.05694444444444444 0.015104166666666667