3 0.6803886190145733 0.5269375000000001 0.5786814712005552 0.10160416666666663
3 0.6734906315058987 0.452515625 0.5147467036780013 0.04757812499999995
0 0.7084524635669674 0.39118749999999997 0.5308813324080499 0.03532812499999996
0 0.7105343511450383 0.3474947916666667 0.5072866065232478 0.05318749999999994
0 0.714087439278279 0.2980104166666667 0.46408743927827895 0.047989583333333266
0 0.7034212352532964 0.254453125 0.36467730742539906 0.034848958333333256
2 0.7013393476752257 0.20647916666666669 0.46460791117279665 0.033651041666666735
2 0.7169535045107565 0.1605104166666667 0.44031922276197083 0.0469479166666666
2 0.722324774462179 0.11545312500000003 0.39208882720333105 0.03810416666666659
2 0.733261623872311 0.07221875000000004 0.3896599583622484 0.03603645833333336
2 0.7329146426092992 0.03692708333333338 0.36814712005551703 0.02588541666666657
2 0.7255378209576683 0.012760416666666666 0.369882026370576 0.025520833333333333