3 0.6825121443442054 0.4825520833333333 0.5704371963913949 0.1296875
3 0.6686328938237335 0.5565104166666667 0.501734906315059 0.07239583333333334
0 0.6977793199167245 0.61953125 0.5170020818875781 0.0609375
0 0.6956974323386537 0.66328125 0.49479528105482307 0.07760416666666667
0 0.6946564885496184 0.7127604166666667 0.45107564191533656 0.0703125
0 0.6800832755031229 0.75546875 0.3511450381679389 0.052083333333333336
2 0.6734906315058987 0.8033854166666666 0.45038167938931295 0.05625
2 0.684941013185288 0.85 0.42748091603053434 0.06822916666666666
2 0.6859819569743234 0.8953125 0.3789035392088827 0.05677083333333333
2 0.6929215822345594 0.9390625 0.37612768910478833 0.0546875
2 0.6894517696044413 0.97421875 0.35392088827203333 0.043229166666666666
2 0.6800832755031229 0.9880208333333333 0.3553088133240805 0.023958333333333335