3 0.6803886190145733 0.5269375000000001 0.565496183206107 0.10056249999999996
3 0.6734906315058987 0.452515625 0.5015614156835531 0.04653645833333329
0 0.7084524635669674 0.39118749999999997 0.5176960444136016 0.0342864583333333
0 0.7105343511450383 0.3474947916666667 0.49410131852879946 0.05214583333333327
0 0.714087439278279 0.2980104166666667 0.45090215128383065 0.0469479166666666
0 0.7034212352532964 0.254453125 0.3514920194309507 0.03380729166666659
2 0.7013393476752257 0.20647916666666669 0.45142262317834836 0.032609375000000065
2 0.7169535045107565 0.1605104166666667 0.42713393476752254 0.04590624999999993
2 0.722324774462179 0.11545312500000003 0.3789035392088827 0.03706249999999992
2 0.733261623872311 0.07221875000000004 0.37647467036780013 0.0349947916666667
2 0.7329146426092992 0.03692708333333338 0.3549618320610687 0.024843749999999904
2 0.7258848022206801 0.012630208333333334 0.3565232477446218 0.025260416666666667