3 0.6803886190145733 0.5269375000000001 0.5731297709923665 0.1026458333333333
3 0.6734906315058987 0.452515625 0.5091950034698126 0.04861979166666662
0 0.7084524635669674 0.39118749999999997 0.5253296321998612 0.03636979166666663
0 0.7105343511450383 0.3474947916666667 0.501734906315059 0.05422916666666661
0 0.714087439278279 0.2980104166666667 0.4585357390700902 0.049031249999999936
0 0.7034212352532964 0.254453125 0.35912560721721026 0.035890624999999926
2 0.7013393476752257 0.20647916666666669 0.4590562109646079 0.0346927083333334
2 0.7169535045107565 0.1605104166666667 0.4347675225537821 0.047989583333333266
2 0.722324774462179 0.11545312500000003 0.38653712699514226 0.039145833333333255
2 0.733261623872311 0.07221875000000004 0.3841082581540597 0.03707812500000003
2 0.7329146426092992 0.03692708333333338 0.36259541984732824 0.026927083333333237
2 0.7255378209576683 0.013020833333333334 0.36433032616238725 0.026041666666666668