3 0.6803886190145733 0.4730625 0.5641082581540597 0.10056249999999996
3 0.6734906315058987 0.547484375 0.5001734906315058 0.04653645833333329
0 0.7084524635669674 0.6088125000000001 0.5163081193615545 0.0342864583333333
0 0.7105343511450383 0.6525052083333333 0.49271339347675225 0.05214583333333327
0 0.714087439278279 0.7019895833333333 0.4495142262317835 0.0469479166666666
0 0.7034212352532964 0.745546875 0.35010409437890355 0.03380729166666659
2 0.7013393476752257 0.7935208333333333 0.4500346981263012 0.032609375000000065
2 0.7169535045107565 0.8394895833333333 0.4257460097154754 0.04590624999999993
2 0.722324774462179 0.884546875 0.37751561415683554 0.03706249999999992
2 0.733261623872311 0.92778125 0.3750867453157529 0.0349947916666667
2 0.7329146426092992 0.9630729166666666 0.3535739070090215 0.024843749999999904
2 0.7258848022206801 0.9873697916666667 0.3551353226925746 0.025260416666666667