3 0.6803886190145733 0.5269375000000001 0.5675780707841778 0.10004166666666663
3 0.6734906315058987 0.452515625 0.5036433032616239 0.046015624999999956
0 0.7084524635669674 0.39118749999999997 0.5197779319916724 0.03376562499999996
0 0.7105343511450383 0.3474947916666667 0.4961832061068702 0.05162499999999994
0 0.714087439278279 0.2980104166666667 0.4529840388619015 0.046427083333333265
0 0.7034212352532964 0.254453125 0.3535739070090215 0.033286458333333255
2 0.7013393476752257 0.20647916666666669 0.4535045107564192 0.032088541666666734
2 0.7169535045107565 0.1605104166666667 0.42921582234559336 0.0453854166666666
2 0.722324774462179 0.11545312500000003 0.3809854267869535 0.03654166666666659
2 0.733261623872311 0.07221875000000004 0.3785565579458709 0.03447395833333336
2 0.7329146426092992 0.03692708333333338 0.3570437196391395 0.024322916666666573
2 0.7258848022206801 0.012630208333333334 0.35860513532269256 0.024739583333333332