3 0.6803886190145733 0.4730625 0.5779875086745316 0.0995208333333333
3 0.6734906315058987 0.547484375 0.5140527411519777 0.04549479166666662
0 0.7084524635669674 0.6088125000000001 0.5301873698820264 0.03324479166666663
0 0.7105343511450383 0.6525052083333333 0.5065926439972241 0.05110416666666661
0 0.714087439278279 0.7019895833333333 0.4633934767522554 0.04590624999999993
0 0.7034212352532964 0.745546875 0.36398334489937545 0.03276562499999992
2 0.7013393476752257 0.7935208333333333 0.4639139486467731 0.0315677083333334
2 0.7169535045107565 0.8394895833333333 0.4396252602359473 0.04486458333333327
2 0.722324774462179 0.884546875 0.39139486467730744 0.03602083333333326
2 0.733261623872311 0.92778125 0.3889659958362248 0.03395312500000003
2 0.7329146426092992 0.9630729166666666 0.3674531575294934 0.023802083333333238
2 0.7258848022206801 0.9873697916666667 0.3690145732130465 0.02421875