3 0.6803886190145733 0.5269375000000001 0.5710478834142957 0.09847916666666663
3 0.6734906315058987 0.452515625 0.5071131158917418 0.044453124999999954
0 0.7084524635669674 0.39118749999999997 0.5232477446217905 0.032203124999999964
0 0.7105343511450383 0.3474947916666667 0.4996530187369882 0.05006249999999994
0 0.714087439278279 0.2980104166666667 0.45645385149201945 0.04486458333333327
0 0.7034212352532964 0.254453125 0.3570437196391395 0.03172395833333326
2 0.7013393476752257 0.20647916666666669 0.45697432338653715 0.030526041666666733
2 0.7169535045107565 0.1605104166666667 0.43268563497571133 0.0438229166666666
2 0.722324774462179 0.11545312500000003 0.3844552394170715 0.03497916666666659
2 0.733261623872311 0.07221875000000004 0.38202637057598887 0.03291145833333336
2 0.7329146426092992 0.03692708333333338 0.3605135322692575 0.02276041666666657
2 0.7258848022206801 0.012630208333333334 0.36207494795281053 0.023177083333333334