3 0.6803886190145733 0.4730625 0.5710478834142957 0.10160416666666663
3 0.6734906315058987 0.547484375 0.5071131158917418 0.04757812499999995
0 0.7084524635669674 0.6088125000000001 0.5232477446217905 0.03532812499999996
0 0.7105343511450383 0.6525052083333333 0.4996530187369882 0.05318749999999994
0 0.714087439278279 0.7019895833333333 0.45645385149201945 0.047989583333333266
0 0.7034212352532964 0.745546875 0.3570437196391395 0.034848958333333256
2 0.7013393476752257 0.7935208333333333 0.45697432338653715 0.033651041666666735
2 0.7169535045107565 0.8394895833333333 0.43268563497571133 0.0469479166666666
2 0.722324774462179 0.884546875 0.3844552394170715 0.03810416666666659
2 0.733261623872311 0.92778125 0.38202637057598887 0.03603645833333336
2 0.7329146426092992 0.9630729166666666 0.3605135322692575 0.02588541666666657
2 0.7255378209576683 0.9869791666666666 0.36155447605829283 0.026041666666666668