3 0.8711805555555555 0.51171875 0.03333333333333333 0.2682291666666667
3 0.909375 0.5135416666666667 0.02847222222222222 0.21875
2 0.03159722222222222 0.51796875 0.06319444444444444 0.36822916666666666
2 0.08159722222222222 0.5184895833333333 0.03819444444444445 0.3515625
2 0.20520833333333333 0.51875 0.035416666666666666 0.3375
2 0.24930555555555556 0.5231770833333333 0.0375 0.32395833333333335
2 0.3034722222222222 0.52578125 0.03125 0.3171875
2 0.3527777777777778 0.5283854166666667 0.030555555555555555 0.32135416666666666
2 0.4708333333333333 0.5177083333333333 0.03125 0.2875
2 0.5052083333333334 0.5106770833333333 0.030555555555555555 0.28802083333333334
2 0.5565972222222222 0.5234375 0.0375 0.265625
2 0.5979166666666667 0.5190104166666667 0.03263888888888889 0.25833333333333336
2 0.6458333333333334 0.5200520833333333 0.03333333333333333 0.24270833333333333
2 0.6954861111111111 0.52578125 0.029861111111111113 0.2328125
2 0.7364583333333333 0.5169270833333334 0.03194444444444444 0.23385416666666667
2 0.8267361111111111 0.52578125 0.03194444444444444 0.21822916666666667
2 0.9559027777777778 0.5239583333333333 0.03263888888888889 0.18697916666666667
2 0.9875 0.5096354166666667 0.025 0.20677083333333332
1 0.14895833333333333 0.51640625 0.049305555555555554 0.3390625
1 0.41909722222222223 0.52421875 0.03125 0.27708333333333335
1 0.7854166666666667 0.51640625 0.027083333333333334 0.20520833333333333