3 0.3336210317460317 0.2420758928571428 0.5113392857142856 0.035811011904761984
3 0.3371626984126984 0.20125744047619049 0.4163789682539683 0.0307291666666668
2 0.3472222222222222 0.9556175595238094 0.6428571428571429 0.037738095238095425
2 0.3558630952380953 0.9085267857142857 0.6170634920634921 0.04051339285714272
2 0.3608234126984127 0.8504836309523809 0.6043055555555554 0.03330357142857125
2 0.3656448412698413 0.7975446428571429 0.6116765873015872 0.032894345238095264
2 0.3450992063492064 0.671078869047619 0.547906746031746 0.033258928571428606
2 0.3319146825396826 0.6344047619047619 0.5487500000000001 0.03306547619047623
2 0.35601190476190475 0.579233630952381 0.5062400793650793 0.04009672619047609
2 0.3476488095238095 0.5350074404761904 0.4917757936507937 0.034999999999999976
2 0.34977182539682544 0.4835565476190477 0.46201388888888895 0.035863095238095104
2 0.36068452380952387 0.4304017857142857 0.4430257936507936 0.03162946428571445
2 0.3438194444444445 0.3866071428571428 0.44557539682539693 0.03418898809523796
2 0.360406746031746 0.28979910714285717 0.4152480158730158 0.034345238095237984
2 0.35714285714285715 0.15139136904761907 0.356577380952381 0.034806547619047765
2 0.330218253968254 0.10674107142857145 0.393422619047619 0.047574404761904804
2 0.3433928571428571 0.05837053571428575 0.358561507936508 0.04439732142857148
1 0.35784722222222226 0.7265550595238095 0.5280654761904762 0.03369791666666664
1 0.342688492063492 0.33390624999999996 0.39116071428571425 0.02904761904761902