2 0.2076388888888889 0.12369791666666667 0.30416666666666664 0.05572916666666667
2 0.2170138888888889 0.16614583333333333 0.28541666666666665 0.026041666666666668
2 0.22152777777777777 0.25885416666666666 0.2763888888888889 0.023958333333333335
2 0.21666666666666667 0.2838541666666667 0.2861111111111111 0.011458333333333333
1 0.21666666666666667 0.21666666666666667 0.2861111111111111 0.035416666666666666
1 0.3125 0.33203125 0.090625 0.01953125
1 0.3125 0.35 0.09131944444444444 0.016666666666666666
1 0.31631944444444443 0.3671875 0.08333333333333333 0.020572916666666666
1 0.32048611111111114 0.3846354166666667 0.07256944444444445 0.015104166666666667
1 0.3246527777777778 0.4015625 0.06458333333333334 0.015885416666666666
1 0.3263888888888889 0.41848958333333336 0.06527777777777778 0.015104166666666667
1 0.32708333333333334 0.43411458333333336 0.06180555555555556 0.015625
1 0.32916666666666666 0.4479166666666667 0.059375 0.0140625
1 0.33090277777777777 0.4627604166666667 0.05590277777777778 0.016145833333333335
1 0.33194444444444443 0.47682291666666665 0.052083333333333336 0.014322916666666666
1 0.334375 0.49166666666666664 0.049305555555555554 0.009375
0 0.3392361111111111 0.5075520833333333 0.04027777777777778 0.01796875
0 0.34479166666666666 0.52421875 0.027430555555555555 0.008854166666666666
0 0.3434027777777778 0.5390625 0.03194444444444444 0.010677083333333334
0 0.34444444444444444 0.55390625 0.030208333333333334 0.009375
0 0.3385416666666667 0.56875 0.04097222222222222 0.010416666666666666
0 0.33402777777777776 0.58359375 0.04583333333333333 0.010416666666666666
0 0.33541666666666664 0.6002604166666666 0.04583333333333333 0.013020833333333334
0 0.33576388888888886 0.6127604166666667 0.043055555555555555 0.009895833333333333
0 0.33611111111111114 0.6252604166666667 0.04618055555555556 0.011458333333333333
0 0.3368055555555556 0.6390625 0.042708333333333334 0.010677083333333334
0 0.334375 0.65078125 0.04826388888888889 0.012239583333333333
0 0.3020833333333333 0.6609375 0.04131944444444444 0.019791666666666666
2 0.4027777777777778 0.428125 0.08611111111111111 0.10833333333333334
2 0.37604166666666666 0.5080729166666667 0.03263888888888889 0.008854166666666666
2 0.37256944444444445 0.5174479166666667 0.025694444444444443 0.0046875
2 0.3732638888888889 0.5270833333333333 0.027083333333333334 0.00625
2 0.37604166666666666 0.5411458333333333 0.03263888888888889 0.003125
2 0.3746527777777778 0.5484375 0.029861111111111113 0.00625
2 0.38125 0.5541666666666667 0.043055555555555555 0.00625