2 0.2423611111111111 0.04096354166666665 0.4486111111111111 0.026229166666666644
2 0.23631249999999998 0.07392708333333337 0.4173611111111111 0.027200520833333287
2 0.23284027777777774 0.11455729166666669 0.4128958333333333 0.022072916666666723
2 0.22946527777777775 0.15161458333333336 0.4126979166666667 0.02192968750000001
2 0.24384722222222222 0.24014062500000002 0.3688506944444444 0.02205729166666674
2 0.25307638888888884 0.2658125 0.3747013888888888 0.022510416666666682
2 0.23620833333333333 0.3044322916666667 0.30565624999999996 0.023929687500000085
2 0.24206250000000004 0.335390625 0.31934375000000004 0.022666666666666658
2 0.24057638888888885 0.37140624999999994 0.3082326388888889 0.023489583333333286
2 0.23293749999999996 0.40861458333333334 0.30575347222222227 0.021486979166666722
2 0.24474305555555553 0.4392708333333334 0.2753958333333333 0.02082031249999995
1 0.24513888888888888 0.008333333333333333 0.4486111111111111 0.016666666666666666
1 0.2349236111111111 0.20130729166666667 0.3376006944444444 0.021169270833333323
1 0.24553472222222225 0.47616145833333334 0.2598229166666667 0.019020833333333324
3 0.1329861111111111 0.9378385416666667 0.25798611111111114 0.021690104166666658
3 0.12828472222222223 0.962421875 0.21262500000000004 0.019333333333333393
3 0.12594444444444444 0.98728125 0.18831944444444448 0.015122395833333377
0 0.14027777777777778 0.8231770833333333 0.28055555555555556 0.019270833333333334
0 0.1388888888888889 0.8479166666666667 0.2777777777777778 0.019791666666666666
0 0.1371527777777778 0.8703125 0.2743055555555556 0.020833333333333332
0 0.140625 0.8950520833333333 0.28125 0.028645833333333332
2 0.8854166666666666 0.6588541666666666 0.22916666666666666 0.08645833333333333
2 0.8954861111111111 0.7177083333333333 0.20902777777777778 0.040625
2 0.9142361111111111 0.7604166666666666 0.17152777777777778 0.034375
2 0.9159722222222222 0.8052083333333333 0.16805555555555557 0.036458333333333336
2 0.921875 0.8434895833333333 0.15625 0.0328125
3 0.9079861111111112 0.884375 0.1840277777777778 0.030208333333333334
1 0.909375 0.925 0.18125 0.03229166666666667
0 0.9135416666666667 0.9716145833333333 0.17291666666666666 0.033854166666666664