3 0.48452083333333335 0.2215364583333333 0.37252083333333325 0.02819270833333339
3 0.48204166666666665 0.19296354166666668 0.30604861111111115 0.02463541666666676
2 0.47579166666666667 0.8563437500000001 0.5058541666666667 0.060968749999999974
2 0.4752986111111111 0.8137291666666667 0.48303472222222216 0.03162500000000013
2 0.475 0.7210156249999999 0.46458333333333335 0.0295416666666668
2 0.4689513888888889 0.6880520833333333 0.4465277777777778 0.031484374999999905
2 0.46547916666666667 0.6474218749999999 0.43759722222222214 0.026437499999999878
2 0.46210416666666665 0.6103645833333334 0.4427569444444444 0.026151041666666687
2 0.4764861111111111 0.5218385416666667 0.3981180555555555 0.026406250000000023
2 0.48571527777777773 0.49616666666666664 0.3987083333333334 0.02627083333333336
2 0.4688472222222222 0.457546875 0.36895138888888884 0.031192708333333267
2 0.4747013888888889 0.42658854166666665 0.3588263888888889 0.02762499999999998
2 0.4732152777777777 0.3905729166666667 0.3379930555555556 0.028229166666666573
2 0.46557638888888886 0.35336458333333337 0.32470138888888883 0.025265625000000114
2 0.47738194444444443 0.32270833333333326 0.3264861111111112 0.027057291666666573
2 0.46577083333333336 0.2549427083333333 0.3052569444444444 0.027166666666666592
2 0.46805555555555556 0.15805729166666668 0.2641875 0.02748958333333344
2 0.4869027777777778 0.12680208333333334 0.2899791666666666 0.03642708333333336
2 0.47768055555555555 0.09294270833333336 0.26557638888888896 0.034203125000000036
1 0.4779791666666666 0.7632864583333333 0.46656944444444454 0.040250000000000105
1 0.4675625 0.560671875 0.3842291666666666 0.02671354166666665
1 0.4781736111111111 0.2858177083333333 0.2883958333333333 0.023458333333333314