2 0.3836805555555556 0.004166666666666667 0.31180555555555556 0.008333333333333333
2 0.3736111111111111 0.035416666666666666 0.33194444444444443 0.021875
2 0.3951388888888889 0.12369791666666667 0.28888888888888886 0.021354166666666667
2 0.4017361111111111 0.14947916666666666 0.27569444444444446 0.020833333333333332
2 0.3972222222222222 0.18802083333333333 0.2847222222222222 0.026041666666666668
2 0.40347222222222223 0.21901041666666668 0.2722222222222222 0.022395833333333334
2 0.40243055555555557 0.25494791666666666 0.2743055555555556 0.024479166666666666
2 0.40868055555555555 0.2921875 0.26180555555555557 0.019791666666666666
2 0.41215277777777776 0.32057291666666665 0.2548611111111111 0.018229166666666668
1 0.3996527777777778 0.08489583333333334 0.2798611111111111 0.019791666666666666
3 0.7812986111111111 0.2691041666666667 0.1493541666666667 0.01761458333333342
2 0.7691944444444444 0.16244270833333332 0.2363576388888889 0.06504687500000005
2 0.7640347222222222 0.208203125 0.1800104166666667 0.01713281249999999
2 0.7753958333333333 0.2508437499999999 0.15744097222222225 0.012302083333333276
2 0.7800625 0.29065624999999995 0.14841319444444448 0.010669270833333163
2 0.7806527777777776 0.3125677083333334 0.11954513888888887 0.013388020833333295
2 0.7868055555555555 0.3268229166666667 0.1111111111111111 0.005729166666666666
1 0.7862083333333333 0.22967187500000003 0.1451388888888889 0.012856770833333305
3 0.28402777777777777 0.64921875 0.5111111111111111 0.0328125
3 0.26979166666666665 0.6955729166666667 0.5395833333333333 0.049479166666666664
3 0.2881944444444444 0.7580729166666667 0.5027777777777778 0.06510416666666667
0 0.26979166666666665 0.4981770833333333 0.5395833333333333 0.08385416666666666
1 0.26979166666666665 0.5794270833333334 0.5395833333333333 0.0703125
2 0.28055555555555556 0.8341145833333333 0.5180555555555556 0.06822916666666666
2 0.2954861111111111 0.9010416666666666 0.48819444444444443 0.04479166666666667
2 0.29270833333333335 0.9614583333333333 0.49375 0.057291666666666664