2 0.5104449152542373 0.05391096979332273 0.7493961864406781 0.08828298887122418
2 0.5111970338983052 0.11895071542130364 0.7145868644067795 0.04349761526232117
2 0.5116525423728814 0.2604531001589825 0.6864406779661016 0.0403179650238474
2 0.5208792372881357 0.3107631160572337 0.6588983050847458 0.0432829888712242
2 0.5261758474576271 0.3727742448330684 0.6452754237288134 0.035580286168521456
2 0.531324152542373 0.42933227344992053 0.6531461864406779 0.03514308426073135
2 0.509385593220339 0.5644435612082671 0.5850529661016949 0.035532591414944394
2 0.4953072033898306 0.6036248012718601 0.5859533898305086 0.0353259141494436
2 0.5210381355932203 0.6625675675675675 0.5405614406779661 0.04283783783783773
2 0.5121080508474576 0.7098171701112878 0.5251165254237289 0.03739268680445148
2 0.514375 0.764785373608903 0.4933368644067797 0.03831478537360876
2 0.5260275423728814 0.8215739268680445 0.473061440677966 0.03379173290938014
2 0.5080190677966102 0.8683624801271861 0.47578389830508483 0.03652623211446726
2 0.5257309322033898 0.9717885532591415 0.4434004237288135 0.03669316375198717
1 0.5071080508474577 0.19593799682034976 0.689470338983051 0.05666136724960252
1 0.5229978813559323 0.505174880763116 0.5638665254237287 0.03600158982511921
1 0.506811440677966 0.9246661367249602 0.4176800847457627 0.031033386327503947