3 0.12881944444444443 0.48828125 0.03333333333333333 0.2682291666666667
3 0.090625 0.4864583333333333 0.02847222222222222 0.21875
2 0.9680555555555556 0.48151041666666666 0.06388888888888888 0.36822916666666666
2 0.9184027777777778 0.48151041666666666 0.03819444444444445 0.3515625
2 0.7947916666666667 0.48125 0.035416666666666666 0.3375
2 0.7506944444444444 0.47682291666666665 0.0375 0.32395833333333335
2 0.6965277777777777 0.47421875 0.03125 0.3171875
2 0.6472222222222223 0.47161458333333334 0.030555555555555555 0.32135416666666666
2 0.5291666666666667 0.4822916666666667 0.03125 0.2875
2 0.4947916666666667 0.48932291666666666 0.030555555555555555 0.28802083333333334
2 0.44340277777777776 0.4765625 0.0375 0.265625
2 0.40208333333333335 0.48098958333333336 0.03263888888888889 0.25833333333333336
2 0.3541666666666667 0.47994791666666664 0.03333333333333333 0.24270833333333333
2 0.30451388888888886 0.47421875 0.029861111111111113 0.2328125
2 0.2635416666666667 0.4830729166666667 0.03194444444444444 0.23385416666666667
2 0.17326388888888888 0.47421875 0.03194444444444444 0.21822916666666667
2 0.044097222222222225 0.47604166666666664 0.03263888888888889 0.18697916666666667
2 0.012152777777777778 0.48984375 0.024305555555555556 0.20677083333333332
1 0.8510416666666667 0.48359375 0.049305555555555554 0.3390625
1 0.5809027777777778 0.47578125 0.03125 0.27708333333333335
1 0.21458333333333332 0.48359375 0.027083333333333334 0.20520833333333333