2 0.6710526315789473 0.8022682445759369 0.6578947368421053 0.10946745562130178
2 0.6822368421052631 0.7214003944773175 0.6355263157894737 0.054240631163708086
2 0.6907894736842105 0.5458579881656804 0.618421052631579 0.05029585798816568
2 0.7052631578947368 0.48372781065088755 0.5894736842105263 0.054240631163708086
2 0.7131578947368421 0.4068047337278107 0.5736842105263158 0.04437869822485207
2 0.7138157894736842 0.33678500986193294 0.5723684210526315 0.04437869822485207
2 0.7210526315789474 0.16913214990138067 0.5578947368421052 0.04437869822485207
2 0.7118421052631579 0.1203155818540434 0.5763157894736842 0.04339250493096647
2 0.7421052631578947 0.047337278106508875 0.5157894736842106 0.05325443786982249
2 0.7414473684210526 0.005917159763313609 0.5171052631578947 0.011834319526627219
1 0.6875 0.626232741617357 0.625 0.07100591715976332
1 0.7361842105263158 0.24260355029585798 0.5276315789473685 0.045364891518737675