3 0.48452083333333335 0.2215364583333333 0.3579374999999999 0.02506770833333339
3 0.48204166666666665 0.19296354166666668 0.2914652777777778 0.02151041666666676
2 0.47579166666666667 0.8563437500000001 0.4912708333333334 0.05784374999999997
2 0.4752986111111111 0.8137291666666667 0.4684513888888888 0.028500000000000133
2 0.475 0.7210156249999999 0.45 0.0264166666666668
2 0.4689513888888889 0.6880520833333333 0.43194444444444446 0.028359374999999905
2 0.46547916666666667 0.6474218749999999 0.4230138888888888 0.02331249999999988
2 0.46210416666666665 0.6103645833333334 0.4281736111111111 0.023026041666666684
2 0.4764861111111111 0.5218385416666667 0.3835347222222222 0.023281250000000024
2 0.48571527777777773 0.49616666666666664 0.38412500000000005 0.023145833333333362
2 0.4688472222222222 0.457546875 0.3543680555555555 0.028067708333333267
2 0.4747013888888889 0.42658854166666665 0.34424305555555557 0.02449999999999998
2 0.4732152777777777 0.3905729166666667 0.32340972222222225 0.025104166666666573
2 0.46557638888888886 0.35336458333333337 0.3101180555555555 0.022140625000000115
2 0.47738194444444443 0.32270833333333326 0.31190277777777786 0.02393229166666657
2 0.46577083333333336 0.2549427083333333 0.29067361111111106 0.02404166666666659
2 0.46805555555555556 0.15805729166666668 0.2496041666666667 0.024364583333333436
2 0.4869027777777778 0.12680208333333334 0.2753958333333333 0.033302083333333364
2 0.47768055555555555 0.09294270833333336 0.2509930555555556 0.031078125000000036
1 0.4779791666666666 0.7632864583333333 0.4519861111111112 0.0371250000000001
1 0.4675625 0.560671875 0.3696458333333333 0.023588541666666647
1 0.4781736111111111 0.2858177083333333 0.27381249999999996 0.020333333333333314