3 0.2754930555555556 0.45138020833333337 0.3456354166666666 0.02399218750000003
3 0.2730138888888889 0.479953125 0.27281597222222226 0.019609375000000047
2 0.25645138888888885 0.02549479166666669 0.4094236111111111 0.022072916666666723
2 0.25307638888888884 0.06255208333333334 0.41617013888888893 0.02192968750000001
2 0.2674583333333333 0.15107812500000004 0.3792673611111111 0.02257812500000007
2 0.2766875 0.17675000000000002 0.34414583333333326 0.02042708333333335
2 0.25981944444444444 0.21536979166666667 0.34107291666666667 0.026533854166666693
2 0.26567361111111115 0.24632812500000004 0.3394826388888889 0.023708333333333324
2 0.26418749999999996 0.28234374999999995 0.30684375 0.023489583333333286
2 0.2565486111111111 0.3195520833333333 0.27589236111111115 0.01940364583333339
2 0.2683541666666666 0.3502083333333334 0.28234027777777776 0.021341145833333287
2 0.2567430555555556 0.41797395833333334 0.26200347222222214 0.021395833333333295
2 0.2590277777777778 0.514859375 0.23244097222222232 0.022598958333333266
2 0.277875 0.5461145833333333 0.26894791666666673 0.032276041666666797
2 0.26840277777777777 0.5723958333333333 0.23958333333333334 0.014583333333333334
1 0.2585347222222222 0.11224479166666666 0.32510069444444445 0.02064843749999999
1 0.26914583333333336 0.38709895833333335 0.25357291666666665 0.018499999999999992