3 0.48452083333333335 0.7784635416666668 0.362798611111111 0.025588541666666725
3 0.48204166666666665 0.8070364583333334 0.2963263888888889 0.022031250000000096
2 0.47579166666666667 0.14365624999999999 0.4961319444444445 0.058364583333333366
2 0.4752986111111111 0.18627083333333333 0.47331249999999997 0.029020833333333346
2 0.475 0.278984375 0.4548611111111111 0.026937500000000014
2 0.4689513888888889 0.3119479166666667 0.43680555555555556 0.02888020833333336
2 0.46547916666666667 0.352578125 0.4278749999999999 0.023833333333333328
2 0.46210416666666665 0.3896354166666667 0.43303472222222217 0.02354687500000002
2 0.4764861111111111 0.47816145833333334 0.38839583333333333 0.023802083333333356
2 0.48571527777777773 0.5038333333333334 0.3889861111111112 0.023666666666666693
2 0.4688472222222222 0.542453125 0.35922916666666665 0.0285885416666666
2 0.4747013888888889 0.5734114583333334 0.3491041666666667 0.025020833333333315
2 0.4732152777777777 0.6094270833333333 0.32827083333333335 0.025624999999999905
2 0.46557638888888886 0.6466354166666667 0.31497916666666664 0.022661458333333447
2 0.47738194444444443 0.6772916666666667 0.31676388888888896 0.024453124999999905
2 0.46577083333333336 0.7450572916666667 0.29553472222222216 0.024562499999999925
2 0.46805555555555556 0.8419427083333333 0.25446527777777783 0.02488541666666677
2 0.4869027777777778 0.8731979166666667 0.2802569444444444 0.033822916666666696
2 0.47768055555555555 0.9070572916666666 0.2558541666666667 0.03159895833333337
1 0.4779791666666666 0.23671354166666667 0.4568472222222223 0.037645833333333316
1 0.4675625 0.439328125 0.37450694444444443 0.02410937499999998
1 0.4781736111111111 0.7141822916666667 0.2786736111111111 0.02085416666666665