3 0.4535756676557864 0.432611111111111 0.7647329376854597 0.0534777777777779
3 0.4482789317507418 0.3716555555555556 0.6227151335311574 0.04588888888888909
2 0.42008902077151333 0.9361 0.7571068249258159 0.059877777777777634
2 0.43259643916913953 0.8700555555555555 0.7354747774480712 0.05226666666666663
2 0.42942136498516315 0.7932222222222223 0.6909643916913947 0.053555555555555356
2 0.41310089020771507 0.7138444444444445 0.6625667655786349 0.04723333333333358
2 0.43832344213649843 0.6484444444444444 0.6663798219584571 0.051055555555555354
2 0.4135163204747775 0.5038777777777778 0.6210237388724035 0.051288888888888724
2 0.41839762611275966 0.29718888888888895 0.5332789317507419 0.051977777777778
2 0.4586646884272997 0.23051111111111114 0.5883827893175073 0.07104444444444451
2 0.43896142433234425 0.15827777777777782 0.536246290801187 0.06630000000000008
1 0.4400148367952523 0.5697444444444444 0.585 0.04337777777777774