3 0.16438194444444448 0.5248177083333334 0.3268854166666666 0.022429687500000028
3 0.16190277777777776 0.553390625 0.2644826388888889 0.019088541666666715
2 0.18645833333333334 0.025 0.3729166666666667 0.026041666666666668
2 0.1684027777777778 0.05807291666666667 0.3368055555555556 0.024479166666666666
2 0.16875 0.09869791666666666 0.3375 0.021354166666666667
2 0.17118055555555556 0.13567708333333334 0.3423611111111111 0.021354166666666667
2 0.16111111111111112 0.22421875 0.32222222222222224 0.0203125
2 0.17673611111111112 0.24973958333333332 0.35347222222222224 0.022395833333333334
2 0.1545138888888889 0.28854166666666664 0.3090277777777778 0.025
2 0.15456250000000005 0.319765625 0.3082326388888889 0.02162499999999999
2 0.15307638888888886 0.35578124999999994 0.2797604166666667 0.021406249999999953
2 0.146875 0.3927083333333333 0.29375 0.020833333333333332
2 0.1572430555555555 0.4236458333333334 0.2740069444444444 0.02082031249999995
2 0.14563194444444447 0.49141145833333333 0.2897812499999999 0.023999999999999962
2 0.14791666666666667 0.5882968749999999 0.21855208333333342 0.021036458333333268
2 0.16631944444444444 0.6065104166666667 0.2701388888888889 0.0067708333333333336
1 0.15694444444444444 0.18541666666666667 0.3138888888888889 0.020833333333333332
1 0.15803472222222226 0.46053645833333334 0.24523958333333332 0.017979166666666657
2 0.2727152777777778 0.8259947916666666 0.4043645833333334 0.03350781250000002
2 0.24791666666666667 0.8743645833333333 0.3316458333333333 0.031729166666666704
2 0.284625 0.9233281249999999 0.34940625 0.03366927083333333
2 0.2913680555555556 0.9614270833333334 0.3566458333333333 0.030997395833333503
2 0.2701388888888889 0.9942708333333333 0.3263888888888889 0.011458333333333333
3 0.26284722222222223 0.6169270833333333 0.4548611111111111 0.0140625
3 0.24504166666666669 0.6480260416666667 0.36656597222222226 0.03812760416666663
3 0.2475208333333333 0.688578125 0.4417673611111111 0.027716145833333292
3 0.2539652777777778 0.727421875 0.4053576388888888 0.02779687500000006
3 0.24970138888888893 0.7721458333333333 0.3964270833333333 0.0353177083333333
3 0.9098125 0.6655625000000001 0.15935069444444439 0.01212760416666671
3 0.913423611111111 0.6809479166666667 0.15948958333333335 0.0074401041666666504
3 0.9089791666666667 0.697203125 0.16453819444444445 0.009979166666666709
3 0.9093055555555556 0.7137291666666667 0.1493506944444445 0.01470312500000001
3 0.9009236111111111 0.7283177083333333 0.15185069444444446 0.014010416666666655
3 0.9042152777777778 0.7452604166666668 0.13986111111111113 0.01029687499999999
3 0.9050902777777777 0.7593593750000001 0.14097222222222222 0.012765624999999996
3 0.9055069444444445 0.7764114583333334 0.1418506944444445 0.009156249999999961
3 0.9110625 0.7906770833333333 0.13791666666666663 0.012307291666666605
3 0.893701388888889 0.8080729166666667 0.10967708333333337 0.014255208333333276
2 0.9204861111111111 0.615625 0.15208333333333332 0.011458333333333333
2 0.918701388888889 0.6310260416666666 0.13351736111111118 0.014114583333333345
2 0.9217152777777777 0.6484583333333334 0.14277777777777773 0.015229166666666672
1 0.9047708333333333 0.8252864583333334 0.11217708333333339 0.009416666666666629
1 0.9017152777777778 0.8385833333333333 0.13388888888888886 0.013515625000000024
1 0.9012013888888889 0.8542447916666667 0.1329652777777778 0.011479166666666648
1 0.9019444444444444 0.8696666666666667 0.13444444444444442 0.014541666666666704
1 0.8991666666666667 0.8837968749999999 0.12888888888888891 0.010166666666666657
1 0.8997708333333334 0.8971718750000001 0.11805555555555555 0.011213541666666653
0 0.9045833333333333 0.9124791666666667 0.1387986111111112 0.0105833333333333
0 0.9022222222222221 0.9277916666666667 0.14425694444444445 0.012739583333333353
0 0.8949097222222223 0.9438385416666667 0.1314791666666667 0.012885416666666672
0 0.8930555555555556 0.9575208333333334 0.15 0.016635416666666694
0 0.9002777777777778 0.9782187499999999 0.1422222222222222 0.01636458333333337
0 0.8983819444444445 0.9932552083333334 0.12453472222222225 0.009630208333333338