3 0.48452083333333335 0.2215364583333333 0.3676597222222221 0.02663020833333339
3 0.48204166666666665 0.19296354166666668 0.30118750000000005 0.023072916666666762
2 0.47579166666666667 0.8563437500000001 0.5009930555555556 0.05940624999999997
2 0.4752986111111111 0.8137291666666667 0.47817361111111106 0.030062500000000134
2 0.475 0.7210156249999999 0.4597222222222222 0.027979166666666798
2 0.4689513888888889 0.6880520833333333 0.44166666666666665 0.029921874999999907
2 0.46547916666666667 0.6474218749999999 0.43273611111111104 0.024874999999999876
2 0.46210416666666665 0.6103645833333334 0.43789583333333326 0.024588541666666686
2 0.4764861111111111 0.5218385416666667 0.3932569444444444 0.024843750000000022
2 0.48571527777777773 0.49616666666666664 0.3938472222222223 0.024708333333333363
2 0.4688472222222222 0.457546875 0.36409027777777775 0.029630208333333265
2 0.4747013888888889 0.42658854166666665 0.3539652777777778 0.02606249999999998
2 0.4732152777777777 0.3905729166666667 0.3331319444444445 0.02666666666666657
2 0.46557638888888886 0.35336458333333337 0.31984027777777774 0.023703125000000113
2 0.47738194444444443 0.32270833333333326 0.32162500000000005 0.025494791666666572
2 0.46577083333333336 0.2549427083333333 0.3003958333333333 0.02560416666666659
2 0.46805555555555556 0.15805729166666668 0.2593263888888889 0.025927083333333437
2 0.4869027777777778 0.12680208333333334 0.2851180555555555 0.03486458333333336
2 0.47768055555555555 0.09294270833333336 0.2607152777777778 0.03264062500000004
1 0.4779791666666666 0.7632864583333333 0.46170833333333344 0.038687500000000104
1 0.4675625 0.560671875 0.37936805555555553 0.025151041666666648
1 0.4781736111111111 0.2858177083333333 0.2835347222222222 0.021895833333333316