3 0.2338263888888889 0.6253385416666667 0.32619097222222215 0.022429687500000028
3 0.2313472222222222 0.6539114583333333 0.28114930555555556 0.020651041666666713
2 0.22916666666666666 0.008854166666666666 0.4583333333333333 0.017708333333333333
2 0.22460416666666663 0.033145833333333326 0.4342256944444445 0.026229166666666675
2 0.22430555555555556 0.125859375 0.41041666666666665 0.02414583333333328
2 0.2182569444444444 0.1588229166666667 0.4173611111111111 0.027200520833333287
2 0.2147847222222222 0.19945312500000004 0.36497916666666663 0.01998958333333339
2 0.21140972222222218 0.23651041666666667 0.3876979166666667 0.02036718750000001
2 0.22579166666666667 0.32503645833333333 0.3584340277777778 0.021536458333333404
2 0.2350208333333333 0.35070833333333334 0.38095138888888885 0.023031250000000014
2 0.21815277777777778 0.38932812499999997 0.3466284722222222 0.027054687500000084
2 0.22400694444444447 0.42028645833333333 0.2992048611111111 0.021104166666666656
2 0.2225208333333333 0.4563020833333333 0.31309375 0.02401041666666662
2 0.21488194444444442 0.4935104166666667 0.27589236111111115 0.01940364583333339
2 0.22668749999999996 0.5241666666666667 0.3101180555555555 0.02342447916666662
2 0.21507638888888891 0.5919322916666666 0.27172569444444433 0.02243749999999996
2 0.21736111111111112 0.6888177083333333 0.23730208333333344 0.0231197916666666
2 0.23620833333333333 0.7200729166666666 0.26894791666666673 0.032276041666666797
2 0.2267361111111111 0.7497395833333333 0.2326388888888889 0.0203125
1 0.2272847222222222 0.08358854166666667 0.43015972222222226 0.03522916666666666
1 0.21686805555555552 0.286203125 0.3528784722222222 0.02221093749999999
1 0.2274791666666667 0.5610572916666666 0.26815625 0.01954166666666666
3 0.2065972222222222 0.7799479166666666 0.4131944444444444 0.033854166666666664
3 0.19930555555555557 0.8260416666666667 0.39861111111111114 0.04791666666666667
3 0.18541666666666667 0.8888020833333333 0.37083333333333335 0.06614583333333333
2 0.221875 0.9638020833333333 0.44375 0.07239583333333334