3 0.5121418539325843 0.2217631578947368 0.36195926966292125 0.02533157894736848
3 0.5146488764044944 0.19288947368421053 0.2947401685393259 0.021736842105263252
2 0.5209691011235955 0.8632526315789474 0.4967907303370787 0.05845263157894734
2 0.5214676966292136 0.8201894736842106 0.4737148876404494 0.028800000000000135
2 0.5217696629213483 0.7264999999999999 0.4550561797752809 0.026694736842105396
2 0.5278862359550562 0.6931894736842105 0.43679775280898875 0.02865789473684201
2 0.5313974719101124 0.6521315789473684 0.4277668539325842 0.02355789473684198
2 0.534810393258427 0.6146842105263158 0.4329845505617977 0.023268421052631598
2 0.5202668539325843 0.5252263157894737 0.38784410112359546 0.023526315789473708
2 0.5109339887640449 0.4992842105263158 0.38844101123595515 0.023389473684210554
2 0.5279915730337079 0.4602578947368421 0.35834971910112356 0.028363157894736774
2 0.5220716292134832 0.4289736842105263 0.3481109550561798 0.024757894736842086
2 0.5235744382022472 0.3925789473684211 0.32704353932584274 0.025368421052631485
2 0.5312991573033709 0.35497894736842106 0.3136025280898876 0.02237368421052643
2 0.5193609550561799 0.32399999999999995 0.3154073033707866 0.024184210526315694
2 0.5311025280898876 0.2555210526315789 0.293939606741573 0.024294736842105185
2 0.5287921348314607 0.15761578947368424 0.25240870786516856 0.024621052631579054
2 0.5097331460674157 0.12603157894736844 0.2784901685393258 0.0336526315789474
2 0.5190589887640449 0.09181578947368424 0.25381320224719106 0.031405263157894776
1 0.5187570224719101 0.7692157894736842 0.4570646067415731 0.037515789473684315
1 0.5292907303370786 0.5644684210526316 0.37379915730337077 0.02383684210526314
1 0.518560393258427 0.28672105263157893 0.2768890449438202 0.020547368421052613