3 0.48452083333333335 0.7784635416666668 0.36696527777777765 0.022984375000000057
3 0.48204166666666665 0.8070364583333334 0.30049305555555555 0.019427083333333428
2 0.47579166666666667 0.14365624999999999 0.5002986111111112 0.055760416666666694
2 0.4752986111111111 0.18627083333333333 0.4774791666666666 0.026416666666666682
2 0.475 0.278984375 0.45902777777777776 0.02433333333333335
2 0.4689513888888889 0.3119479166666667 0.4409722222222222 0.02627604166666669
2 0.46547916666666667 0.352578125 0.4320416666666666 0.021229166666666664
2 0.46210416666666665 0.3896354166666667 0.4372013888888888 0.02094270833333335
2 0.4764861111111111 0.47816145833333334 0.3925625 0.02119791666666669
2 0.48571527777777773 0.5038333333333334 0.39315277777777785 0.02106250000000003
2 0.4688472222222222 0.542453125 0.3633958333333333 0.025984374999999935
2 0.4747013888888889 0.5734114583333334 0.35327083333333337 0.022416666666666647
2 0.4732152777777777 0.6094270833333333 0.33243750000000005 0.023020833333333237
2 0.46557638888888886 0.6466354166666667 0.3191458333333333 0.02005729166666678
2 0.47738194444444443 0.6772916666666667 0.3209305555555556 0.021848958333333238
2 0.46577083333333336 0.7450572916666667 0.29970138888888886 0.021958333333333257
2 0.46805555555555556 0.8419427083333333 0.2586319444444445 0.022281250000000103
2 0.4869027777777778 0.8731979166666667 0.2844236111111111 0.031218750000000028
2 0.47768055555555555 0.9070572916666666 0.26002083333333337 0.028994791666666703
1 0.4779791666666666 0.23671354166666667 0.461013888888889 0.03504166666666665
1 0.4675625 0.439328125 0.3786736111111111 0.021505208333333314
1 0.4781736111111111 0.7141822916666667 0.28284027777777776 0.01824999999999998