3 0.48452083333333335 0.2215364583333333 0.37043749999999986 0.026109375000000056
3 0.48204166666666665 0.19296354166666668 0.3039652777777778 0.022552083333333427
2 0.47579166666666667 0.8563437500000001 0.5037708333333334 0.05888541666666664
2 0.4752986111111111 0.8137291666666667 0.48095138888888883 0.0295416666666668
2 0.475 0.7210156249999999 0.4625 0.027458333333333466
2 0.4689513888888889 0.6880520833333333 0.4444444444444444 0.029401041666666572
2 0.46547916666666667 0.6474218749999999 0.4355138888888888 0.024354166666666545
2 0.46210416666666665 0.6103645833333334 0.4406736111111111 0.02406770833333335
2 0.4764861111111111 0.5218385416666667 0.3960347222222222 0.02432291666666669
2 0.48571527777777773 0.49616666666666664 0.39662500000000006 0.02418750000000003
2 0.4688472222222222 0.457546875 0.3668680555555555 0.029109374999999934
2 0.4747013888888889 0.42658854166666665 0.3567430555555556 0.025541666666666647
2 0.4732152777777777 0.3905729166666667 0.33590972222222226 0.02614583333333324
2 0.46557638888888886 0.35336458333333337 0.3226180555555555 0.02318229166666678
2 0.47738194444444443 0.32270833333333326 0.3244027777777779 0.024973958333333237
2 0.46577083333333336 0.2549427083333333 0.3031736111111111 0.025083333333333256
2 0.46805555555555556 0.15805729166666668 0.2621041666666667 0.025406250000000106
2 0.4869027777777778 0.12680208333333334 0.2878958333333333 0.03434375000000003
2 0.47768055555555555 0.09294270833333336 0.2634930555555556 0.0321197916666667
1 0.4779791666666666 0.7632864583333333 0.4644861111111112 0.03816666666666677
1 0.4675625 0.560671875 0.3821458333333333 0.024630208333333313
1 0.4781736111111111 0.2858177083333333 0.28631249999999997 0.02137499999999998