3 0.484375 0.7783854166666667 0.3576388888888889 0.025
3 0.48194444444444445 0.80703125 0.2916666666666667 0.021354166666666667
2 0.4756944444444444 0.14375 0.4909722222222222 0.0578125
2 0.4753472222222222 0.18619791666666666 0.46875 0.028645833333333332
2 0.475 0.27890625 0.45 0.0265625
2 0.4690972222222222 0.31197916666666664 0.43194444444444446 0.028125
2 0.465625 0.35260416666666666 0.42291666666666666 0.0234375
2 0.4621527777777778 0.38958333333333334 0.4284722222222222 0.022916666666666665
2 0.47638888888888886 0.478125 0.38333333333333336 0.0234375
2 0.4857638888888889 0.50390625 0.3840277777777778 0.022916666666666665
2 0.46875 0.5424479166666667 0.3541666666666667 0.028125
2 0.47465277777777776 0.5734375 0.34444444444444444 0.024479166666666666
2 0.4732638888888889 0.609375 0.3236111111111111 0.025
2 0.465625 0.6466145833333333 0.3104166666666667 0.022395833333333334
2 0.4774305555555556 0.67734375 0.31180555555555556 0.023958333333333335
2 0.465625 0.7450520833333333 0.29097222222222224 0.023958333333333335
2 0.46805555555555556 0.8419270833333333 0.24930555555555556 0.024479166666666666
2 0.48680555555555555 0.8731770833333333 0.27569444444444446 0.03333333333333333
2 0.4777777777777778 0.90703125 0.25069444444444444 0.03125
1 0.478125 0.23671875 0.45208333333333334 0.03697916666666667
1 0.46770833333333334 0.4393229166666667 0.36944444444444446 0.0234375
1 0.478125 0.7140625 0.27361111111111114 0.0203125