3 0.515625 0.22161458333333334 0.3576388888888889 0.025
3 0.5180555555555556 0.19296875 0.2916666666666667 0.021354166666666667
2 0.5243055555555556 0.85625 0.4909722222222222 0.0578125
2 0.5246527777777777 0.8138020833333334 0.46875 0.028645833333333332
2 0.525 0.72109375 0.45 0.0265625
2 0.5309027777777777 0.6880208333333333 0.43194444444444446 0.028125
2 0.534375 0.6473958333333333 0.42291666666666666 0.0234375
2 0.5378472222222223 0.6104166666666667 0.4284722222222222 0.022916666666666665
2 0.5236111111111111 0.521875 0.38333333333333336 0.0234375
2 0.5142361111111111 0.49609375 0.3840277777777778 0.022916666666666665
2 0.53125 0.45755208333333336 0.3541666666666667 0.028125
2 0.5253472222222222 0.4265625 0.34444444444444444 0.024479166666666666
2 0.5267361111111111 0.390625 0.3236111111111111 0.025
2 0.534375 0.3533854166666667 0.3104166666666667 0.022395833333333334
2 0.5225694444444444 0.32265625 0.31180555555555556 0.023958333333333335
2 0.534375 0.25494791666666666 0.29097222222222224 0.023958333333333335
2 0.5319444444444444 0.15807291666666667 0.24930555555555556 0.024479166666666666
2 0.5131944444444444 0.12682291666666667 0.27569444444444446 0.03333333333333333
2 0.5222222222222223 0.09296875 0.25069444444444444 0.03125
1 0.521875 0.76328125 0.45208333333333334 0.03697916666666667
1 0.5322916666666667 0.5606770833333333 0.36944444444444446 0.0234375
1 0.521875 0.2859375 0.27361111111111114 0.0203125