3 0.4909722222222222 0.7786458333333334 0.35833333333333334 0.0296875
3 0.4892361111111111 0.8072916666666666 0.2916666666666667 0.025520833333333333
2 0.4673611111111111 0.14401041666666667 0.49236111111111114 0.0640625
2 0.46805555555555556 0.18671875 0.46875 0.034375
2 0.46979166666666666 0.2794270833333333 0.45069444444444445 0.03229166666666667
2 0.46458333333333335 0.3125 0.4326388888888889 0.033854166666666664
2 0.4621527777777778 0.353125 0.4236111111111111 0.028645833333333332
2 0.459375 0.39010416666666664 0.4284722222222222 0.028645833333333332
2 0.47604166666666664 0.4783854166666667 0.3840277777777778 0.028125
2 0.4857638888888889 0.50390625 0.38472222222222224 0.028125
2 0.46979166666666666 0.54296875 0.3548611111111111 0.0328125
2 0.47638888888888886 0.5736979166666667 0.34444444444444444 0.029166666666666667
2 0.4756944444444444 0.6096354166666667 0.3236111111111111 0.029166666666666667
2 0.4690972222222222 0.6471354166666666 0.3104166666666667 0.026041666666666668
2 0.48159722222222223 0.6776041666666667 0.3125 0.028125
2 0.47152777777777777 0.7455729166666667 0.29097222222222224 0.027604166666666666
2 0.47604166666666664 0.8421875 0.25 0.027604166666666666
2 0.4954861111111111 0.8734375 0.2763888888888889 0.03697916666666667
2 0.48715277777777777 0.9072916666666667 0.2513888888888889 0.034375
1 0.471875 0.23697916666666666 0.4527777777777778 0.043229166666666666
1 0.46631944444444445 0.43984375 0.3701388888888889 0.028645833333333332
1 0.48333333333333334 0.7143229166666667 0.2743055555555556 0.023958333333333335