3 0.4428541666666667 0.5909635416666668 0.3463298611111111 0.02399218750000003
3 0.440375 0.6195364583333334 0.27559375 0.020130208333333382
2 0.43333333333333335 0.005989583333333334 0.44722222222222224 0.011979166666666667
2 0.43333333333333335 0.09148437499999999 0.43194444444444446 0.025187499999999977
2 0.4272847222222222 0.1244479166666667 0.38680555555555557 0.025117187499999954
2 0.4238125 0.16507812500000002 0.4115069444444444 0.022072916666666723
2 0.42043749999999996 0.20213541666666668 0.3876979166666667 0.02036718750000001
2 0.4348194444444444 0.29066145833333334 0.3688506944444444 0.02205729166666674
2 0.4440486111111111 0.31633333333333336 0.3663680555555555 0.021989583333333347
2 0.42718055555555556 0.354953125 0.33690624999999996 0.026013020833333417
2 0.4330347222222223 0.38591145833333335 0.3332326388888889 0.023708333333333324
2 0.4315486111111111 0.4219270833333333 0.32142708333333336 0.024531249999999952
2 0.4239097222222222 0.45913541666666663 0.3064479166666667 0.022007812500000057
2 0.43571527777777774 0.48979166666666674 0.2809513888888888 0.021341145833333287
2 0.42410416666666667 0.5575572916666667 0.2870034722222221 0.023479166666666627
2 0.42604166666666665 0.6463541666666667 0.2326388888888889 0.007291666666666667
1 0.4363125 0.04921354166666667 0.4433541666666667 0.03627083333333333
1 0.4258958333333333 0.251828125 0.35496180555555557 0.02221093749999999
1 0.4365069444444445 0.5266822916666667 0.2466284722222222 0.017979166666666657
3 0.8135416666666667 0.6786458333333333 0.06736111111111111 0.03333333333333333
3 0.8131944444444444 0.7091145833333333 0.06666666666666667 0.022395833333333334
1 0.8100694444444444 0.7627604166666667 0.06041666666666667 0.021354166666666667