3 0.5357703703703703 0.22408333333333327 0.38179999999999986 0.02673888888888895
3 0.5384148148148148 0.19360555555555556 0.31089629629629634 0.022944444444444545
2 0.5450814814814815 0.9012111111111112 0.5240222222222223 0.06169999999999997
2 0.5456074074074074 0.8557555555555556 0.49968148148148145 0.030400000000000142
2 0.5459259259259259 0.7568611111111111 0.48 0.02817777777777792
2 0.5523777777777779 0.7217 0.46074074074074073 0.0302499999999999
2 0.5560814814814815 0.6783611111111111 0.45121481481481474 0.024866666666666537
2 0.5596814814814816 0.6388333333333334 0.45671851851851847 0.02456111111111113
2 0.5443407407407408 0.5444055555555555 0.4091037037037037 0.02483333333333336
2 0.5344962962962964 0.5170222222222222 0.4097333333333334 0.02468888888888892
2 0.5524888888888889 0.4758277777777778 0.37799259259259255 0.029938888888888817
2 0.5462444444444444 0.4428055555555555 0.3671925925925926 0.026133333333333314
2 0.5478296296296297 0.40438888888888896 0.34497037037037037 0.026777777777777678
2 0.5559777777777778 0.3647 0.3307925925925925 0.02361666666666679
2 0.5433851851851852 0.33199999999999996 0.3326962962962964 0.025527777777777677
2 0.5557703703703704 0.25971666666666665 0.3100518518518518 0.025644444444444362
2 0.5533333333333333 0.15637222222222225 0.2662444444444445 0.025988888888889
2 0.5332296296296296 0.12303333333333336 0.2937555555555555 0.035522222222222254
2 0.5430666666666667 0.0869166666666667 0.267725925925926 0.03315000000000004
1 0.5427481481481482 0.8019499999999999 0.4821185185185186 0.039600000000000114
1 0.5538592592592593 0.5858277777777778 0.39428888888888886 0.025161111111111092
1 0.5425407407407407 0.29264999999999997 0.29206666666666664 0.02168888888888887