3 0.29965277777777777 0.44192708333333336 0.2604166666666667 0.021354166666666667
3 0.31180555555555556 0.4703125 0.2361111111111111 0.01875
2 0.27534722222222224 0.015885416666666666 0.3090277777777778 0.0203125
2 0.2607638888888889 0.05286458333333333 0.33819444444444446 0.022395833333333334
2 0.28506944444444443 0.14140625 0.28958333333333336 0.021354166666666667
2 0.2923611111111111 0.16692708333333334 0.275 0.0203125
2 0.28715277777777776 0.20572916666666666 0.28541666666666665 0.025
2 0.29409722222222223 0.23671875 0.27152777777777776 0.022395833333333334
2 0.2934027777777778 0.27291666666666664 0.27291666666666664 0.023958333333333335
2 0.29965277777777777 0.3098958333333333 0.2604166666666667 0.019791666666666666
2 0.30486111111111114 0.340625 0.25 0.020833333333333332
2 0.3013888888888889 0.4083333333333333 0.2569444444444444 0.021875
1 0.28506944444444443 0.10260416666666666 0.28958333333333336 0.020833333333333332
1 0.30659722222222224 0.37734375 0.2465277777777778 0.0203125
2 0.4982638888888889 0.40651041666666665 0.13680555555555557 0.03177083333333333
2 0.49756944444444445 0.42864583333333334 0.13541666666666666 0.010416666666666666
2 0.5 0.4401041666666667 0.14027777777777778 0.007291666666666667
2 0.4996527777777778 0.44895833333333335 0.13958333333333334 0.00625
2 0.5364583333333334 0.4583333333333333 0.06180555555555556 0.008072916666666667