3 0.48452083333333335 0.7784635416666668 0.36835416666666654 0.026109375000000056
3 0.48204166666666665 0.8070364583333334 0.3018819444444445 0.022552083333333427
2 0.47579166666666667 0.14365624999999999 0.5016875000000001 0.0588854166666667
2 0.4752986111111111 0.18627083333333333 0.4788680555555555 0.02954166666666668
2 0.475 0.278984375 0.46041666666666664 0.02745833333333335
2 0.4689513888888889 0.3119479166666667 0.4423611111111111 0.02940104166666669
2 0.46547916666666667 0.352578125 0.4334305555555555 0.024354166666666663
2 0.46210416666666665 0.3896354166666667 0.43859027777777776 0.02406770833333335
2 0.4764861111111111 0.47816145833333334 0.39395138888888886 0.02432291666666669
2 0.48571527777777773 0.5038333333333334 0.39454166666666673 0.02418750000000003
2 0.4688472222222222 0.542453125 0.3647847222222222 0.029109374999999934
2 0.4747013888888889 0.5734114583333334 0.35465972222222225 0.025541666666666647
2 0.4732152777777777 0.6094270833333333 0.33382638888888894 0.02614583333333324
2 0.46557638888888886 0.6466354166666667 0.3205347222222222 0.02318229166666678
2 0.47738194444444443 0.6772916666666667 0.3223194444444445 0.024973958333333237
2 0.46577083333333336 0.7450572916666667 0.30109027777777775 0.025083333333333256
2 0.46805555555555556 0.8419427083333333 0.26002083333333337 0.025406250000000106
2 0.4869027777777778 0.8731979166666667 0.28581249999999997 0.03434375000000003
2 0.47768055555555555 0.9070572916666666 0.26140972222222225 0.0321197916666667
1 0.4779791666666666 0.23671354166666667 0.4624027777777779 0.038166666666666654
1 0.4675625 0.439328125 0.38006249999999997 0.024630208333333313
1 0.4781736111111111 0.7141822916666667 0.28422916666666664 0.02137499999999998