3 0.4797798742138365 0.15279088050314457 0.5402830188679244 0.03783805031446549
3 0.47603773584905656 0.1096619496855346 0.43994758909853254 0.03246855345911964
2 0.46540880503144655 0.9067216981132075 0.6792452830188679 0.03987421383647819
2 0.4562788259958071 0.8569654088050314 0.6519916142557652 0.042806603773584764
2 0.45103773584905654 0.7956367924528301 0.6385115303983228 0.03518867924528292
2 0.44594339622641505 0.7397012578616352 0.6462997903563941 0.034756289308176126
2 0.46765199161425575 0.6060770440251572 0.5789203354297694 0.0351415094339623
2 0.4815828092243186 0.5673270440251572 0.5798113207547171 0.034937106918239036
2 0.4561215932914046 0.5090330188679245 0.534895178197065 0.04236635220125776
2 0.46495807127882605 0.46230345911949683 0.5196121593291405 0.03698113207547167
2 0.46271488469601674 0.4079402515723271 0.4881656184486374 0.03789308176100615
2 0.45118448637316555 0.3517767295597485 0.46810272536687625 0.03341981132075489
2 0.46900419287211736 0.30550314465408795 0.47079664570230617 0.03612421383647785
2 0.4514779874213837 0.20321540880503144 0.4387526205450733 0.036289308176100515
2 0.4549266247379455 0.05697327044025159 0.37676100628930825 0.03677672955974858
2 0.4827044025157233 0.01768867924528302 0.4161425576519916 0.03537735849056604
1 0.4699056603773584 0.9705267295597484 0.6822431865828094 0.05603773584905676
1 0.45418238993710686 0.6646933962264151 0.5579559748427673 0.03560534591194966
1 0.47019916142557655 0.24981918238993708 0.4133018867924528 0.03069182389937104