3 0.2659947916666667 0.4008593750000001 0.2581848958333333 0.02399218750000003
3 0.2641354166666667 0.4294322916666667 0.19002864583333334 0.01856770833333338
2 0.24918229166666664 0.012031250000000012 0.27827343750000005 0.019846354166666677
2 0.25996874999999997 0.10055729166666669 0.24903385416666665 0.019973958333333406
2 0.266890625 0.12622916666666667 0.2648802083333333 0.02094791666666668
2 0.25423958333333335 0.16484895833333332 0.23809635416666666 0.024971354166666692
2 0.25863020833333333 0.1958072916666667 0.22544531250000002 0.021104166666666656
2 0.25751562499999997 0.23182291666666663 0.21242447916666668 0.021927083333333285
2 0.2517864583333333 0.26903125 0.2105651041666667 0.019924479166666724
2 0.26064062499999996 0.29968750000000005 0.22633854166666664 0.022903645833333285
2 0.2519322916666667 0.367453125 0.20796093749999991 0.022958333333333296
2 0.25364583333333335 0.46433854166666666 0.16599739583333342 0.0215572916666666
2 0.2674479166666667 0.48984375 0.1984375 0.0203125
1 0.2532760416666667 0.06172395833333333 0.27403385416666665 0.023252604166666656
1 0.261234375 0.336578125 0.20424218749999998 0.02006249999999999
2 0.6208333333333333 0.0109375 0.23229166666666667 0.021875
2 0.6339427083333333 0.05355208333333336 0.22842187500000002 0.026692708333333332
2 0.6427239583333333 0.08755729166666668 0.2109375 0.031088541666666695
2 0.644953125 0.1283125 0.1700885416666667 0.023177083333333334
2 0.6647447916666667 0.1687916666666667 0.16845312499999998 0.02042708333333335
2 0.6555208333333333 0.19714062499999999 0.15803645833333338 0.01165104166666661
2 0.8078125 0.078125 0.071875 0.15625