3 0.4267361111111111 0.7731770833333333 0.3590277777777778 0.06666666666666667
3 0.41805555555555557 0.8010416666666667 0.2923611111111111 0.05520833333333333
2 0.5503472222222222 0.1453125 0.49722222222222223 0.11458333333333333
2 0.5409722222222222 0.18723958333333332 0.46875 0.08333333333333333
2 0.5215277777777778 0.2786458333333333 0.45 0.07864583333333333
2 0.5086805555555556 0.3106770833333333 0.4326388888888889 0.07864583333333333
2 0.4965277777777778 0.3502604166666667 0.42291666666666666 0.07239583333333334
2 0.4857638888888889 0.38645833333333335 0.42777777777777776 0.07291666666666667
2 0.48125 0.47578125 0.38333333333333336 0.06822916666666666
2 0.48506944444444444 0.5020833333333333 0.3840277777777778 0.06770833333333333
2 0.46041666666666664 0.53828125 0.35555555555555557 0.06927083333333334
2 0.4597222222222222 0.56953125 0.3451388888888889 0.06458333333333334
2 0.45069444444444445 0.6049479166666667 0.325 0.0625
2 0.4354166666666667 0.6408854166666667 0.3111111111111111 0.058333333333333334
2 0.440625 0.6723958333333333 0.31319444444444444 0.06041666666666667
2 0.4149305555555556 0.7380208333333333 0.2923611111111111 0.0578125
2 0.3972222222222222 0.8341145833333333 0.2513888888888889 0.053125
2 0.409375 0.8671875 0.2791666666666667 0.06510416666666667
2 0.39305555555555555 0.8994791666666667 0.25416666666666665 0.059895833333333336
1 0.5333333333333333 0.2375 0.45416666666666666 0.08958333333333333
1 0.48055555555555557 0.4361979166666667 0.3701388888888889 0.06666666666666667
1 0.43368055555555557 0.7091145833333333 0.275 0.052083333333333336