3 0.5156530898876405 0.7840263157894737 0.36195926966292125 0.02533157894736848
3 0.5181601123595506 0.8129 0.2947401685393259 0.021736842105263252
2 0.5244803370786517 0.14253684210526316 0.4967907303370787 0.0584526315789474
2 0.5249789325842698 0.1856 0.4737148876404494 0.028800000000000013
2 0.5252808988764045 0.27928947368421053 0.4550561797752809 0.026694736842105278
2 0.5313974719101124 0.31260000000000004 0.43679775280898875 0.02865789473684213
2 0.5349087078651685 0.3536578947368421 0.4277668539325842 0.0235578947368421
2 0.5383216292134831 0.39110526315789473 0.4329845505617977 0.023268421052631598
2 0.5237780898876404 0.48056315789473686 0.38784410112359546 0.023526315789473708
2 0.5144452247191011 0.5065052631578948 0.38844101123595515 0.023389473684210554
2 0.531502808988764 0.5455315789473684 0.35834971910112356 0.028363157894736774
2 0.5255828651685392 0.5768157894736843 0.3481109550561798 0.024757894736842086
2 0.5270856741573035 0.6132105263157894 0.32704353932584274 0.025368421052631485
2 0.534810393258427 0.6508105263157895 0.3136025280898876 0.02237368421052643
2 0.5228721910112359 0.6817894736842106 0.3154073033707866 0.024184210526315694
2 0.5346137640449438 0.7502684210526316 0.293939606741573 0.024294736842105185
2 0.5323033707865169 0.8481736842105263 0.25240870786516856 0.024621052631579054
2 0.5132443820224719 0.8797578947368421 0.2784901685393258 0.0336526315789474
2 0.5225702247191011 0.9139736842105263 0.25381320224719106 0.031405263157894776
1 0.5222682584269663 0.23657368421052632 0.4570646067415731 0.0375157894736842
1 0.5328019662921348 0.44132105263157895 0.37379915730337077 0.02383684210526314
1 0.5220716292134832 0.7190684210526316 0.2768890449438202 0.020547368421052613