3 0.48452083333333335 0.2215364583333333 0.3676597222222221 0.023505208333333392
3 0.48204166666666665 0.19296354166666668 0.30118750000000005 0.019947916666666763
2 0.47579166666666667 0.8563437500000001 0.5009930555555556 0.05628124999999997
2 0.4752986111111111 0.8137291666666667 0.47817361111111106 0.02693750000000013
2 0.475 0.7210156249999999 0.4597222222222222 0.0248541666666668
2 0.4689513888888889 0.6880520833333333 0.44166666666666665 0.026796874999999904
2 0.46547916666666667 0.6474218749999999 0.43273611111111104 0.021749999999999877
2 0.46210416666666665 0.6103645833333334 0.43789583333333326 0.021463541666666686
2 0.4764861111111111 0.5218385416666667 0.3932569444444444 0.021718750000000023
2 0.48571527777777773 0.49616666666666664 0.3938472222222223 0.02158333333333336
2 0.4688472222222222 0.457546875 0.36409027777777775 0.026505208333333266
2 0.4747013888888889 0.42658854166666665 0.3539652777777778 0.022937499999999982
2 0.4732152777777777 0.3905729166666667 0.3331319444444445 0.023541666666666572
2 0.46557638888888886 0.35336458333333337 0.31984027777777774 0.020578125000000114
2 0.47738194444444443 0.32270833333333326 0.32162500000000005 0.022369791666666573
2 0.46577083333333336 0.2549427083333333 0.3003958333333333 0.022479166666666592
2 0.46805555555555556 0.15805729166666668 0.2593263888888889 0.022802083333333438
2 0.4869027777777778 0.12680208333333334 0.2851180555555555 0.03173958333333336
2 0.47768055555555555 0.09294270833333336 0.2607152777777778 0.02951562500000004
1 0.4779791666666666 0.7632864583333333 0.46170833333333344 0.0355625000000001
1 0.4675625 0.560671875 0.37936805555555553 0.02202604166666665
1 0.4781736111111111 0.2858177083333333 0.2835347222222222 0.018770833333333313