3 0.48452083333333335 0.2215364583333333 0.36835416666666654 0.025588541666666725
3 0.48204166666666665 0.19296354166666668 0.3018819444444445 0.022031250000000096
2 0.47579166666666667 0.8563437500000001 0.5016875000000001 0.0583645833333333
2 0.4752986111111111 0.8137291666666667 0.4788680555555555 0.029020833333333464
2 0.475 0.7210156249999999 0.46041666666666664 0.02693750000000013
2 0.4689513888888889 0.6880520833333333 0.4423611111111111 0.028880208333333237
2 0.46547916666666667 0.6474218749999999 0.4334305555555555 0.02383333333333321
2 0.46210416666666665 0.6103645833333334 0.43859027777777776 0.02354687500000002
2 0.4764861111111111 0.5218385416666667 0.39395138888888886 0.023802083333333356
2 0.48571527777777773 0.49616666666666664 0.39454166666666673 0.023666666666666693
2 0.4688472222222222 0.457546875 0.3647847222222222 0.0285885416666666
2 0.4747013888888889 0.42658854166666665 0.35465972222222225 0.025020833333333315
2 0.4732152777777777 0.3905729166666667 0.33382638888888894 0.025624999999999905
2 0.46557638888888886 0.35336458333333337 0.3205347222222222 0.022661458333333447
2 0.47738194444444443 0.32270833333333326 0.3223194444444445 0.024453124999999905
2 0.46577083333333336 0.2549427083333333 0.30109027777777775 0.024562499999999925
2 0.46805555555555556 0.15805729166666668 0.26002083333333337 0.02488541666666677
2 0.4869027777777778 0.12680208333333334 0.28581249999999997 0.033822916666666696
2 0.47768055555555555 0.09294270833333336 0.26140972222222225 0.03159895833333337
1 0.4779791666666666 0.7632864583333333 0.4624027777777779 0.03764583333333344
1 0.4675625 0.560671875 0.38006249999999997 0.02410937499999998
1 0.4781736111111111 0.2858177083333333 0.28422916666666664 0.02085416666666665