2 0.45 0.07246093749999996 0.9 0.06604166666666669
2 0.43790277777777775 0.15486979166666673 0.8638888888888888 0.07089843750000006
2 0.4309583333333332 0.2564453125 0.8460277777777776 0.05828124999999998
2 0.42569444444444443 0.34830729166666663 0.8513888888888889 0.05859375
2 0.4529722222222222 0.5704036458333334 0.7670694444444444 0.05820312500000013
2 0.47143055555555546 0.6345833333333333 0.76825 0.05786458333333333
2 0.4376944444444444 0.7311328125 0.708736111111111 0.07016927083333324
2 0.4494027777777779 0.8085286458333334 0.6884861111111111 0.06125000000000003
2 0.4464305555555555 0.8985677083333332 0.6468194444444445 0.06276041666666643
2 0.4305555555555555 0.9817708333333333 0.6194444444444444 0.03645833333333326
1 0.43512499999999993 0.47332031249999995 0.7392916666666667 0.0589713541666666