3 0.4858310055865922 0.7783507853403142 0.3599371508379887 0.02519895287958121
3 0.4833379888268156 0.8070732984293194 0.29309357541899445 0.021623036649214757
2 0.4770530726256983 0.1402198952879581 0.49401536312849165 0.05814659685863877
2 0.4765572625698324 0.18305759162303664 0.4710684357541899 0.028649214659685878
2 0.4762569832402235 0.2762565445026178 0.45251396648044695 0.02655497382198954
2 0.47017458100558657 0.3093926701570681 0.43435754189944137 0.028507853403141385
2 0.46668296089385475 0.35023560209424087 0.42537709497206694 0.023434554973821985
2 0.4632891061452514 0.3874869109947644 0.43056564245810053 0.023146596858638763
2 0.47775139664804467 0.47647643979057597 0.385677374301676 0.02340314136125657
2 0.4870321229050279 0.502282722513089 0.38627094972067044 0.02326701570680631
2 0.4700698324022346 0.5411047120418848 0.35634776536312845 0.028214659685863806
2 0.47595670391061456 0.5722251308900523 0.34616620111731844 0.024628272251308883
2 0.47446229050279326 0.6084293193717277 0.3252164804469274 0.025235602094240743
2 0.4667807262569832 0.6458324607329843 0.31185055865921785 0.022256544502617916
2 0.47865223463687145 0.6766492146596859 0.3136452513966481 0.024057591623036553
2 0.46697625698324025 0.7447696335078534 0.2922974860335195 0.02416753926701563
2 0.4692737430167598 0.8421623036649214 0.25099860335195534 0.024492146596858742
2 0.48822625698324024 0.8735811518324608 0.2769343575418994 0.03347643979057594
2 0.4789525139664805 0.9076178010471204 0.2523952513966481 0.031240837696335115
1 0.4792527932960894 0.23376439790575917 0.45451117318435763 0.03731937172774868
1 0.4687779329608938 0.4374397905759162 0.3717108938547486 0.023712041884816733
1 0.4794483240223464 0.7137329842931938 0.2753421787709497 0.02043979057591621