2 0.36136111111111113 0.8050989583333333 0.2987986111111111 0.025979166666666723
2 0.3631319444444444 0.7773958333333333 0.2669791666666667 0.019833333333333297
2 0.3621180555555556 0.758359375 0.2599097222222222 0.014343749999999982
2 0.3612986111111111 0.7339687500000001 0.2544791666666667 0.014822916666666686
2 0.35858333333333337 0.7091562499999999 0.24779166666666663 0.022786458333333332
2 0.36054166666666665 0.6850052083333333 0.24791666666666667 0.019947916666666763
2 0.3639513888888889 0.664453125 0.25220833333333337 0.021281249999999828
2 0.3657222222222222 0.6423385416666666 0.2658472222222222 0.021005208333333296
2 0.36881250000000004 0.622171875 0.2808680555555556 0.021562500000000047
2 0.3604791666666667 0.5779166666666666 0.25410416666666674 0.02390625000000005
2 0.36685416666666665 0.55859375 0.2554930555555556 0.01709374999999985
2 0.36666666666666664 0.5394635416666667 0.2487986111111111 0.017473958333333428
2 0.3598472222222222 0.497 0.24526388888888892 0.014338541666666652
2 0.36401388888888886 0.4770625 0.24602083333333333 0.015385416666666648
2 0.3590277777777778 0.45925520833333333 0.23478472222222216 0.01690625000000002
2 0.3597222222222222 0.438421875 0.23743750000000005 0.01691145833333323
2 0.34899305555555554 0.4177239583333333 0.20839583333333336 0.023260416666666592
2 0.34842361111111114 0.3508333333333333 0.20347222222222222 0.01594791666666661
2 0.33560416666666665 0.28960416666666666 0.20183333333333325 0.02003645833333323
2 0.3577013888888889 0.26606770833333326 0.22329861111111107 0.009338541666666582
2 0.3528402777777777 0.24376562499999999 0.18958333333333333 0.017015625000000038
2 0.34520138888888885 0.22278645833333333 0.18566666666666667 0.014468750000000105
2 0.3429930555555556 0.20365624999999998 0.16988888888888887 0.014848958333333447
2 0.35265277777777776 0.1640833333333333 0.1727916666666667 0.014442708333333342
2 0.34842361111111114 0.14102083333333332 0.1580208333333333 0.012270833333333305
1 0.34961805555555553 0.5996875 0.23743749999999997 0.018244791666666534
1 0.3434375 0.32728645833333336 0.19728472222222224 0.016640624999999905
3 0.3456458333333333 0.1163020833333333 0.17064583333333336 0.02049479166666662
3 0.3467152777777778 0.1827395833333333 0.16344444444444453 0.01690104166666657
3 0.35681944444444447 0.37000000000000005 0.1987986111111111 0.01644270833333342
3 0.3537222222222222 0.39462500000000006 0.22418055555555552 0.020223958333333295
3 0.35555555555555557 0.5143229166666666 0.2316319444444444 0.019458333333333282
0 0.3566319444444444 0.3100520833333333 0.18705555555555564 0.013223958333333266