2 0.014583333333333334 0.7509765625 0.029166666666666667 0.435546875
2 0.075 0.755859375 0.06041666666666667 0.42578125
2 0.13854166666666667 0.75390625 0.052083333333333336 0.4296875
2 0.19375 0.7490234375 0.05625 0.439453125
2 0.253125 0.7412109375 0.05625 0.455078125
2 0.3072916666666667 0.7314453125 0.058333333333333334 0.474609375
2 0.425 0.7509765625 0.06458333333333334 0.435546875
2 0.47604166666666664 0.7451171875 0.04375 0.447265625
2 0.528125 0.748046875 0.04791666666666667 0.44140625
2 0.640625 0.755859375 0.03958333333333333 0.42578125
2 0.69375 0.751953125 0.03958333333333333 0.43359375
2 0.7416666666666667 0.76171875 0.04375 0.4140625
2 0.796875 0.759765625 0.04583333333333333 0.41796875
2 0.853125 0.783203125 0.0625 0.37109375
1 0.36770833333333336 0.76953125 0.04791666666666667 0.3984375
3 0.9791666666666666 0.7685546875 0.041666666666666664 0.353515625
3 0.9135416666666667 0.771484375 0.05416666666666667 0.39453125
3 0.5947916666666667 0.7666015625 0.052083333333333336 0.404296875