2 0.7677083333333333 0.0400390625 0.46458333333333335 0.037109375
2 0.7729166666666667 0.1015625 0.45416666666666666 0.056640625
2 0.7708333333333334 0.1611328125 0.4583333333333333 0.048828125
2 0.765625 0.212890625 0.46875 0.052734375
2 0.7572916666666667 0.2685546875 0.48541666666666666 0.052734375
2 0.746875 0.3193359375 0.50625 0.0546875
2 0.7677083333333333 0.4296875 0.46458333333333335 0.060546875
2 0.7614583333333333 0.4775390625 0.47708333333333336 0.041015625
2 0.7645833333333333 0.5263671875 0.4708333333333333 0.044921875
2 0.7729166666666667 0.6318359375 0.45416666666666666 0.037109375
2 0.76875 0.681640625 0.4625 0.037109375
2 0.7791666666666667 0.7265625 0.44166666666666665 0.041015625
2 0.7770833333333333 0.7783203125 0.44583333333333336 0.04296875
2 0.8020833333333334 0.8310546875 0.3958333333333333 0.05859375
2 0.8041666666666667 0.9892578125 0.3854166666666667 0.021484375
1 0.7875 0.3759765625 0.425 0.044921875
3 0.7864583333333334 0.9501953125 0.3770833333333333 0.041015625
3 0.7895833333333333 0.8876953125 0.42083333333333334 0.05078125
3 0.784375 0.5888671875 0.43125 0.048828125