2 0.23263888888888887 0.039713541666666664 0.46527777777777773 0.03776041666666667
2 0.22708333333333333 0.1015625 0.45416666666666666 0.05729166666666667
2 0.22916666666666666 0.16145833333333331 0.4583333333333333 0.049479166666666685
2 0.2347222222222222 0.212890625 0.4694444444444444 0.053385416666666685
2 0.24305555555555552 0.26822916666666663 0.48611111111111105 0.05208333333333334
2 0.2534722222222222 0.31901041666666663 0.5069444444444444 0.0546875
2 0.23194444444444443 0.4296875 0.46388888888888885 0.05989583333333337
2 0.23888888888888887 0.4778645833333333 0.47777777777777775 0.04166666666666663
2 0.23541666666666666 0.5260416666666666 0.4708333333333333 0.04427083333333326
2 0.22708333333333333 0.6315104166666666 0.45416666666666666 0.03645833333333326
2 0.23125 0.681640625 0.4625 0.03776041666666674
2 0.22083333333333333 0.7265625 0.44166666666666665 0.04166666666666674
2 0.22291666666666668 0.7779947916666666 0.44583333333333336 0.04296875
2 0.1979861111111111 0.8306901041666667 0.39595833333333336 0.0581510416666664
2 0.19583333333333333 0.9889322916666666 0.38611111111111107 0.02213541666666674
1 0.2125 0.37565104166666663 0.425 0.04557291666666663
3 0.213638888888889 0.9499999999999998 0.37676388888888884 0.04110677083333347
3 0.21041666666666667 0.8873697916666666 0.42083333333333334 0.05078125
3 0.2159722222222222 0.5885416666666666 0.4319444444444444 0.04947916666666674