2 0.36136111111111113 0.8050989583333333 0.3001875 0.024416666666666722
2 0.3631319444444444 0.7773958333333333 0.2683680555555556 0.018270833333333295
2 0.3621180555555556 0.758359375 0.2612986111111111 0.012781249999999982
2 0.3612986111111111 0.7339687500000001 0.2558680555555556 0.013260416666666686
2 0.35858333333333337 0.7091562499999999 0.24918055555555552 0.021223958333333334
2 0.36054166666666665 0.6850052083333333 0.24930555555555556 0.01838541666666676
2 0.3639513888888889 0.664453125 0.25359722222222225 0.01971874999999983
2 0.3657222222222222 0.6423385416666666 0.26723611111111106 0.019442708333333295
2 0.36881250000000004 0.622171875 0.2822569444444445 0.02000000000000005
2 0.3604791666666667 0.5779166666666666 0.2554930555555556 0.022343750000000048
2 0.36685416666666665 0.55859375 0.2568819444444445 0.015531249999999849
2 0.36666666666666664 0.5394635416666667 0.2501875 0.015911458333333427
2 0.3598472222222222 0.497 0.24665277777777783 0.012776041666666653
2 0.36401388888888886 0.4770625 0.2474097222222222 0.013822916666666648
2 0.3590277777777778 0.45925520833333333 0.23617361111111104 0.015343750000000019
2 0.3597222222222222 0.438421875 0.23882638888888894 0.015348958333333228
2 0.34899305555555554 0.4177239583333333 0.20978472222222225 0.02169791666666659
2 0.34842361111111114 0.3508333333333333 0.2048611111111111 0.01438541666666661
2 0.33560416666666665 0.28960416666666666 0.20322222222222214 0.018473958333333228
2 0.3577013888888889 0.26606770833333326 0.22468749999999996 0.007776041666666581
2 0.3528402777777777 0.24376562499999999 0.1909722222222222 0.015453125000000038
2 0.34520138888888885 0.22278645833333333 0.18705555555555556 0.012906250000000103
2 0.3429930555555556 0.20365624999999998 0.17127777777777778 0.013286458333333447
2 0.35265277777777776 0.1640833333333333 0.1741805555555556 0.012880208333333342
2 0.34842361111111114 0.14102083333333332 0.1594097222222222 0.010708333333333304
1 0.34961805555555553 0.5996875 0.23882638888888888 0.016682291666666533
1 0.3434375 0.32728645833333336 0.19867361111111112 0.015078124999999906
3 0.3456458333333333 0.1163020833333333 0.17203472222222224 0.018932291666666618
3 0.3467152777777778 0.1827395833333333 0.16483333333333341 0.015338541666666572
3 0.35681944444444447 0.37000000000000005 0.2001875 0.014880208333333419
3 0.3537222222222222 0.39462500000000006 0.2255694444444444 0.018661458333333294
3 0.35555555555555557 0.5143229166666666 0.2330208333333333 0.01789583333333328
0 0.3566319444444444 0.3100520833333333 0.18844444444444453 0.011661458333333267