2 0.36136111111111113 0.19490104166666666 0.3036597222222222 0.02702083333333333
2 0.3631319444444444 0.22260416666666666 0.2718402777777778 0.020875000000000022
2 0.3621180555555556 0.241640625 0.26477083333333334 0.015385416666666648
2 0.3612986111111111 0.26603125 0.2593402777777778 0.015864583333333352
2 0.35858333333333337 0.29084374999999996 0.2526527777777777 0.023828125
2 0.36054166666666665 0.31499479166666666 0.25277777777777777 0.020989583333333308
2 0.3639513888888889 0.335546875 0.25706944444444446 0.022322916666666616
2 0.3657222222222222 0.35766145833333335 0.2707083333333333 0.022046874999999962
2 0.36881250000000004 0.37782812499999996 0.2857291666666667 0.022604166666666713
2 0.3604791666666667 0.4220833333333333 0.25896527777777784 0.024947916666666715
2 0.36685416666666665 0.44140625 0.2603541666666667 0.018135416666666633
2 0.36666666666666664 0.46053645833333334 0.2536597222222222 0.018515624999999977
2 0.3598472222222222 0.503 0.25012500000000004 0.015380208333333319
2 0.36401388888888886 0.5229374999999999 0.25088194444444445 0.016427083333333314
2 0.3590277777777778 0.5407447916666667 0.23964583333333328 0.017947916666666685
2 0.3597222222222222 0.561578125 0.24229861111111117 0.017953124999999896
2 0.34899305555555554 0.5822760416666667 0.21325694444444446 0.02430208333333326
2 0.34842361111111114 0.6491666666666667 0.20833333333333334 0.016989583333333277
2 0.33560416666666665 0.7103958333333333 0.20669444444444435 0.021078124999999896
2 0.3577013888888889 0.7339322916666667 0.2281597222222222 0.010380208333333248
2 0.3528402777777777 0.756234375 0.19444444444444445 0.018057291666666704
2 0.34520138888888885 0.7772135416666667 0.1905277777777778 0.015510416666666771
2 0.3429930555555556 0.79634375 0.17475 0.015890625000000113
2 0.35265277777777776 0.8359166666666666 0.17765277777777783 0.01548437500000001
2 0.34842361111111114 0.8589791666666666 0.16288194444444443 0.013312499999999972
1 0.34961805555555553 0.4003125 0.2422986111111111 0.01928645833333332
1 0.3434375 0.6727135416666666 0.20214583333333336 0.017682291666666572
3 0.3456458333333333 0.8836979166666666 0.17550694444444445 0.021536458333333286
3 0.3467152777777778 0.8172604166666667 0.16830555555555565 0.017942708333333238
3 0.35681944444444447 0.63 0.2036597222222222 0.017484375000000087
3 0.3537222222222222 0.605375 0.22904166666666662 0.02126562499999996
3 0.35555555555555557 0.4856770833333333 0.23649305555555553 0.02049999999999995
0 0.3566319444444444 0.6899479166666667 0.19191666666666676 0.014265624999999933