2 0.36136111111111113 0.8050989583333333 0.2932430555555555 0.024937500000000057
2 0.3631319444444444 0.7773958333333333 0.2614236111111111 0.01879166666666663
2 0.3621180555555556 0.758359375 0.25435416666666666 0.013302083333333315
2 0.3612986111111111 0.7339687500000001 0.24892361111111114 0.01378125000000002
2 0.35858333333333337 0.7091562499999999 0.24223611111111107 0.021744791666666666
2 0.36054166666666665 0.6850052083333333 0.2423611111111111 0.018906250000000093
2 0.3639513888888889 0.664453125 0.24665277777777783 0.02023958333333316
2 0.3657222222222222 0.6423385416666666 0.26029166666666664 0.01996354166666663
2 0.36881250000000004 0.622171875 0.2753125 0.02052083333333338
2 0.3604791666666667 0.5779166666666666 0.24854861111111118 0.02286458333333338
2 0.36685416666666665 0.55859375 0.24993750000000006 0.016052083333333182
2 0.36666666666666664 0.5394635416666667 0.24324305555555553 0.01643229166666676
2 0.3598472222222222 0.497 0.23970833333333338 0.013296874999999986
2 0.36401388888888886 0.4770625 0.24046527777777776 0.014343749999999982
2 0.3590277777777778 0.45925520833333333 0.22922916666666662 0.015864583333333352
2 0.3597222222222222 0.438421875 0.2318819444444445 0.015869791666666563
2 0.34899305555555554 0.4177239583333333 0.2028402777777778 0.022218749999999923
2 0.34842361111111114 0.3508333333333333 0.19791666666666666 0.014906249999999944
2 0.33560416666666665 0.28960416666666666 0.1962777777777777 0.018994791666666563
2 0.3577013888888889 0.26606770833333326 0.21774305555555554 0.008296874999999915
2 0.3528402777777777 0.24376562499999999 0.1840277777777778 0.01597395833333337
2 0.34520138888888885 0.22278645833333333 0.1801111111111111 0.013427083333333438
2 0.3429930555555556 0.20365624999999998 0.16433333333333333 0.01380729166666678
2 0.35265277777777776 0.1640833333333333 0.16723611111111114 0.013401041666666676
2 0.34842361111111114 0.14102083333333332 0.15246527777777774 0.011229166666666639
1 0.34961805555555553 0.5996875 0.23188194444444443 0.017203124999999868
1 0.3434375 0.32728645833333336 0.1917291666666667 0.015598958333333239
3 0.3456458333333333 0.1163020833333333 0.1650902777777778 0.019453124999999953
3 0.3467152777777778 0.1827395833333333 0.15788888888888897 0.015859374999999905
3 0.35681944444444447 0.37000000000000005 0.19324305555555554 0.015401041666666752
3 0.3537222222222222 0.39462500000000006 0.21862499999999996 0.01918229166666663
3 0.35555555555555557 0.5143229166666666 0.22607638888888887 0.018416666666666616
0 0.3566319444444444 0.3100520833333333 0.18150000000000008 0.0121822916666666