2 0.38993055555555556 0.18828125 0.2902777777777778 0.04114583333333333
2 0.3892361111111111 0.21614583333333334 0.25763888888888886 0.03333333333333333
2 0.38645833333333335 0.23515625 0.25 0.027604166666666666
2 0.38333333333333336 0.259375 0.24513888888888888 0.027604166666666666
2 0.3784722222222222 0.2838541666666667 0.2388888888888889 0.034895833333333334
2 0.378125 0.30807291666666664 0.2388888888888889 0.03229166666666667
2 0.3795138888888889 0.32890625 0.24305555555555555 0.033854166666666664
2 0.37916666666666665 0.35104166666666664 0.2569444444444444 0.034375
2 0.38055555555555554 0.37135416666666665 0.27152777777777776 0.035416666666666666
2 0.3680555555555556 0.41484375 0.24513888888888888 0.036458333333333336
2 0.37256944444444445 0.43463541666666666 0.24583333333333332 0.0296875
2 0.37083333333333335 0.45364583333333336 0.23958333333333334 0.0296875
2 0.36006944444444444 0.49557291666666664 0.23541666666666666 0.0265625
2 0.36215277777777777 0.5158854166666667 0.23680555555555555 0.027604166666666666
2 0.35555555555555557 0.5333333333333333 0.22569444444444445 0.028645833333333332
2 0.3541666666666667 0.5541666666666667 0.22777777777777777 0.028645833333333332
2 0.3416666666666667 0.57421875 0.2 0.03333333333333333
2 0.3350694444444444 0.6408854166666667 0.19375 0.026041666666666668
2 0.31631944444444443 0.7013020833333333 0.19305555555555556 0.030208333333333334
2 0.33645833333333336 0.7260416666666667 0.21319444444444444 0.0203125
2 0.3295138888888889 0.7479166666666667 0.18055555555555555 0.0265625
2 0.31979166666666664 0.7684895833333333 0.1763888888888889 0.0234375
2 0.3159722222222222 0.7875 0.16041666666666668 0.022916666666666665
2 0.321875 0.82734375 0.16319444444444445 0.022916666666666665
2 0.31527777777777777 0.8502604166666666 0.1486111111111111 0.019791666666666666
1 0.359375 0.3927083333333333 0.22847222222222222 0.030208333333333334
1 0.3277777777777778 0.6640625 0.18819444444444444 0.0265625
3 0.3104166666666667 0.8747395833333333 0.16180555555555556 0.028645833333333332
3 0.3177083333333333 0.80859375 0.15416666666666667 0.025
3 0.3451388888888889 0.6221354166666667 0.18958333333333333 0.026041666666666668
3 0.34444444444444444 0.5973958333333333 0.2152777777777778 0.03125
3 0.3572916666666667 0.478125 0.2222222222222222 0.030729166666666665
0 0.3392361111111111 0.68203125 0.17777777777777778 0.022395833333333334