2 0.36136111111111113 0.8050989583333333 0.29949305555555555 0.02702083333333339
2 0.3631319444444444 0.7773958333333333 0.26767361111111115 0.020874999999999963
2 0.3621180555555556 0.758359375 0.26060416666666664 0.015385416666666648
2 0.3612986111111111 0.7339687500000001 0.25517361111111114 0.015864583333333352
2 0.35858333333333337 0.7091562499999999 0.24848611111111107 0.023828125
2 0.36054166666666665 0.6850052083333333 0.24861111111111112 0.02098958333333343
2 0.3639513888888889 0.664453125 0.2529027777777778 0.022322916666666495
2 0.3657222222222222 0.6423385416666666 0.2665416666666666 0.022046874999999962
2 0.36881250000000004 0.622171875 0.28156250000000005 0.022604166666666713
2 0.3604791666666667 0.5779166666666666 0.2547986111111112 0.024947916666666715
2 0.36685416666666665 0.55859375 0.25618750000000007 0.018135416666666515
2 0.36666666666666664 0.5394635416666667 0.24949305555555554 0.018515625000000095
2 0.3598472222222222 0.497 0.2459583333333334 0.015380208333333319
2 0.36401388888888886 0.4770625 0.24671527777777777 0.016427083333333314
2 0.3590277777777778 0.45925520833333333 0.2354791666666666 0.017947916666666685
2 0.3597222222222222 0.438421875 0.2381319444444445 0.017953124999999896
2 0.34899305555555554 0.4177239583333333 0.2090902777777778 0.02430208333333326
2 0.34842361111111114 0.3508333333333333 0.20416666666666666 0.016989583333333277
2 0.33560416666666665 0.28960416666666666 0.2025277777777777 0.021078124999999896
2 0.3577013888888889 0.26606770833333326 0.22399305555555551 0.010380208333333248
2 0.3528402777777777 0.24376562499999999 0.19027777777777777 0.018057291666666704
2 0.34520138888888885 0.22278645833333333 0.18636111111111112 0.015510416666666771
2 0.3429930555555556 0.20365624999999998 0.17058333333333334 0.015890625000000113
2 0.35265277777777776 0.1640833333333333 0.17348611111111115 0.01548437500000001
2 0.34842361111111114 0.14102083333333332 0.15871527777777775 0.013312499999999972
1 0.34961805555555553 0.5996875 0.2381319444444444 0.0192864583333332
1 0.3434375 0.32728645833333336 0.19797916666666668 0.017682291666666572
3 0.3456458333333333 0.1163020833333333 0.1713402777777778 0.021536458333333286
3 0.3467152777777778 0.1827395833333333 0.16413888888888897 0.017942708333333238
3 0.35681944444444447 0.37000000000000005 0.19949305555555555 0.017484375000000087
3 0.3537222222222222 0.39462500000000006 0.22487499999999996 0.02126562499999996
3 0.35555555555555557 0.5143229166666666 0.23232638888888885 0.02049999999999995
0 0.3566319444444444 0.3100520833333333 0.18775000000000008 0.014265624999999933