0 0.7561875 0.44811979166666666 0.23295138888888875 0.037380208333333324
0 0.9182430555555555 0.4764791666666667 0.09747222222222231 0.04481770833333331
0 0.8005069444444445 0.4815520833333334 0.142298611111111 0.025838541666666614
1 0.6574513888888889 0.48605208333333333 0.10012500000000005 0.020005208333333375
1 0.7939375 0.5243125000000001 0.16452083333333323 0.028968749999999942
1 0.9327013888888889 0.53984375 0.05568055555555544 0.04489062500000003
1 0.6767013888888889 0.5227499999999999 0.07777777777777778 0.01921875000000005
1 0.8561875000000001 0.5554218750000001 0.09961805555555543 0.022067708333333276
3 0.6910347222222223 0.5699427083333333 0.11780555555555562 0.02477604166666675
3 0.8420486111111111 0.5880781249999999 0.15214583333333342 0.02109375
3 0.6816319444444444 0.5950416666666667 0.11540277777777766 0.024598958333333344
3 0.8416041666666667 0.6189531250000001 0.1752500000000001 0.02223958333333324
3 0.6792916666666666 0.6221770833333333 0.13219444444444436 0.028677083333333304
3 0.8387013888888889 0.6468958333333333 0.16691666666666677 0.015614583333333343
3 0.6521458333333333 0.6444791666666667 0.1056805555555556 0.03256770833333344
3 0.8286597222222222 0.6718020833333332 0.15568055555555543 0.01808333333333323
3 0.6510069444444445 0.6721354166666667 0.11603472222222216 0.023484375000000075
3 0.8265763888888888 0.7016822916666666 0.15782638888888886 0.014395833333333267
3 0.6354166666666666 0.6948177083333333 0.12399305555555552 0.031916666666666774
3 0.7935000000000001 0.7293854166666667 0.13711805555555542 0.019614583333333258
3 0.7888263888888889 0.7516406250000001 0.13535416666666655 0.016781249999999897
3 0.7792916666666667 0.7755572916666666 0.14027777777777778 0.018203124999999907
3 0.7640763888888888 0.7994218750000001 0.14141666666666658 0.01669791666666664
3 0.76875 0.8216822916666667 0.10782638888888887 0.0176510416666666
3 0.5920486111111111 0.5668229166666666 0.04608333333333326 0.10073958333333337
3 0.606375 0.7365885416666667 0.1517708333333333 0.0605312499999999
3 0.5817569444444445 0.7907604166666666 0.08484722222222227 0.03629687500000003
3 0.6650902777777777 0.7904270833333332 0.07979861111111117 0.02332291666666677
2 0.6398333333333334 0.20039583333333333 0.2767708333333333 0.02602604166666668
2 0.6328263888888889 0.23790104166666665 0.15543055555555552 0.029067708333333307
2 0.6631319444444445 0.2714739583333333 0.16552777777777772 0.027088541666666664
2 0.5711458333333334 0.29003645833333336 0.1242430555555556 0.030124999999999957
2 0.6387013888888889 0.32626562499999995 0.13560416666666666 0.03344791666666668
2 0.5723472222222222 0.36399479166666665 0.14305555555555555 0.03598958333333328
2 0.5491180555555556 0.40505208333333337 0.11679166666666671 0.03192708333333331
2 0.5380069444444444 0.442265625 0.0895208333333334 0.028703124999999947
2 0.5436875 0.46649479166666663 0.07310416666666665 0.016562499999999977
2 0.5342152777777778 0.48846875 0.08194444444444444 0.026421875000000008
2 0.5308055555555555 0.5085416666666667 0.0625 0.021109374999999986
2 0.5308055555555555 0.5354375 0.0675486111111111 0.021875
2 0.5166666666666667 0.5588333333333334 0.059472222222222294 0.021312500000000036
2 0.5119305555555556 0.5778697916666666 0.06893749999999998 0.020369791666666734
2 0.5015763888888889 0.6113489583333334 0.058333333333333334 0.02312500000000005
2 0.49766666666666665 0.6367760416666666 0.04797916666666661 0.020005208333333257