0 0.4541041666666667 0.06478645833333332 0.21161458333333327 0.035617187499999994
0 0.4984236111111111 0.09821875000000002 0.12323263888888884 0.024117187500000033
1 0.35536805555555556 0.10271875000000001 0.088951388888889 0.019638020833333294
1 0.49185416666666665 0.1409791666666667 0.14337152777777773 0.02724479166666664
1 0.3746180555555556 0.13941666666666663 0.06805555555555555 0.019765625000000023
1 0.5472222222222223 0.171875 0.06527777777777778 0.019791666666666666
3 0.3889513888888889 0.186609375 0.10404166666666662 0.024106770833333256
3 0.528125 0.20442708333333334 0.10347222222222222 0.019270833333333334
3 0.3795486111111111 0.21170833333333333 0.10006250000000007 0.02349739583333322
3 0.5232638888888889 0.23541666666666666 0.11319444444444444 0.019791666666666666
3 0.3772083333333333 0.23884374999999997 0.11887500000000005 0.028140624999999867
3 0.5222222222222223 0.26328125 0.11527777777777778 0.0140625
3 0.3500625 0.26114583333333335 0.08964583333333327 0.030606770833333505
3 0.5180555555555556 0.28802083333333334 0.12361111111111112 0.017708333333333333
3 0.34892361111111114 0.28880208333333335 0.10315625000000005 0.02346093750000004
3 0.5152777777777777 0.3182291666666667 0.12916666666666668 0.014583333333333334
3 0.3333333333333333 0.311484375 0.10921875000000006 0.030802083333333268
3 0.4909722222222222 0.34322916666666664 0.12222222222222222 0.013541666666666667
3 0.28996527777777775 0.18348958333333332 0.03345833333333322 0.09229687500000001
3 0.3038194444444444 0.33697916666666666 0.13402777777777777 0.026041666666666668
2 0.24703472222222222 0.021718750000000023 0.09797916666666677 0.029244791666666714
2 0.23592361111111113 0.05893229166666666 0.07184374999999996 0.026070312500000033
2 0.24160416666666665 0.08316145833333331 0.060857638888888885 0.016354166666666597
2 0.23213194444444443 0.10513541666666668 0.06458333333333334 0.02388802083333334
2 0.22872222222222224 0.1252083333333333 0.04583333333333333 0.018627604166666718
2 0.22872222222222224 0.15210416666666665 0.05599652777777777 0.021614583333333333
2 0.21458333333333332 0.17550000000000002 0.045013888888889006 0.019770833333333352
2 0.20984722222222219 0.19453645833333333 0.05530208333333333 0.019820312499999916
2 0.19949305555555555 0.22801562499999997 0.044444444444444446 0.021197916666666573
2 0.19558333333333333 0.25344270833333327 0.03579513888888878 0.019117187499999962
1 0.23993055555555556 0.35572916666666665 0.16319444444444445 0.011458333333333333
1 0.24166666666666667 0.3684895833333333 0.15138888888888888 0.012760416666666666
1 0.24166666666666667 0.3807291666666667 0.15034722222222222 0.009635416666666667
1 0.24791666666666667 0.39348958333333334 0.13333333333333333 0.011458333333333333
1 0.2420138888888889 0.40598958333333335 0.12777777777777777 0.010416666666666666
0 0.23333333333333334 0.42083333333333334 0.15694444444444444 0.01015625
0 0.23576388888888888 0.4317708333333333 0.12881944444444443 0.009375
0 0.23125 0.44427083333333334 0.13472222222222222 0.012239583333333333
0 0.2298611111111111 0.45703125 0.11840277777777777 0.0078125
0 0.22604166666666667 0.4700520833333333 0.121875 0.00859375
0 0.2309027777777778 0.4825520833333333 0.11041666666666666 0.007552083333333333
0 0.2326388888888889 0.4947916666666667 0.13506944444444444 0.008333333333333333
0 0.23125 0.50625 0.125 0.008333333333333333
0 0.234375 0.51875 0.125 0.010416666666666666