0 0.48715277777777777 0.3671875 0.08541666666666667 0.0375
1 0.4553680555555556 0.4053229166666667 0.07922916666666677 0.01755468749999996
1 0.4746180555555556 0.4420208333333333 0.06319444444444444 0.018203125000000025
3 0.48541666666666666 0.4890625 0.08888888888888889 0.021875
3 0.47881944444444446 0.5140625 0.10208333333333333 0.025
3 0.4736111111111111 0.54140625 0.1125 0.028645833333333332
3 0.45006250000000003 0.5637500000000001 0.08478472222222216 0.029044270833333503
3 0.38996527777777773 0.48609375 0.035541666666666555 0.09958854166666668
2 0.4173611111111111 0.11953125 0.225 0.0265625
2 0.43074305555555553 0.157171875 0.12632638888888878 0.025210937499999985
2 0.4576388888888889 0.19036458333333334 0.14444444444444443 0.0265625
2 0.3690625 0.20930729166666667 0.10448263888888884 0.027822916666666586
2 0.43661805555555555 0.24553645833333332 0.11294097222222221 0.030526041666666615
2 0.37026388888888884 0.283265625 0.12222222222222222 0.033359374999999976
2 0.34703472222222226 0.3243229166666667 0.101451388888889 0.030807291666666715
2 0.33592361111111113 0.3615364583333333 0.07323263888888884 0.026591145833333368
2 0.34160416666666665 0.385765625 0.05599652777777777 0.014791666666666595
2 0.33213194444444444 0.4077395833333333 0.06875 0.025450520833333337
2 0.32872222222222225 0.4278125 0.04791666666666667 0.019669270833333384
2 0.32872222222222225 0.4547083333333333 0.05391319444444444 0.020572916666666666
2 0.3145833333333333 0.47810416666666666 0.04709722222222234 0.02081250000000002
2 0.30984722222222216 0.497140625 0.052524305555555546 0.01877864583333325
2 0.29949305555555555 0.5306197916666666 0.04583333333333333 0.021718749999999905
2 0.2955833333333333 0.5560468749999999 0.03510069444444434 0.018596354166666627