0 0.2864583333333333 0.0140625 0.22152777777777777 0.028125
0 0.4487986111111111 0.03793750000000002 0.08068055555555576 0.041419270833333265
0 0.33106250000000004 0.04301041666666669 0.12670486111111107 0.0251588541666667
1 0.18800694444444446 0.04751041666666668 0.08339583333333343 0.018596354166666627
1 0.3244930555555555 0.08577083333333337 0.15309374999999995 0.028807291666666637
1 0.4632569444444444 0.10130208333333333 0.039645833333333116 0.03937239583333341
1 0.20725694444444448 0.0842083333333333 0.06597222222222222 0.01924479166666669
1 0.3867430555555556 0.11688020833333337 0.08175347222222216 0.02014843749999997
3 0.2215902777777778 0.13140104166666663 0.10334722222222217 0.024106770833333256
3 0.3726041666666666 0.1495364583333333 0.13093402777777782 0.019661458333333333
3 0.21218749999999997 0.1565 0.0965902777777778 0.022976562499999888
3 0.37215972222222227 0.18041145833333339 0.15290277777777767 0.020755208333333285
3 0.20984722222222219 0.18363541666666663 0.11956944444444449 0.028661458333333202
3 0.36925694444444446 0.20835416666666665 0.140402777777778 0.014317708333333219
3 0.1827013888888889 0.20593750000000005 0.08409027777777772 0.028523437500000172
3 0.3592152777777778 0.2332604166666666 0.12784027777777787 0.016072916666666732
3 0.18156250000000004 0.23359375 0.1024618055555556 0.022940104166666704
3 0.3571319444444444 0.263140625 0.12821875000000016 0.012666666666666515
3 0.16597222222222222 0.2562760416666666 0.11199652777777784 0.031843749999999935
3 0.32405555555555565 0.29084375 0.12272569444444438 0.019442708333333295
3 0.3193819444444445 0.3130989583333334 0.11489930555555551 0.01542187499999983
3 0.3098472222222223 0.337015625 0.12152777777777778 0.01717447916666662
3 0.2946319444444444 0.3608802083333334 0.1290416666666665 0.016421875000000103
3 0.29930555555555555 0.38314062500000007 0.09557986111111126 0.01741927083333318
3 0.12260416666666664 0.12828124999999999 0.035541666666666555 0.09802604166666669
3 0.13693055555555553 0.298046875 0.1279687499999999 0.05500520833333316
3 0.11231250000000001 0.35221874999999997 0.07089583333333344 0.03507552083333323
3 0.19564583333333335 0.3518854166666666 0.06837152777777773 0.023380208333333503
2 0.06840277777777778 0.008333333333333333 0.07291666666666667 0.016666666666666666
2 0.07424305555555553 0.027953124999999978 0.059468749999999994 0.015833333333333262
2 0.06477083333333332 0.04992708333333334 0.06597222222222222 0.02440885416666667
2 0.06136111111111112 0.06999999999999999 0.050694444444444445 0.02071093750000005
2 0.06136111111111112 0.09689583333333332 0.05530208333333333 0.02109375
2 0.04722222222222222 0.12029166666666669 0.045013888888889006 0.019770833333333352
2 0.04248611111111108 0.139328125 0.05530208333333333 0.019820312499999916
2 0.032131944444444435 0.17280729166666664 0.04791666666666667 0.023281249999999906
2 0.02822222222222221 0.19823437499999993 0.03579513888888878 0.019117187499999962
0 0.23017361111111115 0.9828333333333333 0.2114895833333334 0.019242187499999848
2 0.24709722222222225 0.8227083333333333 0.25517708333333344 0.06385416666666661
2 0.2422986111111111 0.8697760416666667 0.1957083333333333 0.01802343750000001
2 0.24981250000000002 0.8908958333333333 0.19103472222222231 0.013906249999999905
2 0.22626388888888893 0.906 0.16862499999999997 0.01622916666666659
2 0.23636111111111113 0.9263645833333333 0.17746180555555544 0.01135416666666676
2 0.22805555555555554 0.9647760416666666 0.16995486111111105 0.008664062500000114
2 0.23020833333333332 0.9984375 0.12708333333333333 0.003125
3 0.23032638888888887 0.9457447916666666 0.17314930555555558 0.01414843749999998
2 0.8753472222222223 0.49609375 0.24930555555555556 0.0359375
2 0.8930555555555556 0.540625 0.21388888888888888 0.023958333333333335
2 0.8965277777777778 0.575 0.20694444444444443 0.027083333333333334
2 0.9090277777777778 0.6130208333333333 0.18194444444444444 0.017708333333333333
2 0.8975694444444444 0.6393229166666666 0.2048611111111111 0.018229166666666668
2 0.8951388888888889 0.6776041666666667 0.20972222222222223 0.019791666666666666
2 0.9111111111111111 0.7096354166666666 0.17777777777777778 0.0140625
2 0.9020833333333333 0.7346354166666667 0.19583333333333333 0.015104166666666667
2 0.9097222222222222 0.7682291666666666 0.18055555555555555 0.01875
2 0.9083333333333333 0.7950520833333333 0.18333333333333332 0.018229166666666668
2 0.9061527777777779 0.8266197916666667 0.1746041666666667 0.016054687500000143
2 0.8877013888888888 0.8518489583333333 0.15377083333333338 0.014718749999999876
2 0.9100694444444445 0.8770833333333333 0.1798611111111111 0.014583333333333334
2 0.9173611111111111 0.9018229166666667 0.16527777777777777 0.011979166666666667
3 0.8760416666666667 0.45260416666666664 0.24791666666666667 0.026041666666666668