0 0.23118750000000005 0.33353645833333334 0.21786458333333328 0.036658854166666664
0 0.27550694444444446 0.36696875 0.13087152777777772 0.025679687500000034
1 0.1324513888888889 0.37146875 0.0875625000000001 0.019638020833333294
1 0.2689375 0.4097291666666667 0.14545486111111106 0.02776562499999997
1 0.15170138888888893 0.4081666666666666 0.06180555555555556 0.01768229166666669
1 0.328125 0.440625 0.08263888888888889 0.021875
3 0.16603472222222224 0.45535937499999996 0.0943194444444444 0.022023437499999923
3 0.3076388888888889 0.47317708333333336 0.12361111111111112 0.021354166666666667
3 0.15663194444444442 0.4804583333333333 0.09936805555555558 0.02349739583333322
3 0.30625 0.5041666666666667 0.12638888888888888 0.019791666666666666
3 0.15416666666666667 0.50703125 0.1111111111111111 0.025520833333333333
3 0.06704861111111107 0.4522395833333333 0.03345833333333322 0.09385937500000002
2 0.12222222222222222 0.08567708333333333 0.24444444444444444 0.025520833333333333
2 0.10782638888888887 0.12331770833333332 0.13674305555555546 0.027815104166666653
2 0.13813194444444443 0.156890625 0.15290277777777783 0.02682552083333339
2 0.051041666666666666 0.17526041666666667 0.10208333333333333 0.0296875
2 0.11370138888888891 0.21168229166666663 0.11155208333333333 0.03000520833333328
2 0.05451388888888889 0.24921875 0.10902777777777778 0.033854166666666664
2 0.03784722222222222 0.29010416666666666 0.07569444444444444 0.03125
2 0.024652777777777777 0.32734375 0.049305555555555554 0.0265625
2 0.02361111111111111 0.3515625 0.04722222222222222 0.015625
2 0.02048611111111111 0.3734375 0.04097222222222222 0.023958333333333335
2 0.014930555555555556 0.39375 0.029861111111111113 0.019791666666666666
2 0.016666666666666666 0.4205729166666667 0.03333333333333333 0.021354166666666667
2 0.006944444444444444 0.4440104166666667 0.013888888888888888 0.019270833333333334
2 0.007638888888888889 0.4630208333333333 0.015277777777777777 0.020833333333333332
3 0.49444444444444446 0.18385416666666668 0.25 0.0125
3 0.49201388888888886 0.19921875 0.23923611111111112 0.007291666666666667
3 0.4934027777777778 0.21484375 0.24791666666666667 0.009895833333333333
3 0.4892361111111111 0.23098958333333333 0.23958333333333334 0.015104166666666667
3 0.47847222222222224 0.24505208333333334 0.21805555555555556 0.013020833333333334
3 0.478125 0.26171875 0.21736111111111112 0.009895833333333333
3 0.4795138888888889 0.2755208333333333 0.22013888888888888 0.0125
3 0.4829861111111111 0.2921875 0.22708333333333333 0.009375
3 0.48819444444444443 0.30625 0.21944444444444444 0.011979166666666667
3 0.46076388888888886 0.32317708333333334 0.17604166666666668 0.014322916666666666
2 0.4909722222222222 0.013020833333333334 0.24305555555555555 0.013541666666666667
2 0.49166666666666664 0.029427083333333333 0.24444444444444444 0.013020833333333334
2 0.496875 0.047135416666666666 0.24027777777777778 0.0140625
2 0.5013888888888889 0.06510416666666667 0.25833333333333336 0.014322916666666666
2 0.5010416666666667 0.08125 0.22013888888888888 0.01328125
2 0.49270833333333336 0.09921875 0.20590277777777777 0.012760416666666666
2 0.4951388888888889 0.115625 0.1986111111111111 0.017708333333333333
2 0.5034722222222222 0.1328125 0.2378472222222222 0.016666666666666666
2 0.5003472222222223 0.15052083333333333 0.2125 0.013802083333333333
2 0.5048611111111111 0.16744791666666667 0.2152777777777778 0.014322916666666666
1 0.478125 0.33984375 0.1701388888888889 0.00859375
1 0.4798611111111111 0.35260416666666666 0.22083333333333333 0.014583333333333334
1 0.47256944444444443 0.36796875 0.20451388888888888 0.010677083333333334
1 0.47465277777777776 0.3828125 0.21041666666666667 0.014583333333333334
1 0.46944444444444444 0.396875 0.18819444444444444 0.009114583333333334
1 0.4704861111111111 0.40989583333333335 0.175 0.01015625
0 0.478125 0.42473958333333334 0.20694444444444443 0.009114583333333334
0 0.47430555555555554 0.43984375 0.20034722222222223 0.010677083333333334
0 0.46631944444444445 0.45546875 0.19375 0.011979166666666667
0 0.46979166666666666 0.46848958333333335 0.20069444444444445 0.015104166666666667
0 0.475 0.48854166666666665 0.2111111111111111 0.015625
0 0.46805555555555556 0.5036458333333333 0.19340277777777778 0.008854166666666666
0 0.46493055555555557 0.5151041666666667 0.18541666666666667 0.008333333333333333
2 0.1892361111111111 0.6744791666666666 0.36041666666666666 0.027083333333333334
2 0.19425694444444447 0.7637656249999999 0.286048611111111 0.025411458333333314
2 0.20820833333333333 0.7951614583333334 0.29936805555555557 0.02565364583333339
2 0.09072222222222222 0.8188385416666667 0.1359201388888889 0.03455729166666674
2 0.2864236111111111 0.8488125 0.11168055555555559 0.0225833333333334
0 0.19131944444444443 0.5807291666666666 0.35625 0.121875
3 0.1902152777777778 0.7261666666666666 0.3214652777777778 0.03141927083333336
2 0.5128472222222222 0.60390625 0.28680555555555554 0.033854166666666664
2 0.4982638888888889 0.6388020833333333 0.25763888888888886 0.027604166666666666
2 0.5052083333333334 0.6736979166666667 0.27152777777777776 0.03177083333333333
2 0.5055555555555555 0.7028645833333333 0.2722222222222222 0.0203125
2 0.5059027777777778 0.7302083333333333 0.27291666666666664 0.016666666666666666
2 0.4909722222222222 0.7619791666666667 0.24305555555555555 0.020833333333333332
2 0.4895833333333333 0.7953125 0.24027777777777778 0.025
2 0.49027777777777776 0.8239583333333333 0.24166666666666667 0.028125
2 0.47256944444444443 0.85546875 0.20625 0.021354166666666667
2 0.4756944444444444 0.8888020833333333 0.2125 0.0234375
2 0.4722222222222222 0.9216145833333333 0.20555555555555555 0.024479166666666666
2 0.46319444444444446 0.953125 0.1875 0.020833333333333332
2 0.4736111111111111 0.9807291666666667 0.20833333333333334 0.017708333333333333
0 0.8041666666666667 0.9013020833333333 0.39166666666666666 0.07760416666666667
0 0.8211805555555556 0.96875 0.3576388888888889 0.034375