0 0.24375 0.5518229166666667 0.22291666666666668 0.03802083333333333
0 0.08159722222222222 0.5234375 0.0875 0.0453125
0 0.1996527777777778 0.5184895833333333 0.1326388888888889 0.0265625
1 0.34270833333333334 0.5140625 0.09027777777777778 0.0203125
1 0.20590277777777777 0.47578125 0.15486111111111112 0.0296875
1 0.06736111111111111 0.46015625 0.04583333333333333 0.0453125
1 0.3232638888888889 0.47734375 0.06805555555555555 0.019791666666666666
1 0.14375 0.44453125 0.08958333333333333 0.022395833333333334
3 0.3090277777777778 0.42994791666666665 0.10833333333333334 0.025520833333333333
3 0.1579861111111111 0.4119791666666667 0.1423611111111111 0.021875
3 0.31840277777777776 0.4049479166666667 0.10555555555555556 0.025
3 0.15833333333333333 0.3809895833333333 0.16527777777777777 0.022916666666666665
3 0.32083333333333336 0.37786458333333334 0.12222222222222222 0.029166666666666667
3 0.16145833333333334 0.353125 0.15694444444444444 0.016145833333333335
3 0.34791666666666665 0.35546875 0.09583333333333334 0.03333333333333333
3 0.17118055555555556 0.328125 0.14583333333333334 0.01875
3 0.3489583333333333 0.32786458333333335 0.10625 0.023958333333333335
3 0.17326388888888888 0.2984375 0.14791666666666667 0.015104166666666667
3 0.3645833333333333 0.30520833333333336 0.11458333333333333 0.03229166666666667
3 0.2065972222222222 0.27057291666666666 0.12708333333333333 0.0203125
3 0.2111111111111111 0.2484375 0.12569444444444444 0.0171875
3 0.22083333333333333 0.22447916666666667 0.13055555555555556 0.01875
3 0.23576388888888888 0.20052083333333334 0.13194444444444445 0.0171875
3 0.23125 0.17838541666666666 0.09791666666666667 0.018229166666666668
3 0.4079861111111111 0.43307291666666664 0.03611111111111111 0.10104166666666667
3 0.39375 0.2635416666666667 0.1423611111111111 0.0609375
3 0.4184027777777778 0.20911458333333333 0.075 0.03697916666666667
3 0.3350694444444444 0.20963541666666666 0.07013888888888889 0.023958333333333335
2 0.36006944444444444 0.7994791666666666 0.2673611111111111 0.0265625
2 0.36701388888888886 0.7619791666666667 0.14583333333333334 0.0296875
2 0.3368055555555556 0.7286458333333333 0.15555555555555556 0.027604166666666666
2 0.4288194444444444 0.7098958333333333 0.11458333333333333 0.030729166666666665
2 0.3614583333333333 0.6736979166666667 0.12569444444444444 0.033854166666666664
2 0.42777777777777776 0.6359375 0.13333333333333333 0.036458333333333336
2 0.4510416666666667 0.5950520833333334 0.10694444444444444 0.03229166666666667
2 0.4621527777777778 0.5578125 0.0798611111111111 0.029166666666666667
2 0.45625 0.53359375 0.06319444444444444 0.0171875
2 0.465625 0.5114583333333333 0.07222222222222222 0.027083333333333334
2 0.4690972222222222 0.49140625 0.05277777777777778 0.021875
2 0.4690972222222222 0.46458333333333335 0.05763888888888889 0.022395833333333334
2 0.48333333333333334 0.44114583333333335 0.05 0.021875
2 0.48819444444444443 0.42213541666666665 0.059027777777777776 0.020833333333333332
2 0.4982638888888889 0.3885416666666667 0.04861111111111111 0.0234375
2 0.5024305555555556 0.36328125 0.03819444444444445 0.0203125