0 0.7561875 0.5518802083333334 0.23781249999999987 0.037901041666666656
0 0.9182430555555555 0.5235208333333333 0.10233333333333341 0.04533854166666664
0 0.8005069444444445 0.5184479166666667 0.14715972222222212 0.02635937499999995
1 0.6574513888888889 0.5139479166666666 0.10498611111111116 0.02052604166666671
1 0.7939375 0.4756875 0.16938194444444435 0.029489583333333277
1 0.9327013888888889 0.46015625 0.060541666666666556 0.04541145833333336
1 0.6767013888888889 0.47725 0.08263888888888889 0.01973958333333338
1 0.8561875000000001 0.44457812499999994 0.10447916666666654 0.02258854166666661
3 0.6910347222222223 0.4300572916666667 0.12266666666666673 0.025296875000000087
3 0.8420486111111111 0.41192187500000005 0.15700694444444455 0.021614583333333333
3 0.6816319444444444 0.4049583333333333 0.12026388888888878 0.025119791666666676
3 0.8416041666666667 0.38104687499999995 0.1801111111111112 0.02276041666666657
3 0.6792916666666666 0.37782291666666673 0.13705555555555549 0.02919791666666664
3 0.8387013888888889 0.35310416666666666 0.17177777777777786 0.016135416666666676
3 0.6521458333333333 0.3555208333333333 0.1105416666666667 0.03308854166666677
3 0.8286597222222222 0.3281979166666667 0.16054166666666655 0.018604166666666564
3 0.6510069444444445 0.32786458333333335 0.1208958333333332 0.02400520833333341
3 0.8265763888888888 0.2983177083333333 0.16268749999999998 0.0149166666666666
3 0.6354166666666666 0.3051822916666667 0.12885416666666663 0.032437500000000105
3 0.7935000000000001 0.27061458333333327 0.14197916666666655 0.02013541666666659
3 0.7888263888888889 0.24835937499999997 0.14021527777777767 0.01730208333333323
3 0.7792916666666667 0.22444270833333338 0.1451388888888889 0.01872395833333324
3 0.7640763888888888 0.20057812499999994 0.1462777777777777 0.01721874999999997
3 0.76875 0.17831770833333327 0.11268749999999998 0.018171874999999935
3 0.5920486111111111 0.4331770833333334 0.050944444444444376 0.1012604166666667
3 0.606375 0.26341145833333335 0.15663194444444442 0.06105208333333323
3 0.5817569444444445 0.20923958333333334 0.08970833333333338 0.03681770833333336
3 0.6650902777777777 0.20957291666666672 0.08465972222222228 0.023843750000000104
2 0.6398333333333334 0.7996041666666667 0.2816319444444444 0.026546874999999897
2 0.6328263888888889 0.7620989583333333 0.16029166666666655 0.029588541666666638
2 0.6631319444444445 0.7285260416666667 0.1703888888888888 0.027609375000000113
2 0.5711458333333334 0.7099635416666668 0.12910416666666671 0.03064583333333341
2 0.6387013888888889 0.6737343750000001 0.14046527777777776 0.03396875000000013
2 0.5723472222222222 0.6360052083333334 0.14791666666666667 0.03651041666666662
2 0.5491180555555556 0.5949479166666667 0.12165277777777782 0.03244791666666653
2 0.5380069444444444 0.557734375 0.0943819444444445 0.029223958333333164
2 0.5436875 0.5335052083333333 0.07796527777777776 0.01708333333333343
2 0.5342152777777778 0.51153125 0.08680555555555555 0.026942708333333343
2 0.5308055555555555 0.49145833333333333 0.06736111111111111 0.02163020833333332
2 0.5308055555555555 0.46456250000000004 0.07240972222222221 0.022395833333333334
2 0.5166666666666667 0.44116666666666665 0.06433333333333341 0.02183333333333337
2 0.5119305555555556 0.4221302083333333 0.07379861111111109 0.020890625000000065
2 0.5015763888888889 0.3886510416666667 0.06319444444444444 0.02364583333333338
2 0.49766666666666665 0.3632239583333334 0.05284027777777772 0.020526041666666592