0 0.33049305555555564 0.31218229166666667 0.20536458333333327 0.03457552083333333
0 0.3748125 0.34561458333333334 0.12045486111111106 0.024117187500000033
1 0.23175694444444445 0.35011458333333334 0.08964583333333344 0.02015885416666663
1 0.36824305555555553 0.388375 0.14198263888888885 0.02724479166666664
1 0.2510069444444445 0.38681249999999995 0.06597222222222222 0.01924479166666669
1 0.42256944444444444 0.4192708333333333 0.07430555555555556 0.021875
3 0.2653402777777778 0.43400520833333334 0.09987499999999995 0.02306510416666659
3 0.40555555555555556 0.4518229166666667 0.10833333333333334 0.019270833333333334
3 0.2559375 0.4591041666666667 0.10214583333333335 0.024018229166666554
3 0.40069444444444446 0.4828125 0.11805555555555555 0.019791666666666666
3 0.2535972222222222 0.4862395833333333 0.10845833333333338 0.0255364583333332
3 0.40069444444444446 0.5106770833333333 0.11805555555555555 0.0140625
3 0.2264513888888889 0.5085416666666667 0.08339583333333328 0.028523437500000172
3 0.39479166666666665 0.5354166666666667 0.12986111111111112 0.01875
3 0.22531250000000003 0.5361979166666667 0.10315625000000005 0.02346093750000004
3 0.39618055555555554 0.565625 0.12708333333333333 0.013541666666666667
3 0.20972222222222223 0.5588802083333333 0.10296875000000007 0.029239583333333267
3 0.36770833333333336 0.5864583333333333 0.12291666666666666 0.00625
3 0.16635416666666664 0.43088541666666663 0.035541666666666555 0.09906770833333335
3 0.18020833333333333 0.5802083333333333 0.13680555555555557 0.01875
2 0.2141388888888889 0.06445833333333333 0.2432465277777777 0.02421093750000001
2 0.20713194444444444 0.10196354166666666 0.1346597222222221 0.027294270833333318
2 0.23743749999999997 0.13553645833333333 0.1369305555555556 0.02422135416666671
2 0.14545138888888892 0.15409895833333334 0.09962152777777773 0.02678124999999992
2 0.21300694444444446 0.190328125 0.12474652777777777 0.03365104166666662
2 0.14665277777777774 0.22805729166666666 0.12152777777777778 0.032838541666666644
2 0.12342361111111112 0.2691145833333334 0.09867361111111121 0.02976562500000005
2 0.11231250000000001 0.306328125 0.0725381944444444 0.026591145833333368
2 0.11799305555555553 0.33055729166666664 0.05669097222222222 0.015312499999999929
2 0.10852083333333332 0.35253125 0.06527777777777778 0.02440885416666667
2 0.10511111111111113 0.3726041666666667 0.04722222222222222 0.019148437500000053
2 0.10511111111111113 0.39949999999999997 0.05391319444444444 0.020572916666666666
2 0.09097222222222222 0.42289583333333336 0.043625000000000115 0.018729166666666686
2 0.08623611111111108 0.44193229166666664 0.05599652777777777 0.019820312499999916
2 0.07588194444444443 0.4754114583333333 0.04652777777777778 0.02223958333333324
2 0.07197222222222222 0.5008385416666666 0.03648958333333323 0.019117187499999962
3 0.078125 0.7533854166666667 0.15625 0.034895833333333334
3 0.07465277777777778 0.78359375 0.14930555555555555 0.022395833333333334
2 0.07951388888888888 0.6109375 0.15902777777777777 0.025
2 0.07673611111111112 0.6450520833333333 0.15347222222222223 0.03177083333333333
2 0.06284722222222222 0.6817708333333333 0.12569444444444444 0.020833333333333332
2 0.07048611111111111 0.7135416666666666 0.14097222222222222 0.03229166666666667
2 0.058333333333333334 0.8143229166666667 0.11666666666666667 0.011979166666666667
2 0.027777777777777776 0.8984375 0.05555555555555555 0.030208333333333334
2 0.021875 0.9276041666666667 0.04375 0.014583333333333334
2 0.0375 0.9515625 0.075 0.021875
2 0.022569444444444444 0.978125 0.04513888888888889 0.021875
1 0.06909722222222223 0.8369791666666667 0.13819444444444445 0.020833333333333332
0 0.051041666666666666 0.8606770833333334 0.10208333333333333 0.019270833333333334