0 0.827488188976378 0.44178866587957494 0.2531102362204723 0.04295749704840613
0 0.9807086614173228 0.4737308146399056 0.03858267716535433 0.051357733175914994
0 0.877740157480315 0.47968122786304607 0.15032283464566917 0.029876033057851182
1 0.7155354330708662 0.4847815820543093 0.10250393700787407 0.023264462809917404
1 0.8702913385826772 0.52814639905549 0.17551968503936996 0.033423848878394266
1 0.7373622047244095 0.5263754427390791 0.07716535433070866 0.02237308146399061
1 0.9408740157480315 0.5634061393152303 0.10192913385826757 0.02560212514757963
3 0.7536141732283465 0.5798642266824084 0.12255118110236228 0.02867178276269195
3 0.9220472440944882 0.6000590318772137 0.15590551181102363 0.024203069657615112
3 0.7429527559055118 0.6083116883116884 0.11982677165354318 0.0284710743801653
3 0.9149606299212598 0.6351829988193625 0.1700787401574803 0.025974025974025976
3 0.7402992125984251 0.6390672963400236 0.1388661417322834 0.03309327036599761
3 0.915748031496063 0.6667650531286895 0.16850393700787403 0.01829988193624557
3 0.7095196850393701 0.664344746162928 0.10880314960629926 0.0375029515938608
3 0.9096614173228347 0.6953128689492325 0.16549606299212585 0.021086186540731876
3 0.708228346456693 0.6956906729634003 0.12054330708661411 0.027207792207792295
3 0.9072992125984252 0.7291794569067297 0.16792913385826772 0.016906729634002287
3 0.6905511811023622 0.7213990554899645 0.12956692913385823 0.03676505312868961
3 0.8697952755905513 0.7605785123966943 0.14444881889763767 0.022821723730814553
3 0.864496062992126 0.7858028335301063 0.1424488188976377 0.01961038961038949
3 0.8536850393700788 0.8129102715466352 0.14803149606299212 0.021221959858323387
3 0.8364330708661417 0.8399586776859504 0.1493228346456692 0.019515938606847666
3 0.841732283464567 0.8651889020070839 0.11123622047244093 0.02059622195985825
3 0.6413779527559055 0.5763282172373081 0.041228346456692835 0.11476977567886663
3 0.6576220472440945 0.7687426210153483 0.1610629921259842 0.06919716646989363
3 0.6297086614173228 0.8301416765053129 0.08518110236220477 0.04172963400236131
3 0.7241968503937009 0.8297638724911451 0.07945669291338589 0.02702479338842987
2 0.6955590551181102 0.16101534828807557 0.30279527559055114 0.03008854781582056
2 0.6876141732283464 0.2035242030696576 0.1652125984251968 0.03353600944510032
2 0.7219763779527559 0.2415761511216057 0.17666141732283458 0.03129279811097992
2 0.6176771653543307 0.2626151121605667 0.12985039370078746 0.03473435655253832
2 0.6942755905511812 0.30367768595041317 0.14273228346456693 0.038500590318772156
2 0.6190393700787401 0.34644037780401415 0.15118110236220472 0.04138134592680042
2 0.5927007874015748 0.39297520661157026 0.12140157480314966 0.0367768595041322
2 0.5801023622047244 0.4351534828807556 0.09048031496062998 0.033122786304604426
2 0.5865433070866142 0.46261511216056667 0.07186614173228345 0.019362455726092062
2 0.5758031496062992 0.4875206611570248 0.08188976377952756 0.03053719008264464
2 0.5719370078740158 0.510271546635183 0.05984251968503937 0.02451593860684768
2 0.5719370078740158 0.5407556080283353 0.06556692913385825 0.02538370720188902
2 0.5559055118110237 0.5672727272727273 0.056409448818897714 0.024746162927981152
2 0.550535433070866 0.588848878394333 0.06714173228346455 0.023677685950413297
2 0.5387952755905512 0.6267945690672964 0.05511811023622047 0.026800472255017763
2 0.5343622047244094 0.6556139315230224 0.04337795275590545 0.02326446280991727