0 0.7786805555555556 0.6172693452380953 0.31889880952380933 0.05414434523809523
0 0.9737103174603174 0.5770089285714286 0.05257936507936508 0.06473214285714286
0 0.8419940476190476 0.5695089285714285 0.18939484126984113 0.037656249999999926
1 0.6376289682539683 0.5630803571428571 0.12914682539682545 0.029322916666666726
1 0.8326091269841269 0.508422619047619 0.22114087301587287 0.04212797619047611
1 0.6651289682539683 0.5106547619047619 0.09722222222222222 0.028199404761904828
1 0.9215376984126985 0.4639806547619047 0.12842261904761887 0.03226934523809516
3 0.6856051587301588 0.4432366071428572 0.15440476190476202 0.03613839285714298
3 0.8998015873015873 0.4177827380952381 0.2003968253968254 0.03050595238095238
3 0.672172619047619 0.40738095238095234 0.15097222222222206 0.035885416666666684
3 0.8908730158730159 0.37351190476190477 0.21825396825396826 0.03273809523809524
3 0.6688293650793651 0.3686160714285715 0.17496031746031737 0.041711309523809484
3 0.8918650793650794 0.33370535714285715 0.21626984126984128 0.023065476190476192
3 0.6300496031746032 0.3367559523809523 0.1370833333333334 0.04726934523809539
3 0.8822123015873016 0.29772321428571435 0.2085119047619046 0.026577380952380804
3 0.6284226190476191 0.29724702380952384 0.15187499999999993 0.03429315476190487
3 0.8792361111111111 0.25503720238095234 0.21157738095238093 0.021309523809523716
3 0.6061507936507936 0.26484375000000004 0.16324404761904757 0.04633928571428586
3 0.831984126984127 0.21546130952380946 0.18199404761904744 0.028764880952380844
3 0.8253075396825398 0.1836681547619047 0.17947420634920622 0.024717261904761756
3 0.811686507936508 0.14950148809523814 0.1865079365079365 0.026748511904761768
3 0.7899503968253968 0.11540922619047611 0.18813492063492052 0.024598214285714244
3 0.7966269841269841 0.08360863095238087 0.1401488095238095 0.025959821428571332
3 0.5441964285714286 0.44769345238095243 0.05194444444444434 0.14465773809523816
3 0.5646626984126983 0.20517113095238096 0.20292658730158725 0.08721726190476176
3 0.5294940476190476 0.1277827380952381 0.10732142857142864 0.05259672619047623
3 0.6485416666666667 0.12825892857142865 0.10010912698412706 0.03406250000000015
2 0.6124603174603175 0.9711607142857143 0.38149801587301585 0.037924107142856996
2 0.6024503968253968 0.9175818452380953 0.20815476190476184 0.042269345238095196
2 0.6457440476190476 0.8696205357142857 0.222579365079365 0.03944196428571445
2 0.5143353174603175 0.8431026785714286 0.16360119047619057 0.043779761904762016
2 0.610843253968254 0.7913467261904763 0.1798313492063492 0.048526785714285904
2 0.5160515873015873 0.7374479166666665 0.19047619047619047 0.052157738095237945
2 0.4828670634920635 0.6787946428571429 0.15295634920634926 0.046354166666666634
2 0.4669940476190476 0.6256324404761905 0.11399801587301596 0.04174851190476183
2 0.47510912698412694 0.5910193452380953 0.0905456349206349 0.02440476190476187
2 0.46157738095238093 0.5596279761904762 0.10317460317460317 0.03848958333333335
2 0.4567063492063492 0.530952380952381 0.07539682539682539 0.030900297619047598
2 0.4567063492063492 0.49252976190476194 0.08260912698412697 0.031994047619047616
2 0.4365079365079365 0.4591071428571428 0.07107142857142867 0.031190476190476244
2 0.42974206349206345 0.4319122023809524 0.08459325396825396 0.029843750000000096
2 0.4149503968253968 0.3840848214285715 0.06944444444444445 0.03377976190476197
2 0.4093650793650794 0.34776041666666674 0.054652777777777696 0.02932291666666656