0 0.7427677224736049 0.5302881355932203 0.24242081447963787 0.04111299435028248
0 0.9187556561085972 0.49952542372881353 0.09529411764705892 0.04918079096045195
0 0.7908974358974359 0.49402259887005645 0.14397435897435887 0.028593220338982994
1 0.6355429864253394 0.4891412429378531 0.0981749622926094 0.02226553672316389
1 0.783763197586727 0.447638418079096 0.16810708898944182 0.03198870056497169
1 0.9344570135746606 0.4307909604519774 0.04990950226244332 0.04925988700564975
1 0.656447963800905 0.44933333333333336 0.07390648567119155 0.021412429378531123
1 0.8513650075414781 0.4138926553672316 0.09762443438914013 0.024502824858757
3 0.6720135746606335 0.39814124293785313 0.11737556561085981 0.02744067796610179
3 0.8360105580693815 0.37846892655367237 0.1546681749622927 0.02344632768361582
3 0.6618024132730015 0.3709152542372881 0.11476621417797876 0.02724858757062148
3 0.83552790346908 0.34497740112994346 0.17975867269984927 0.02468926553672306
3 0.6592609351432881 0.3414802259887006 0.13300150829562588 0.03167231638418076
3 0.8323755656108598 0.3146666666666667 0.17070889894419317 0.017502824858757073
3 0.6297812971342384 0.3172881355932203 0.10420814479638014 0.035892655367231754
3 0.8214705882352941 0.2876497175141243 0.15850678733031662 0.020180790960451864
3 0.6285444947209653 0.28728813559322036 0.11545248868778274 0.026039548022598953
3 0.81920814479638 0.2552372881355932 0.16083710407239818 0.016180790960451906
3 0.6116138763197587 0.26268361581920907 0.12409502262443435 0.03518644067796622
3 0.7832880844645551 0.22518644067796606 0.13834841628959263 0.021841807909604438
3 0.778212669683258 0.20104519774011295 0.13643288084464544 0.01876836158192079
3 0.7678582202111615 0.17510169491525426 0.14177978883861236 0.020310734463276733
3 0.7513348416289592 0.14921468926553666 0.14301659125188526 0.018677966101694886
3 0.7564102564102564 0.12506779661016942 0.10653846153846153 0.019711864406779588
3 0.5645173453996983 0.40152542372881356 0.03948717948717941 0.10984180790960456
3 0.5800754147812971 0.2173728813559322 0.15426093514328806 0.06622598870056486
3 0.5533408748114631 0.15861016949152543 0.08158371040723987 0.03993785310734466
3 0.6438386123680242 0.15897175141242945 0.07610105580693823 0.02586440677966113
2 0.6164102564102564 0.7990056497175141 0.2900075414781297 0.02879661016949141
2 0.6088009049773756 0.7583220338983051 0.158235294117647 0.032096045197740085
2 0.6417119155354449 0.7219039548022599 0.1692006033182503 0.029949152542373004
2 0.541817496229261 0.701768361581921 0.12436651583710413 0.033242937853107425
2 0.6151809954751132 0.6624689265536724 0.13670437405731523 0.03684745762711879
2 0.5431221719457013 0.6215423728813559 0.14479638009049775 0.03960451977401125
2 0.5178959276018099 0.5770056497175141 0.11627450980392162 0.03519774011299426
2 0.5058295625942685 0.5366384180790961 0.08665912518853701 0.031700564971751354
2 0.5119984917043741 0.5103559322033898 0.0688310708898944 0.018531073446327657
2 0.5017119155354449 0.4865197740112994 0.0784313725490196 0.029225988700564982
2 0.49800904977375565 0.4647457627118644 0.05731523378582202 0.023463276836158176
2 0.49800904977375565 0.43557062146892656 0.06279788838612367 0.024293785310734464
2 0.48265460030165913 0.4101920903954802 0.054027149321267044 0.02368361581920908
2 0.4775113122171945 0.38954237288135596 0.06430618401206635 0.022661016949152613
2 0.46626696832579184 0.353225988700565 0.05279034690799397 0.025649717514124346
2 0.4620211161387632 0.3256440677966102 0.04154600301659119 0.02226553672316376