0 0.22604553119730178 0.527566371681416 0.27103709949409766 0.04599873577749683
0 0.04131534569983136 0.49336283185840707 0.08263069139966273 0.054993678887484194
0 0.1722344013490725 0.48699115044247787 0.1609696458684653 0.031991150442477814
1 0.34592748735244516 0.48152970922882427 0.10976391231028673 0.024911504424778814
1 0.1802107925801012 0.435094816687737 0.18795109612141642 0.03579013906447528
1 0.01981450252951096 0.4165613147914033 0.03962900505902192 0.05562579013906448
1 0.32255480607082626 0.4369911504424779 0.08263069139966273 0.0239570164348926
1 0.10462900505902185 0.397338811630847 0.10914839797639107 0.027414664981036594
3 0.30515177065767285 0.3797155499367889 0.131231028667791 0.03070164348925421
3 0.1217959527824621 0.35770543615676365 0.17292580101180452 0.026232616940581543
3 0.31656829679595283 0.3492541087231353 0.12831365935919042 0.030486725663716827
3 0.122335581787521 0.32023388116308465 0.20097807757166958 0.02762326169405804
3 0.31940978077571675 0.3163211125158028 0.14870151770657664 0.035436156763590354
3 0.12586003372681281 0.2863211125158028 0.19086003372681293 0.01958280657395703
3 0.3523693086003372 0.28925410872313523 0.1165092748735245 0.040158027812895195
3 0.1380522765598651 0.25609355246523396 0.1772175379426643 0.02257901390644741
3 0.353752107925801 0.2556890012642225 0.1290809443507588 0.02913400758533511
3 0.14058178752107928 0.2198293299620733 0.179822934232715 0.018103666245259085
3 0.37268128161888703 0.2281605562579014 0.13874367622259692 0.03936788874841985
3 0.18074198988195608 0.1862073324905183 0.15467959527824604 0.02443742098609346
3 0.18641652613827986 0.159197218710493 0.15253794266441809 0.020998735777496714
3 0.19799325463743672 0.1301706700379267 0.15851602023608768 0.022724399494310883
3 0.21646711635750424 0.10120733249051826 0.15989881956155133 0.02089759797724396
3 0.21079258010118043 0.07419089759797717 0.11911467116357502 0.022054361567635822
3 0.4253372681281619 0.38350189633375475 0.04414839797639115 0.12289506953223772
3 0.40794266441821253 0.1774652338811631 0.17247048903878578 0.07409608091024007
3 0.43783305227655983 0.11171934260429836 0.09121416526138286 0.044683944374209895
3 0.3366526138279932 0.11212389380530981 0.08508431703204054 0.02893805309734526
2 0.36731871838111296 0.8282174462705436 0.32424114671163573 0.03221871049304665
2 0.37582630691399666 0.7826991150442478 0.17691399662731866 0.03591024020227557
2 0.3390303541315346 0.741953223767383 0.1891736930860033 0.03350821744627068
2 0.450716694772344 0.719424778761062 0.13904721753794275 0.03719342604298366
2 0.36869308600337264 0.675455120101138 0.1528414839797639 0.041226295828065904
2 0.4492580101180439 0.6296649810366624 0.16188870151770657 0.04431099873577737
2 0.4774620573355818 0.5798356510745891 0.13000000000000006 0.039380530973451296
2 0.4909527824620573 0.5346713021491782 0.09688870151770665 0.03546776232616934
2 0.48405564924114675 0.5052654867256637 0.07695615514333894 0.020733249051833096
2 0.49555649241146715 0.47859671302149176 0.08768971332209106 0.0326991150442478
2 0.4996964586846543 0.4542351453855879 0.06408094435075885 0.026251580278128933
2 0.4996964586846543 0.4215929203539823 0.07021079258010117 0.02718078381795196
2 0.5168634064080945 0.3931984829329962 0.06040472175379435 0.026498103666245304
2 0.5226138279932547 0.370094816687737 0.07189713322091061 0.025353982300885036
2 0.535185497470489 0.3294627054361568 0.05902192242833052 0.028697850821744683
2 0.5399325463743676 0.2986030341340076 0.046450252951096054 0.024911504424778668