0 0.3763888888888889 0.3046875 0.08611111111111111 0.0375
1 0.3456458333333333 0.3428229166666667 0.08964583333333344 0.02015885416666663
1 0.36489583333333336 0.3795208333333333 0.059027777777777776 0.01716145833333336
3 0.3753472222222222 0.4265625 0.08819444444444445 0.021875
3 0.36982638888888886 0.4518125 0.09172916666666672 0.02193489583333322
3 0.3663194444444444 0.47890625 0.10625 0.025520833333333333
3 0.3403402777777778 0.5012500000000001 0.0854791666666666 0.02956510416666684
3 0.3392013888888889 0.52890625 0.10176736111111116 0.022940104166666704
3 0.3236111111111111 0.5515885416666666 0.10227430555555563 0.028718749999999935
3 0.2802430555555555 0.42359375 0.034152777777777664 0.09542187500000002
3 0.2945694444444444 0.593359375 0.12727430555555547 0.05448437499999983
2 0.3128472222222222 0.05703125 0.21319444444444444 0.0234375
2 0.3210208333333333 0.09467187499999999 0.1346597222222221 0.027294270833333318
2 0.34756944444444443 0.12786458333333334 0.14375 0.0265625
2 0.2593402777777778 0.14680729166666667 0.11003819444444439 0.029385416666666588
2 0.32689583333333333 0.18303645833333332 0.11294097222222221 0.030526041666666615
2 0.2605416666666666 0.220765625 0.12569444444444444 0.034401041666666646
2 0.2373125 0.2618229166666667 0.10561805555555566 0.03184895833333338
2 0.2262013888888889 0.2990364583333333 0.07878819444444439 0.0286744791666667
2 0.23188194444444443 0.323265625 0.060857638888888885 0.016354166666666597
2 0.22240972222222222 0.3452395833333333 0.07083333333333333 0.026492187500000004
2 0.219 0.3653125 0.049305555555555554 0.02019010416666672
2 0.219 0.3922083333333333 0.04974652777777777 0.019010416666666665
2 0.2048611111111111 0.41560416666666666 0.04431944444444456 0.01925000000000002
2 0.20012499999999997 0.434640625 0.051829861111111104 0.018257812499999915
2 0.18977083333333333 0.4681197916666667 0.04375 0.021197916666666573
2 0.1858611111111111 0.49354687499999994 0.034406249999999895 0.018075520833333296
3 0.43680555555555556 0.30182291666666666 0.034722222222222224 0.019270833333333334