0 0.18181749622926088 0.41264971751412427 0.24242081447963787 0.04111299435028248
0 0.026772247360482653 0.44322033898305085 0.053544494720965306 0.04915254237288136
0 0.13368778280542984 0.4489152542372882 0.14397435897435887 0.028593220338982994
1 0.2890422322775264 0.4537966101694915 0.0981749622926094 0.02226553672316389
1 0.14082202111613878 0.49529943502824864 0.16810708898944182 0.03198870056497169
1 0.007541478129713424 0.511864406779661 0.015082956259426848 0.04971751412429379
1 0.2681372549019608 0.49360451977401126 0.07390648567119155 0.021412429378531123
1 0.07322021116138756 0.529045197740113 0.09762443438914013 0.024502824858757
3 0.25257164404223226 0.5447966101694915 0.11737556561085981 0.02744067796610179
3 0.0885746606334842 0.5644689265536723 0.1546681749622927 0.02344632768361582
3 0.26278280542986426 0.5720225988700565 0.11476621417797876 0.02724858757062148
3 0.08974358974358974 0.5977401129943503 0.1794871794871795 0.024858757062146894
3 0.2653242835595777 0.601457627118644 0.13300150829562588 0.03167231638418076
3 0.09220965309200602 0.6282711864406779 0.17070889894419317 0.017502824858757073
3 0.29480392156862745 0.6256497175141243 0.10420814479638014 0.035892655367231754
3 0.10311463046757166 0.6552881355932203 0.15850678733031662 0.020180790960451864
3 0.2960407239819004 0.6556497175141243 0.11545248868778274 0.026039548022598953
3 0.10537707390648568 0.6877005649717515 0.16083710407239818 0.016180790960451906
3 0.3129713423831071 0.6802542372881356 0.12409502262443435 0.03518644067796622
3 0.14129713423831064 0.7177514124293786 0.13834841628959263 0.021841807909604438
3 0.14637254901960778 0.7418926553672317 0.13643288084464544 0.01876836158192079
3 0.15672699849170432 0.7678361581920904 0.14177978883861236 0.020310734463276733
3 0.1732503770739065 0.793723163841808 0.14301659125188526 0.018677966101694886
3 0.16817496229260936 0.8178700564971753 0.10653846153846153 0.019711864406779588
3 0.3600678733031675 0.5414124293785311 0.03948717948717941 0.10984180790960456
3 0.34450980392156866 0.7255649717514124 0.15426093514328806 0.06622598870056486
3 0.3712443438914027 0.7843276836158192 0.08158371040723987 0.03993785310734466
3 0.2807466063348416 0.7839661016949152 0.07610105580693823 0.02586440677966113
2 0.3081749622926093 0.1439322033898305 0.2900075414781297 0.02879661016949154
2 0.3157843137254902 0.18461581920903955 0.158235294117647 0.032096045197740085
2 0.2828733031674208 0.22103389830508477 0.1692006033182503 0.029949152542372875
2 0.3827677224736048 0.24116949152542372 0.12436651583710413 0.0332429378531073
2 0.30940422322775263 0.2804689265536723 0.13670437405731523 0.03684745762711866
2 0.3814630467571644 0.3213954802259887 0.14479638009049775 0.03960451977401125
2 0.4066892911010558 0.3659322033898305 0.11627450980392162 0.03519774011299433
2 0.4187556561085973 0.40629943502824856 0.08665912518853701 0.031700564971751354
2 0.41258672699849175 0.43258192090395475 0.0688310708898944 0.018531073446327657
2 0.42287330316742083 0.4564180790960452 0.0784313725490196 0.029225988700564982
2 0.4265761689291101 0.4781920903954802 0.05731523378582202 0.023463276836158176
2 0.4265761689291101 0.507367231638418 0.06279788838612367 0.024293785310734464
2 0.4419306184012066 0.5327457627118645 0.054027149321267044 0.02368361581920908
2 0.44707390648567125 0.5533954802259887 0.06430618401206635 0.022661016949152613
2 0.4583182503770739 0.5897118644067797 0.05279034690799397 0.025649717514124346
2 0.4625641025641026 0.6172937853107344 0.04154600301659119 0.02226553672316376