0 0.4284097222222223 0.078328125 0.2199479166666666 0.037179687499999996
0 0.4727291666666667 0.11176041666666668 0.1287881944444444 0.025679687500000034
1 0.3296736111111111 0.11626041666666669 0.08270138888888899 0.018596354166666627
1 0.4661597222222222 0.15452083333333336 0.1537881944444444 0.029328124999999972
1 0.34892361111111114 0.1529583333333333 0.06041666666666667 0.01768229166666669
1 0.5232638888888889 0.18541666666666667 0.07291666666666667 0.020833333333333332
3 0.36325694444444445 0.20015104166666664 0.10751388888888884 0.025148437499999923
3 0.5038194444444445 0.21796875 0.11180555555555556 0.019270833333333334
3 0.35385416666666664 0.22525 0.10006250000000007 0.02349739583333322
3 0.49722222222222223 0.24869791666666666 0.125 0.021354166666666667
3 0.35151388888888885 0.25238541666666664 0.11331944444444449 0.0270989583333332
3 0.4986111111111111 0.27682291666666664 0.12222222222222222 0.015104166666666667
3 0.3243680555555556 0.27468750000000003 0.0931180555555555 0.03164843750000017
3 0.4947916666666667 0.3015625 0.12986111111111112 0.017708333333333333
3 0.3232291666666667 0.30234375 0.09829513888888894 0.022419270833333373
3 0.49375 0.33151041666666664 0.13194444444444445 0.0140625
3 0.3076388888888889 0.32502604166666665 0.10574652777777784 0.029760416666666602
3 0.4657222222222223 0.35959375000000005 0.12064236111111105 0.018921874999999963
3 0.4610486111111112 0.3818489583333334 0.11351041666666661 0.01542187499999983
3 0.45151388888888894 0.40576562499999996 0.12569444444444444 0.017695312499999952
3 0.4362986111111111 0.4296302083333334 0.12556944444444423 0.016421875000000103
3 0.4409722222222222 0.45189062500000005 0.09210763888888904 0.01689843749999985
3 0.2642708333333333 0.19703124999999996 0.03345833333333322 0.09385937500000002
3 0.27859722222222216 0.366796875 0.13769097222222212 0.05917187499999983
3 0.2539791666666667 0.42096875 0.06534027777777787 0.03195052083333323
3 0.3373125 0.4206354166666666 0.06351041666666661 0.021817708333333505
2 0.24444444444444444 0.005729166666666666 0.13055555555555556 0.011458333333333333
2 0.2213402777777778 0.03526041666666669 0.1063125000000001 0.03184895833333338
2 0.2102291666666667 0.07247395833333332 0.07878819444444439 0.0286744791666667
2 0.2159097222222222 0.09670312499999997 0.06294097222222221 0.016874999999999928
2 0.2064375 0.11867708333333334 0.06666666666666667 0.024929687500000006
2 0.20302777777777778 0.13874999999999998 0.05 0.02019010416666672
2 0.20302777777777778 0.16564583333333333 0.05599652777777777 0.021614583333333333
2 0.18888888888888888 0.1890416666666667 0.043625000000000115 0.01925000000000002
2 0.18415277777777775 0.208078125 0.05738541666666666 0.020341145833333248
2 0.1737986111111111 0.24155729166666665 0.043055555555555555 0.02067708333333324
2 0.16988888888888887 0.26698437499999994 0.03579513888888878 0.019117187499999962
3 0.6621527777777778 0.2890625 0.2048611111111111 0.021875
3 0.6458333333333334 0.31354166666666666 0.17222222222222222 0.01875
3 0.6430555555555556 0.33880208333333334 0.16666666666666666 0.016145833333333335
3 0.6385416666666667 0.3606770833333333 0.15763888888888888 0.0140625
3 0.6513888888888889 0.37994791666666666 0.18333333333333332 0.0171875
3 0.6434027777777778 0.39921875 0.1673611111111111 0.0171875
0 0.6645833333333333 0.17473958333333334 0.20972222222222223 0.018229166666666668
0 0.6670138888888889 0.19947916666666668 0.21458333333333332 0.01875
0 0.6701388888888888 0.221875 0.22083333333333333 0.021875
0 0.6673611111111111 0.24661458333333333 0.2152777777777778 0.027604166666666666
2 0.6614583333333334 0.42421875 0.20347222222222222 0.0171875
2 0.646875 0.44479166666666664 0.17430555555555555 0.016666666666666666
2 0.6440972222222222 0.46901041666666665 0.16875 0.0171875
2 0.6364583333333333 0.49296875 0.15347222222222223 0.016145833333333335
2 0.4041666666666667 0.8830729166666667 0.3111111111111111 0.03697916666666667
2 0.41909722222222223 0.9346354166666667 0.28125 0.028645833333333332
2 0.4270833333333333 0.978125 0.2652777777777778 0.025
3 0.6625 0.9302083333333333 0.20555555555555555 0.021875
3 0.6461805555555555 0.9546875 0.17291666666666666 0.01875
3 0.6434027777777778 0.9799479166666667 0.1673611111111111 0.016145833333333335
3 0.6388888888888888 0.9973958333333334 0.15833333333333333 0.005208333333333333
0 0.6649305555555556 0.8158854166666667 0.21041666666666667 0.018229166666666668
0 0.6673611111111111 0.840625 0.2152777777777778 0.01875
0 0.6704861111111111 0.8630208333333333 0.22152777777777777 0.021875
0 0.6677083333333333 0.8877604166666667 0.21597222222222223 0.027604166666666666