0 0.40382373351839007 0.368953125 0.20869188063844546 0.03509635416666666
0 0.5433726578764747 0.3971354166666667 0.031922276197085354 0.04010416666666667
0 0.44811242192921585 0.40238541666666666 0.12175919500346977 0.024117187500000033
1 0.3051561415683553 0.40688541666666667 0.08264399722415 0.018596354166666627
1 0.44154753643303263 0.44514583333333335 0.14465995836224838 0.02724479166666664
1 0.3243927827897294 0.44358333333333333 0.06731436502428868 0.01924479166666669
1 0.5037543372657877 0.4762552083333334 0.08239070090215123 0.020669270833333305
3 0.3387161693268564 0.49077604166666666 0.10049965301873695 0.023585937499999925
3 0.4896252602359472 0.5089114583333333 0.12945523941707152 0.019661458333333333
3 0.32931991672449684 0.515875 0.09235947258848029 0.02193489583333322
3 0.48820263705759886 0.5393229166666667 0.14226231783483692 0.019270833333333334
3 0.32650936849410134 0.5395833333333333 0.11450381679389313 0.020833333333333332
3 0.23979875086745311 0.48765624999999996 0.03482303955586387 0.09802604166666669
2 0.2875503122831367 0.12122916666666667 0.2375260235947258 0.023169270833333342
2 0.28054823039555865 0.15873437499999998 0.13664816099930593 0.027815104166666653
2 0.3108327550312283 0.19230729166666669 0.15140874392782794 0.02682552083333339
2 0.218910478834143 0.21086979166666667 0.11412560721721023 0.030427083333333254
2 0.28641915336571827 0.2470989583333333 0.11702637057598889 0.031567708333333284
2 0.22011103400416374 0.284828125 0.12560721721027066 0.034401041666666646
2 0.19689798750867454 0.3258854166666667 0.10068702290076346 0.03028645833333338
2 0.18579458709229704 0.36309895833333333 0.07526370575988892 0.0271119791666667
2 0.19147120055517 0.38732812499999997 0.060121443442054126 0.015833333333333262
2 0.18200555170020818 0.40930208333333334 0.07009021512838307 0.025971354166666672
2 0.17859819569743235 0.429375 0.0520471894517696 0.021231770833333385
2 0.17859819569743235 0.4562708333333333 0.05595766828591255 0.021614583333333333
2 0.16446911866759195 0.4796666666666667 0.04428868841082593 0.01925000000000002
2 0.159736294240111 0.49870312499999997 0.058039555863983336 0.020861979166666583
2 0.14938931297709923 0.5321822916666666 0.04441360166551006 0.021718749999999905
3 0.7796668979875087 0.26979166666666665 0.44066620402498263 0.09375
3 0.7772380291464261 0.34401041666666665 0.4358084663428175 0.04114583333333333
0 0.7869535045107564 0.40520833333333334 0.4260929909784872 0.03125
0 0.7935461485079806 0.44921875 0.41290770298403884 0.04739583333333333
0 0.8036086051353227 0.4984375 0.3927827897293546 0.04375
0 0.8060374739764052 0.5377604166666666 0.3462873004857738 0.024479166666666666
3 0.7796668979875087 0.8627604166666667 0.44066620402498263 0.034895833333333334
3 0.7796668979875087 0.9088541666666666 0.44066620402498263 0.04375
3 0.7796668979875087 0.9697916666666667 0.44066620402498263 0.06041666666666667
0 0.7796668979875087 0.7119791666666667 0.44066620402498263 0.07916666666666666
1 0.7796668979875087 0.79296875 0.44066620402498263 0.06614583333333333