0 0.7561875 0.44811979166666666 0.2287847222222221 0.037380208333333324
0 0.9182430555555555 0.4764791666666667 0.09330555555555564 0.04481770833333331
0 0.8005069444444445 0.4815520833333334 0.13813194444444435 0.025838541666666614
1 0.6574513888888889 0.48605208333333333 0.09595833333333338 0.020005208333333375
1 0.7939375 0.5243125000000001 0.16035416666666658 0.028968749999999942
1 0.9327013888888889 0.53984375 0.051513888888888776 0.04489062500000003
1 0.6767013888888889 0.5227499999999999 0.07361111111111111 0.01921875000000005
1 0.8561875000000001 0.5554218750000001 0.09545138888888877 0.022067708333333276
3 0.6910347222222223 0.5699427083333333 0.11363888888888896 0.02477604166666675
3 0.8420486111111111 0.5880781249999999 0.14797916666666677 0.02109375
3 0.6816319444444444 0.5950416666666667 0.111236111111111 0.024598958333333344
3 0.8416041666666667 0.6189531250000001 0.17108333333333342 0.02223958333333324
3 0.6792916666666666 0.6221770833333333 0.1280277777777777 0.028677083333333304
3 0.8387013888888889 0.6468958333333333 0.1627500000000001 0.015614583333333343
3 0.6521458333333333 0.6444791666666667 0.10151388888888893 0.03256770833333344
3 0.8286597222222222 0.6718020833333332 0.15151388888888878 0.01808333333333323
3 0.6510069444444445 0.6721354166666667 0.1118680555555555 0.023484375000000075
3 0.8265763888888888 0.7016822916666666 0.1536597222222222 0.014395833333333267
3 0.6354166666666666 0.6948177083333333 0.11982638888888886 0.031916666666666774
3 0.7935000000000001 0.7293854166666667 0.13295138888888877 0.019614583333333258
3 0.7888263888888889 0.7516406250000001 0.1311874999999999 0.016781249999999897
3 0.7792916666666667 0.7755572916666666 0.1361111111111111 0.018203124999999907
3 0.7640763888888888 0.7994218750000001 0.1372499999999999 0.01669791666666664
3 0.76875 0.8216822916666667 0.10365972222222221 0.0176510416666666
3 0.5920486111111111 0.5668229166666666 0.041916666666666595 0.10073958333333337
3 0.606375 0.7365885416666667 0.14760416666666665 0.0605312499999999
3 0.5817569444444445 0.7907604166666666 0.0806805555555556 0.03629687500000003
3 0.6650902777777777 0.7904270833333332 0.0756319444444445 0.02332291666666677
2 0.6398333333333334 0.20039583333333333 0.27260416666666665 0.02602604166666668
2 0.6328263888888889 0.23790104166666665 0.15126388888888884 0.029067708333333307
2 0.6631319444444445 0.2714739583333333 0.16136111111111104 0.027088541666666664
2 0.5711458333333334 0.29003645833333336 0.12007638888888894 0.030124999999999957
2 0.6387013888888889 0.32626562499999995 0.13143749999999998 0.03344791666666668
2 0.5723472222222222 0.36399479166666665 0.1388888888888889 0.03598958333333328
2 0.5491180555555556 0.40505208333333337 0.11262500000000004 0.03192708333333331
2 0.5380069444444444 0.442265625 0.08535416666666672 0.028703124999999947
2 0.5436875 0.46649479166666663 0.06893749999999998 0.016562499999999977
2 0.5342152777777778 0.48846875 0.07777777777777778 0.026421875000000008
2 0.5308055555555555 0.5085416666666667 0.058333333333333334 0.021109374999999986
2 0.5308055555555555 0.5354375 0.06338194444444444 0.021875
2 0.5166666666666667 0.5588333333333334 0.05530555555555562 0.021312500000000036
2 0.5119305555555556 0.5778697916666666 0.06477083333333332 0.020369791666666734
2 0.5015763888888889 0.6113489583333334 0.05416666666666667 0.02312500000000005
2 0.49766666666666665 0.6367760416666666 0.04381249999999994 0.020005208333333257