0 0.4947916666666667 0.8701171875 0.1 0.197265625
1 0.5958333333333333 0.794921875 0.05416666666666667 0.169921875
1 0.696875 0.9365234375 0.07708333333333334 0.064453125
1 0.69375 0.8310546875 0.052083333333333336 0.126953125
3 0.8197916666666667 0.8583984375 0.06666666666666667 0.203125
3 0.8864583333333333 0.8408203125 0.06666666666666667 0.197265625
3 0.959375 0.8359375 0.07708333333333334 0.23046875
3 0.9864583333333333 0.78515625 0.027083333333333334 0.1796875
3 0.8114583333333333 0.6728515625 0.2708333333333333 0.068359375
2 0.030208333333333334 0.8046875 0.06041666666666667 0.29296875
2 0.07291666666666667 0.6337890625 0.08125 0.21484375
2 0.16979166666666667 0.759765625 0.08958333333333333 0.236328125
2 0.2708333333333333 0.6357421875 0.09791666666666667 0.25
2 0.3802083333333333 0.591796875 0.0875 0.201171875
2 0.4791666666666667 0.5712890625 0.07708333333333334 0.150390625
2 0.54375 0.58203125 0.04583333333333333 0.119140625
2 0.6020833333333333 0.564453125 0.07083333333333333 0.134765625
2 0.65625 0.5576171875 0.058333333333333334 0.099609375
2 0.728125 0.5576171875 0.06041666666666667 0.109375
2 0.790625 0.53125 0.058333333333333334 0.09375
2 0.840625 0.5224609375 0.05625 0.111328125
2 0.9302083333333333 0.5029296875 0.0625 0.091796875
2 0.9854166666666667 0.4951171875 0.029166666666666667 0.072265625