0 0.5791041666666668 0.09968229166666666 0.2102256944444444 0.035617187499999994
0 0.7350694444444444 0.12786458333333334 0.06875 0.04114583333333333
0 0.6234236111111111 0.13311458333333334 0.12601041666666662 0.0251588541666667
1 0.48036805555555556 0.13761458333333335 0.08825694444444454 0.019638020833333294
1 0.6168541666666667 0.17587500000000003 0.1461493055555555 0.02776562499999997
1 0.7520833333333333 0.19114583333333332 0.034722222222222224 0.040625
1 0.4996180555555556 0.17431249999999998 0.06111111111111111 0.01768229166666669
1 0.6791041666666667 0.20698437500000005 0.08383680555555549 0.020669270833333305
3 0.5139513888888889 0.22150520833333331 0.09987499999999995 0.02306510416666659
3 0.6649652777777777 0.23964062499999994 0.1351006944444445 0.020182291666666668
3 0.504548611111111 0.24660416666666668 0.10214583333333344 0.024018229166666554
3 0.6645208333333333 0.27051562500000004 0.14595833333333322 0.01971354166666662
3 0.5022083333333333 0.2737395833333333 0.12095833333333338 0.028661458333333202
3 0.6616180555555555 0.2984583333333333 0.1390138888888891 0.014317708333333219
3 0.4750625 0.2960416666666667 0.08617361111111105 0.02956510416666684
3 0.6515763888888889 0.3233645833333333 0.12575694444444455 0.016072916666666732
3 0.47392361111111114 0.32369791666666664 0.10454513888888894 0.02346093750000004
3 0.6494930555555556 0.35324479166666667 0.1365520833333335 0.013708333333333182
3 0.4583333333333333 0.34638020833333333 0.10157986111111117 0.028718749999999935
3 0.6164166666666667 0.3809479166666667 0.11439236111111105 0.017880208333333297
3 0.6117430555555556 0.40320312500000005 0.12392708333333328 0.01698437499999983
3 0.6022083333333333 0.42711979166666664 0.12986111111111112 0.018216145833333287
3 0.5869930555555556 0.45098437500000005 0.12418055555555535 0.01590104166666677
3 0.5913194444444444 0.47213541666666664 0.08958333333333333 0.015104166666666667
3 0.41496527777777775 0.21838541666666664 0.035541666666666555 0.09906770833333335
3 0.4292916666666666 0.38815104166666664 0.13213541666666656 0.05656770833333316
3 0.4046736111111111 0.4423229166666667 0.07436805555555566 0.03663802083333323
3 0.4880069444444445 0.44198958333333327 0.06906597222222217 0.023380208333333503
2 0.3951388888888889 0.016666666666666666 0.13333333333333333 0.03333333333333333
2 0.3720347222222222 0.05661458333333336 0.0938125000000001 0.028203125000000048
2 0.3609236111111111 0.09382812499999998 0.06976041666666662 0.0255494791666667
2 0.3666041666666666 0.11805729166666665 0.05460763888888888 0.014791666666666595
2 0.3571319444444444 0.14003125 0.06527777777777778 0.02440885416666667
2 0.3537222222222222 0.16010416666666666 0.04861111111111111 0.019669270833333384
2 0.3537222222222222 0.18699999999999997 0.05599652777777777 0.021614583333333333
2 0.33958333333333335 0.21039583333333337 0.042930555555555666 0.018729166666666686
2 0.3348472222222222 0.22943229166666665 0.05113541666666666 0.018257812499999915
2 0.3244930555555555 0.2629114583333333 0.04652777777777778 0.02223958333333324
2 0.32058333333333333 0.2883385416666666 0.034406249999999895 0.018596354166666627
1 0.9105208333333334 0.3973072916666667 0.16657291666666668 0.05244791666666669
1 0.9017708333333333 0.44783333333333336 0.1379166666666667 0.0158203125
1 0.8985763888888889 0.46561458333333333 0.13842708333333328 0.010161458333333328
1 0.9017361111111111 0.47682291666666665 0.12569444444444444 0.005729166666666666
3 0.8572083333333335 0.8090729166666667 0.1635694444444444 0.05254427083333333
1 0.8502430555555555 0.8598072916666666 0.11378472222222223 0.00845312500000001
2 0.8564583333333333 0.8782395833333333 0.10229166666666671 0.010216145833333457
2 0.8600000000000001 0.8917291666666666 0.11069444444444443 0.00756249999999999
2 0.8603472222222223 0.9048802083333333 0.09576388888888887 0.007955729166666713
2 0.8609375 0.917828125 0.09114583333333333 0.009700520833333334
2 0.8605208333333334 0.9296510416666667 0.08795138888888887 0.005380208333333295
2 0.8680902777777777 0.9403802083333334 0.0989930555555556 0.006213541666666582
2 0.8697222222222223 0.9546822916666666 0.09680555555555553 0.00723177083333321