0 0.7561875 0.5518802083333334 0.2398958333333332 0.04050520833333333
0 0.9182430555555555 0.5235208333333333 0.10441666666666675 0.04794270833333331
0 0.8005069444444445 0.5184479166666667 0.14924305555555545 0.028963541666666613
1 0.6574513888888889 0.5139479166666666 0.1070694444444445 0.023130208333333378
1 0.7939375 0.4756875 0.17146527777777767 0.03209374999999994
1 0.9327013888888889 0.46015625 0.06262499999999989 0.04801562500000003
1 0.6767013888888889 0.47725 0.08472222222222223 0.022343750000000048
1 0.8561875000000001 0.44457812499999994 0.10656249999999988 0.025192708333333275
3 0.6910347222222223 0.4300572916666667 0.12475000000000007 0.02790104166666675
3 0.8420486111111111 0.41192187500000005 0.15909027777777787 0.02421875
3 0.6816319444444444 0.4049583333333333 0.12234722222222211 0.027723958333333344
3 0.8416041666666667 0.38104687499999995 0.18219444444444452 0.02536458333333324
3 0.6792916666666666 0.37782291666666673 0.1391388888888888 0.03180208333333331
3 0.8387013888888889 0.35310416666666666 0.1738611111111112 0.018739583333333344
3 0.6521458333333333 0.3555208333333333 0.11262500000000004 0.03569270833333344
3 0.8286597222222222 0.3281979166666667 0.16262499999999988 0.02120833333333323
3 0.6510069444444445 0.32786458333333335 0.12297916666666653 0.026609375000000077
3 0.8265763888888888 0.2983177083333333 0.1647708333333333 0.017520833333333267
3 0.6354166666666666 0.3051822916666667 0.13093749999999996 0.03504166666666677
3 0.7935000000000001 0.27061458333333327 0.14406249999999987 0.022739583333333258
3 0.7888263888888889 0.24835937499999997 0.142298611111111 0.019906249999999896
3 0.7792916666666667 0.22444270833333338 0.14722222222222223 0.021328124999999906
3 0.7640763888888888 0.20057812499999994 0.14836111111111103 0.019822916666666638
3 0.76875 0.17831770833333327 0.11477083333333332 0.0207760416666666
3 0.5920486111111111 0.4331770833333334 0.05302777777777771 0.10386458333333337
3 0.606375 0.26341145833333335 0.15871527777777775 0.0636562499999999
3 0.5817569444444445 0.20923958333333334 0.09179166666666672 0.03942187500000003
3 0.6650902777777777 0.20957291666666672 0.08674305555555561 0.026447916666666772
2 0.6398333333333334 0.7996041666666667 0.2837152777777777 0.02915104166666656
2 0.6328263888888889 0.7620989583333333 0.16237499999999988 0.032192708333333306
2 0.6631319444444445 0.7285260416666667 0.17247222222222217 0.03021354166666678
2 0.5711458333333334 0.7099635416666668 0.13118750000000007 0.03325000000000008
2 0.6387013888888889 0.6737343750000001 0.1425486111111111 0.0365729166666668
2 0.5723472222222222 0.6360052083333334 0.15 0.039114583333333286
2 0.5491180555555556 0.5949479166666667 0.12373611111111116 0.03505208333333319
2 0.5380069444444444 0.557734375 0.09646527777777783 0.03182812499999983
2 0.5436875 0.5335052083333333 0.0800486111111111 0.019687500000000094
2 0.5342152777777778 0.51153125 0.08888888888888889 0.02954687500000001
2 0.5308055555555555 0.49145833333333333 0.06944444444444445 0.024234374999999985
2 0.5308055555555555 0.46456250000000004 0.07449305555555555 0.025
2 0.5166666666666667 0.44116666666666665 0.06641666666666673 0.02443750000000004
2 0.5119305555555556 0.4221302083333333 0.07588194444444443 0.023494791666666733
2 0.5015763888888889 0.3886510416666667 0.06527777777777778 0.026250000000000048
2 0.49766666666666665 0.3632239583333334 0.054923611111111055 0.023130208333333256