0 0.7561875 0.5518802083333334 0.2287847222222221 0.037901041666666656
0 0.9182430555555555 0.5235208333333333 0.09330555555555564 0.04533854166666664
0 0.8005069444444445 0.5184479166666667 0.13813194444444435 0.02635937499999995
1 0.6574513888888889 0.5139479166666666 0.09595833333333338 0.02052604166666671
1 0.7939375 0.4756875 0.16035416666666658 0.029489583333333277
1 0.9327013888888889 0.46015625 0.051513888888888776 0.04541145833333336
1 0.6767013888888889 0.47725 0.07361111111111111 0.01973958333333338
1 0.8561875000000001 0.44457812499999994 0.09545138888888877 0.02258854166666661
3 0.6910347222222223 0.4300572916666667 0.11363888888888896 0.025296875000000087
3 0.8420486111111111 0.41192187500000005 0.14797916666666677 0.021614583333333333
3 0.6816319444444444 0.4049583333333333 0.111236111111111 0.025119791666666676
3 0.8416041666666667 0.38104687499999995 0.17108333333333342 0.02276041666666657
3 0.6792916666666666 0.37782291666666673 0.1280277777777777 0.02919791666666664
3 0.8387013888888889 0.35310416666666666 0.1627500000000001 0.016135416666666676
3 0.6521458333333333 0.3555208333333333 0.10151388888888893 0.03308854166666677
3 0.8286597222222222 0.3281979166666667 0.15151388888888878 0.018604166666666564
3 0.6510069444444445 0.32786458333333335 0.1118680555555555 0.02400520833333341
3 0.8265763888888888 0.2983177083333333 0.1536597222222222 0.0149166666666666
3 0.6354166666666666 0.3051822916666667 0.11982638888888886 0.032437500000000105
3 0.7935000000000001 0.27061458333333327 0.13295138888888877 0.02013541666666659
3 0.7888263888888889 0.24835937499999997 0.1311874999999999 0.01730208333333323
3 0.7792916666666667 0.22444270833333338 0.1361111111111111 0.01872395833333324
3 0.7640763888888888 0.20057812499999994 0.1372499999999999 0.01721874999999997
3 0.76875 0.17831770833333327 0.10365972222222221 0.018171874999999935
3 0.5920486111111111 0.4331770833333334 0.041916666666666595 0.1012604166666667
3 0.606375 0.26341145833333335 0.14760416666666665 0.06105208333333323
3 0.5817569444444445 0.20923958333333334 0.0806805555555556 0.03681770833333336
3 0.6650902777777777 0.20957291666666672 0.0756319444444445 0.023843750000000104
2 0.6398333333333334 0.7996041666666667 0.27260416666666665 0.026546874999999897
2 0.6328263888888889 0.7620989583333333 0.15126388888888884 0.029588541666666638
2 0.6631319444444445 0.7285260416666667 0.16136111111111104 0.027609375000000113
2 0.5711458333333334 0.7099635416666668 0.12007638888888894 0.03064583333333341
2 0.6387013888888889 0.6737343750000001 0.13143749999999998 0.03396875000000013
2 0.5723472222222222 0.6360052083333334 0.1388888888888889 0.03651041666666662
2 0.5491180555555556 0.5949479166666667 0.11262500000000004 0.03244791666666653
2 0.5380069444444444 0.557734375 0.08535416666666672 0.029223958333333164
2 0.5436875 0.5335052083333333 0.06893749999999998 0.01708333333333343
2 0.5342152777777778 0.51153125 0.07777777777777778 0.026942708333333343
2 0.5308055555555555 0.49145833333333333 0.058333333333333334 0.02163020833333332
2 0.5308055555555555 0.46456250000000004 0.06338194444444444 0.022395833333333334
2 0.5166666666666667 0.44116666666666665 0.05530555555555562 0.02183333333333337
2 0.5119305555555556 0.4221302083333333 0.06477083333333332 0.020890625000000065
2 0.5015763888888889 0.3886510416666667 0.05416666666666667 0.02364583333333338
2 0.49766666666666665 0.3632239583333334 0.04381249999999994 0.020526041666666592