0 0.7561875 0.5518802083333334 0.23086805555555542 0.03842187499999999
0 0.9182430555555555 0.5235208333333333 0.09538888888888898 0.04585937499999997
0 0.8005069444444445 0.5184479166666667 0.14021527777777767 0.02688020833333328
1 0.6574513888888889 0.5139479166666666 0.09804166666666671 0.02104687500000004
1 0.7939375 0.4756875 0.1624374999999999 0.03001041666666661
1 0.9327013888888889 0.46015625 0.05359722222222211 0.045932291666666694
1 0.6767013888888889 0.47725 0.07569444444444444 0.020260416666666715
1 0.8561875000000001 0.44457812499999994 0.09753472222222209 0.023109374999999942
3 0.6910347222222223 0.4300572916666667 0.1157222222222223 0.025817708333333418
3 0.8420486111111111 0.41192187500000005 0.1500625000000001 0.022135416666666668
3 0.6816319444444444 0.4049583333333333 0.11331944444444433 0.02564062500000001
3 0.8416041666666667 0.38104687499999995 0.17316666666666675 0.023281249999999906
3 0.6792916666666666 0.37782291666666673 0.13011111111111104 0.02971874999999997
3 0.8387013888888889 0.35310416666666666 0.16483333333333341 0.016656250000000008
3 0.6521458333333333 0.3555208333333333 0.10359722222222227 0.0336093750000001
3 0.8286597222222222 0.3281979166666667 0.1535972222222221 0.019124999999999896
3 0.6510069444444445 0.32786458333333335 0.11395138888888884 0.02452604166666674
3 0.8265763888888888 0.2983177083333333 0.15574305555555554 0.015437499999999934
3 0.6354166666666666 0.3051822916666667 0.1219097222222222 0.03295833333333344
3 0.7935000000000001 0.27061458333333327 0.1350347222222221 0.020656249999999925
3 0.7888263888888889 0.24835937499999997 0.13327083333333323 0.017822916666666563
3 0.7792916666666667 0.22444270833333338 0.13819444444444445 0.019244791666666573
3 0.7640763888888888 0.20057812499999994 0.13933333333333325 0.017739583333333305
3 0.76875 0.17831770833333327 0.10574305555555555 0.018692708333333266
3 0.5920486111111111 0.4331770833333334 0.04399999999999993 0.10178125000000003
3 0.606375 0.26341145833333335 0.14968749999999997 0.06157291666666656
3 0.5817569444444445 0.20923958333333334 0.08276388888888893 0.0373385416666667
3 0.6650902777777777 0.20957291666666672 0.07771527777777784 0.024364583333333436
2 0.6398333333333334 0.7996041666666667 0.2746875 0.02706770833333323
2 0.6328263888888889 0.7620989583333333 0.1533472222222222 0.030109374999999973
2 0.6631319444444445 0.7285260416666667 0.16344444444444436 0.028130208333333448
2 0.5711458333333334 0.7099635416666668 0.12215972222222228 0.031166666666666742
2 0.6387013888888889 0.6737343750000001 0.1335208333333333 0.03448958333333347
2 0.5723472222222222 0.6360052083333334 0.14097222222222222 0.03703124999999995
2 0.5491180555555556 0.5949479166666667 0.11470833333333338 0.03296874999999986
2 0.5380069444444444 0.557734375 0.08743750000000006 0.029744791666666496
2 0.5436875 0.5335052083333333 0.07102083333333332 0.01760416666666676
2 0.5342152777777778 0.51153125 0.0798611111111111 0.027463541666666678
2 0.5308055555555555 0.49145833333333333 0.06041666666666667 0.022151041666666652
2 0.5308055555555555 0.46456250000000004 0.06546527777777776 0.022916666666666665
2 0.5166666666666667 0.44116666666666665 0.05738888888888896 0.022354166666666706
2 0.5119305555555556 0.4221302083333333 0.06685416666666666 0.0214114583333334
2 0.5015763888888889 0.3886510416666667 0.05625 0.024166666666666715
2 0.49766666666666665 0.3632239583333334 0.045895833333333275 0.021046874999999923