0 0.29096964586846535 0.5002465233881163 0.27103709949409766 0.04599873577749683
0 0.09420741989881957 0.5346649810366625 0.10654300168634075 0.05502528445006318
0 0.23715851602023608 0.5408217446270543 0.1609696458684653 0.031991150442477814
1 0.41085160202360876 0.546283185840708 0.10976391231028673 0.024911504424778814
1 0.24513490725126477 0.5927180783817952 0.18795109612141642 0.03579013906447528
1 0.07665261382799332 0.611567635903919 0.05580101180438435 0.055113780025284484
1 0.38747892074198986 0.5908217446270543 0.08263069139966273 0.0239570164348926
1 0.16955311973018544 0.6304740834386853 0.10914839797639107 0.027414664981036594
3 0.3700758853288364 0.6480973451327433 0.131231028667791 0.03070164348925421
3 0.18672006745362568 0.6701074589127686 0.17292580101180452 0.026232616940581543
3 0.3814924114671164 0.678558786346397 0.12831365935919042 0.030486725663716827
3 0.1872596964586846 0.7075790139064476 0.20097807757166958 0.02762326169405804
3 0.3843338954468803 0.7114917825537294 0.14870151770657664 0.035436156763590354
3 0.1907841483979764 0.7414917825537294 0.19086003372681293 0.01958280657395703
3 0.4172934232715008 0.738558786346397 0.1165092748735245 0.040158027812895195
3 0.20297639123102867 0.7717193426042983 0.1772175379426643 0.02257901390644741
3 0.4186762225969646 0.7721238938053098 0.1290809443507588 0.02913400758533511
3 0.20550590219224285 0.807983565107459 0.179822934232715 0.018103666245259085
3 0.4376053962900506 0.7996523388116308 0.13874367622259692 0.03936788874841985
3 0.24566610455311966 0.841605562579014 0.15467959527824604 0.02443742098609346
3 0.25134064080944346 0.8686156763590392 0.15253794266441809 0.020998735777496714
3 0.26291736930860027 0.8976422250316055 0.15851602023608768 0.022724399494310883
3 0.2813912310286678 0.9266055625790139 0.15989881956155133 0.02089759797724396
3 0.275716694772344 0.9536219974715551 0.11911467116357502 0.022054361567635822
3 0.4902613827993255 0.6443109987357775 0.04414839797639115 0.12289506953223772
3 0.4728667790893761 0.8503476611883691 0.17247048903878578 0.07409608091024007
3 0.5027571669477234 0.9160935524652338 0.09121416526138286 0.044683944374209895
3 0.4015767284991568 0.9156890012642225 0.08508431703204054 0.02893805309734526
2 0.43224283305227656 0.1995954487989886 0.32424114671163573 0.032218710493046795
2 0.4407504215851602 0.24511378002528444 0.17691399662731866 0.03591024020227557
2 0.4039544688026982 0.2858596713021492 0.1891736930860033 0.03350821744627054
2 0.5156408094435075 0.3083881163084703 0.13904721753794275 0.037193426042983514
2 0.43361720067453624 0.35235777496839443 0.1528414839797639 0.04122629582806576
2 0.5141821247892074 0.3981479140328698 0.16188870151770657 0.044310998735777436
2 0.5423861720067453 0.44797724399494315 0.13000000000000006 0.039380530973451296
2 0.5558768971332209 0.493141592920354 0.09688870151770665 0.03546776232616934
2 0.5489797639123103 0.5225474083438685 0.07695615514333894 0.020733249051833096
2 0.5604806070826307 0.5492161820480405 0.08768971332209106 0.0326991150442478
2 0.5646205733558178 0.5735777496839444 0.06408094435075885 0.026251580278128933
2 0.5646205733558178 0.6062199747155499 0.07021079258010117 0.02718078381795196
2 0.581787521079258 0.634614412136536 0.06040472175379435 0.026498103666245304
2 0.5875379426644183 0.6577180783817952 0.07189713322091061 0.025353982300885036
2 0.6001096121416526 0.6983501896333755 0.05902192242833052 0.028697850821744683
2 0.6048566610455313 0.7292098609355245 0.046450252951096054 0.024911504424778668