1 0.9105737704918033 0.9709090909090909 0.16065573770491803 0.04656019656019667
3 0.9081967213114754 0.85995085995086 0.18360655737704917 0.05896805896805897
3 0.898360655737705 0.800982800982801 0.20327868852459016 0.05896805896805897
3 0.8860655737704918 0.7371007371007371 0.2278688524590164 0.0687960687960688
3 0.8526065573770493 0.6837837837837837 0.22652459016393453 0.07804668304668329
3 0.8499180327868853 0.6185503685503686 0.25096721311475395 0.0566216216216218
3 0.8131147540983606 0.5650491400491401 0.26975409836065567 0.07651105651105676
3 0.7107377049180327 0.866953316953317 0.08583606557377033 0.23884520884520893
3 0.7445573770491802 0.4665233415233415 0.33532786885245897 0.14400491400491375
3 0.6864426229508197 0.33874692874692874 0.17734426229508207 0.0868427518427519
3 0.8831639344262295 0.33953316953316964 0.16542622950819685 0.05624078624078649
2 0.5655737704918032 0.9895577395577395 0.12459016393442623 0.020884520884520884
2 0.5661639344262295 0.9409828009828011 0.13650819672131145 0.052825552825552825
2 0.5327868852459017 0.8857985257985258 0.11744262295081984 0.051498771498771585
2 0.5216065573770491 0.8408968058968059 0.1397868852459016 0.04927518427518443
2 0.49716393442622947 0.761928746928747 0.11475409836065574 0.055773955773955886
2 0.48793442622950817 0.7019533169533171 0.09031147540983593 0.04841523341523324