0 0.7440972222222222 0.421875 0.22777777777777777 0.0609375
0 0.9097222222222222 0.43307291666666664 0.09513888888888888 0.05416666666666667
0 0.7940972222222222 0.45026041666666666 0.1361111111111111 0.04010416666666667
1 0.6534722222222222 0.46979166666666666 0.09305555555555556 0.0296875
1 0.7954861111111111 0.4934895833333333 0.15902777777777777 0.0453125
1 0.9357638888888888 0.4942708333333333 0.05416666666666667 0.05
1 0.6791666666666667 0.5041666666666667 0.07083333333333333 0.0265625
1 0.8628472222222222 0.5177083333333333 0.09305555555555556 0.03177083333333333
3 0.7020833333333333 0.54921875 0.11180555555555556 0.036458333333333336
3 0.8552083333333333 0.5515625 0.1451388888888889 0.036458333333333336
3 0.6975694444444445 0.5752604166666667 0.10902777777777778 0.0359375
3 0.8604166666666667 0.58203125 0.16805555555555557 0.03958333333333333
3 0.7003472222222222 0.60234375 0.12638888888888888 0.041666666666666664
3 0.8625 0.61015625 0.15833333333333333 0.03229166666666667
3 0.6774305555555555 0.6270833333333333 0.10138888888888889 0.042708333333333334
3 0.8572916666666667 0.6359375 0.14791666666666667 0.033854166666666664
3 0.6815972222222222 0.6546875 0.10972222222222222 0.034895833333333334
3 0.8607638888888889 0.665625 0.14930555555555555 0.030208333333333334
3 0.6701388888888888 0.67890625 0.11944444444444445 0.044270833333333336
3 0.8333333333333334 0.6966145833333334 0.12986111111111112 0.03333333333333333
3 0.8326388888888889 0.7190104166666667 0.12777777777777777 0.030208333333333334
3 0.8277777777777777 0.74375 0.1326388888888889 0.03229166666666667
3 0.8170138888888889 0.7690104166666667 0.13333333333333333 0.030729166666666665
3 0.8256944444444444 0.790625 0.10069444444444445 0.028125
3 0.6034722222222222 0.5565104166666667 0.05486111111111111 0.10416666666666667
3 0.6493055555555556 0.7231770833333333 0.15208333333333332 0.07552083333333333
3 0.6350694444444445 0.7794270833333333 0.08125 0.044270833333333336
3 0.7173611111111111 0.7703125 0.07361111111111111 0.030729166666666665
2 0.5829861111111111 0.18880208333333334 0.26944444444444443 0.05416666666666667
2 0.5829861111111111 0.2265625 0.15 0.044270833333333336
2 0.6190972222222222 0.25677083333333334 0.1597222222222222 0.04375
2 0.5315972222222223 0.28463541666666664 0.11875 0.0421875
2 0.6052083333333333 0.31354166666666666 0.13125 0.046875
2 0.5465277777777777 0.3578125 0.1388888888888889 0.05
2 0.5309027777777777 0.40078125 0.11180555555555556 0.043229166666666666
2 0.5270833333333333 0.4388020833333333 0.08472222222222223 0.0375
2 0.5371527777777778 0.4622395833333333 0.06597222222222222 0.0234375
2 0.5315972222222223 0.48489583333333336 0.0763888888888889 0.034375
2 0.5319444444444444 0.5052083333333334 0.05625 0.027083333333333334
2 0.5371527777777778 0.5317708333333333 0.06111111111111111 0.028125
2 0.5274305555555555 0.5565104166666667 0.05347222222222222 0.0265625
2 0.5263888888888889 0.57578125 0.0625 0.027083333333333334
2 0.5222222222222223 0.61015625 0.05277777777777778 0.028645833333333332
2 0.5229166666666667 0.6356770833333333 0.041666666666666664 0.024479166666666666