0 0.7561875 0.5518802083333334 0.23295138888888875 0.03946354166666666
0 0.9182430555555555 0.5235208333333333 0.09747222222222231 0.04690104166666664
0 0.8005069444444445 0.5184479166666667 0.142298611111111 0.027921874999999947
1 0.6574513888888889 0.5139479166666666 0.10012500000000005 0.022088541666666708
1 0.7939375 0.4756875 0.16452083333333323 0.031052083333333275
1 0.9327013888888889 0.46015625 0.05568055555555544 0.046973958333333364
1 0.6767013888888889 0.47725 0.07777777777777778 0.02130208333333338
1 0.8561875000000001 0.44457812499999994 0.09961805555555543 0.02415104166666661
3 0.6910347222222223 0.4300572916666667 0.11780555555555562 0.026859375000000085
3 0.8420486111111111 0.41192187500000005 0.15214583333333342 0.023177083333333334
3 0.6816319444444444 0.4049583333333333 0.11540277777777766 0.026682291666666677
3 0.8416041666666667 0.38104687499999995 0.1752500000000001 0.024322916666666573
3 0.6792916666666666 0.37782291666666673 0.13219444444444436 0.030760416666666637
3 0.8387013888888889 0.35310416666666666 0.16691666666666677 0.017697916666666678
3 0.6521458333333333 0.3555208333333333 0.1056805555555556 0.03465104166666677
3 0.8286597222222222 0.3281979166666667 0.15568055555555543 0.020166666666666562
3 0.6510069444444445 0.32786458333333335 0.11603472222222216 0.025567708333333408
3 0.8265763888888888 0.2983177083333333 0.15782638888888886 0.0164791666666666
3 0.6354166666666666 0.3051822916666667 0.12399305555555552 0.034000000000000107
3 0.7935000000000001 0.27061458333333327 0.13711805555555542 0.02169791666666659
3 0.7888263888888889 0.24835937499999997 0.13535416666666655 0.01886458333333323
3 0.7792916666666667 0.22444270833333338 0.14027777777777778 0.02028645833333324
3 0.7640763888888888 0.20057812499999994 0.14141666666666658 0.01878124999999997
3 0.76875 0.17831770833333327 0.10782638888888887 0.019734374999999933
3 0.5920486111111111 0.4331770833333334 0.04608333333333326 0.10282291666666671
3 0.606375 0.26341145833333335 0.1517708333333333 0.06261458333333322
3 0.5817569444444445 0.20923958333333334 0.08484722222222227 0.03838020833333336
3 0.6650902777777777 0.20957291666666672 0.07979861111111117 0.025406250000000106
2 0.6398333333333334 0.7996041666666667 0.2767708333333333 0.028109374999999895
2 0.6328263888888889 0.7620989583333333 0.15543055555555552 0.03115104166666664
2 0.6631319444444445 0.7285260416666667 0.16552777777777772 0.029171875000000114
2 0.5711458333333334 0.7099635416666668 0.1242430555555556 0.03220833333333341
2 0.6387013888888889 0.6737343750000001 0.13560416666666666 0.03553125000000013
2 0.5723472222222222 0.6360052083333334 0.14305555555555555 0.038072916666666616
2 0.5491180555555556 0.5949479166666667 0.11679166666666671 0.03401041666666652
2 0.5380069444444444 0.557734375 0.0895208333333334 0.030786458333333162
2 0.5436875 0.5335052083333333 0.07310416666666665 0.018645833333333427
2 0.5342152777777778 0.51153125 0.08194444444444444 0.028505208333333344
2 0.5308055555555555 0.49145833333333333 0.0625 0.02319270833333332
2 0.5308055555555555 0.46456250000000004 0.0675486111111111 0.023958333333333335
2 0.5166666666666667 0.44116666666666665 0.059472222222222294 0.023395833333333373
2 0.5119305555555556 0.4221302083333333 0.06893749999999998 0.022453125000000067
2 0.5015763888888889 0.3886510416666667 0.058333333333333334 0.02520833333333338
2 0.49766666666666665 0.3632239583333334 0.04797916666666661 0.02208854166666659