0 0.5690972222222223 0.6921875 0.050694444444444445 0.1671875
0 0.53125 0.8138020833333334 0.06041666666666667 0.065625
0 0.5246527777777777 0.7252604166666666 0.035416666666666666 0.09947916666666666
1 0.51875 0.61796875 0.027083333333333334 0.06770833333333333
1 0.46770833333333334 0.7205729166666667 0.03958333333333333 0.11614583333333334
1 0.446875 0.8244791666666667 0.06041666666666667 0.034375
1 0.46979166666666666 0.6325520833333333 0.02638888888888889 0.051041666666666666
1 0.42604166666666665 0.7671875 0.029861111111111113 0.0671875
3 0.4065972222222222 0.6432291666666666 0.034027777777777775 0.08125
3 0.38263888888888886 0.7565104166666666 0.029166666666666667 0.10677083333333333
3 0.3732638888888889 0.6361979166666667 0.03333333333333333 0.07916666666666666
3 0.34131944444444445 0.75625 0.030555555555555555 0.12395833333333334
3 0.3371527777777778 0.634375 0.03888888888888889 0.09166666666666666
3 0.30416666666666664 0.75390625 0.021527777777777778 0.11770833333333333
3 0.3072916666666667 0.6140625 0.044444444444444446 0.071875
3 0.2708333333333333 0.7466145833333333 0.025 0.109375
3 0.2704861111111111 0.61328125 0.03194444444444444 0.0796875
3 0.23125 0.7450520833333333 0.02013888888888889 0.1109375
3 0.24027777777777778 0.6015625 0.043055555555555555 0.0859375
3 0.19409722222222223 0.7200520833333334 0.027083333333333334 0.0953125
3 0.16458333333333333 0.7166666666666667 0.022916666666666665 0.09427083333333333
3 0.1326388888888889 0.709375 0.025 0.09791666666666667
3 0.10069444444444445 0.6981770833333333 0.022916666666666665 0.09895833333333333
3 0.07118055555555555 0.7015625 0.024305555555555556 0.0734375
3 0.4107638888888889 0.5690104166666666 0.13472222222222222 0.027083333333333334
3 0.18472222222222223 0.5796875 0.08125 0.10677083333333333
3 0.11215277777777778 0.5611979166666666 0.049305555555555554 0.05625
3 0.11284722222222222 0.6236979166666666 0.03194444444444444 0.05260416666666667
2 0.8993055555555556 0.6049479166666667 0.035416666666666666 0.20052083333333334
2 0.8493055555555555 0.5997395833333333 0.03958333333333333 0.109375
2 0.8048611111111111 0.6223958333333334 0.03680555555555556 0.11666666666666667
2 0.7798611111111111 0.5533854166666666 0.04097222222222222 0.0859375
2 0.7315972222222222 0.60390625 0.04513888888888889 0.09427083333333333
2 0.68125 0.5541666666666667 0.04861111111111111 0.1
2 0.6267361111111112 0.53671875 0.043055555555555555 0.08020833333333334
2 0.5770833333333333 0.5283854166666667 0.03888888888888889 0.059895833333333336
2 0.5447916666666667 0.5328125 0.022916666666666665 0.04739583333333333
2 0.5152777777777777 0.52578125 0.03611111111111111 0.05416666666666667
2 0.48854166666666665 0.5231770833333333 0.029166666666666667 0.03958333333333333
2 0.4527777777777778 0.5231770833333333 0.029861111111111113 0.043229166666666666
2 0.4215277777777778 0.5125 0.029166666666666667 0.0375
2 0.39618055555555554 0.5088541666666667 0.027777777777777776 0.044270833333333336
2 0.35138888888888886 0.5013020833333334 0.03125 0.036458333333333336
2 0.3177083333333333 0.4981770833333333 0.027083333333333334 0.028645833333333332