0 0.31277777777777765 0.45774224806201547 0.4153100775193796 0.07051356589147285
0 0.046511627906976744 0.5101744186046512 0.09302325581395349 0.08430232558139535
0 0.23032299741602064 0.5199418604651164 0.24665374677002566 0.04904069767441851
1 0.4964728682170542 0.5283139534883721 0.16819121447028432 0.03818798449612411
1 0.2425452196382429 0.5994961240310078 0.28799741602067164 0.05486434108527121
1 0.013565891472868217 0.627906976744186 0.027131782945736434 0.08527131782945736
1 0.4606589147286821 0.5965891472868217 0.12661498708010335 0.036724806201550476
1 0.1267312661498707 0.657374031007752 0.16724806201550363 0.0420251937984495
3 0.4339922480620155 0.6843895348837209 0.20108527131782958 0.04706395348837225
3 0.15303617571059439 0.7181298449612402 0.26497416020671855 0.040213178294573645
3 0.45148578811369516 0.7310852713178295 0.1966149870801033 0.04673449612403102
3 0.15439276485788114 0.7751937984496124 0.3087855297157623 0.04263565891472868
3 0.4558397932816538 0.7815697674418604 0.22785529715762262 0.05432170542635654
3 0.15926356589147284 0.8275581395348837 0.29245478036175726 0.03001937984496126
3 0.506343669250646 0.823062015503876 0.17852713178294582 0.06156007751938004
3 0.17794573643410855 0.8738953488372092 0.27155038759689903 0.034612403100775
3 0.5084625322997416 0.874515503875969 0.1977906976744185 0.044660852713178434
3 0.18182170542635662 0.9294864341085272 0.2755426356589147 0.027751937984496
3 0.537467700258398 0.9167151162790698 0.21259689922480615 0.06034883720930252
3 0.24335917312661487 0.9810271317829458 0.23701550387596876 0.03746124031007738
3 0.6181524547803618 0.6785852713178294 0.06764857881136938 0.1883914728682171
3 0.5923772609819121 0.9685077519379846 0.2648578811369509 0.06298449612403101
2 0.5297157622739018 0.01065891472868217 0.49612403100775193 0.02131782945736434
2 0.5422868217054264 0.06663759689922479 0.2710852713178294 0.05504844961240305
2 0.4859043927648579 0.12909883720930235 0.2898708010335916 0.051366279069767436
2 0.6570413436692506 0.16363372093023257 0.21306201550387607 0.05701550387596891
2 0.5313565891472868 0.2310368217054263 0.2341989664082687 0.06319767441860467
2 0.6548062015503877 0.30123062015503876 0.24806201550387597 0.0679263565891472
2 0.6980232558139534 0.37761627906976747 0.1991989664082688 0.06036821705426352
2 0.7186950904392765 0.44685077519379846 0.1484625322997417 0.054370155038759596
2 0.7081266149870802 0.4919282945736434 0.11791989664082685 0.031782945736434066
2 0.7257493540051679 0.5328100775193798 0.1343669250645995 0.05012596899224808
2 0.7320930232558139 0.5701550387596899 0.09819121447028424 0.04024224806201548
2 0.7320930232558139 0.6201937984496124 0.10758397932816535 0.041666666666666664
2 0.7583979328165374 0.6637209302325582 0.09255813953488386 0.04062015503875976
2 0.7672093023255815 0.6991375968992248 0.11016795865633072 0.03886627906976756
2 0.7864728682170543 0.7614244186046512 0.09043927648578812 0.04399224806201559
2 0.7937467700258398 0.8087306201550387 0.07117571059431514 0.03818798449612389