0 0.7561875 0.5518802083333334 0.23434027777777766 0.037380208333333324
0 0.9182430555555555 0.5235208333333333 0.0988611111111112 0.04481770833333331
0 0.8005069444444445 0.5184479166666667 0.1436874999999999 0.025838541666666614
1 0.6574513888888889 0.5139479166666666 0.10151388888888893 0.020005208333333375
1 0.7939375 0.4756875 0.1659097222222221 0.028968749999999942
1 0.9327013888888889 0.46015625 0.05706944444444433 0.04489062500000003
1 0.6767013888888889 0.47725 0.07916666666666666 0.01921875000000005
1 0.8561875000000001 0.44457812499999994 0.10100694444444432 0.022067708333333276
3 0.6910347222222223 0.4300572916666667 0.11919444444444452 0.02477604166666675
3 0.8420486111111111 0.41192187500000005 0.15353472222222234 0.02109375
3 0.6816319444444444 0.4049583333333333 0.11679166666666656 0.024598958333333344
3 0.8416041666666667 0.38104687499999995 0.17663888888888898 0.02223958333333324
3 0.6792916666666666 0.37782291666666673 0.13358333333333328 0.028677083333333304
3 0.8387013888888889 0.35310416666666666 0.16830555555555565 0.015614583333333343
3 0.6521458333333333 0.3555208333333333 0.1070694444444445 0.03256770833333344
3 0.8286597222222222 0.3281979166666667 0.15706944444444432 0.01808333333333323
3 0.6510069444444445 0.32786458333333335 0.11742361111111105 0.023484375000000075
3 0.8265763888888888 0.2983177083333333 0.15921527777777778 0.014395833333333267
3 0.6354166666666666 0.3051822916666667 0.12538194444444442 0.031916666666666774
3 0.7935000000000001 0.27061458333333327 0.1385069444444443 0.019614583333333258
3 0.7888263888888889 0.24835937499999997 0.13674305555555546 0.016781249999999897
3 0.7792916666666667 0.22444270833333338 0.14166666666666666 0.018203124999999907
3 0.7640763888888888 0.20057812499999994 0.14280555555555546 0.01669791666666664
3 0.76875 0.17831770833333327 0.10921527777777776 0.0176510416666666
3 0.5920486111111111 0.4331770833333334 0.04747222222222215 0.10073958333333337
3 0.606375 0.26341145833333335 0.15315972222222218 0.0605312499999999
3 0.5817569444444445 0.20923958333333334 0.08623611111111115 0.03629687500000003
3 0.6650902777777777 0.20957291666666672 0.08118750000000005 0.02332291666666677
2 0.6398333333333334 0.7996041666666667 0.2781597222222222 0.026026041666666562
2 0.6328263888888889 0.7620989583333333 0.15681944444444432 0.029067708333333307
2 0.6631319444444445 0.7285260416666667 0.1669166666666666 0.02708854166666678
2 0.5711458333333334 0.7099635416666668 0.1256319444444445 0.030125000000000075
2 0.6387013888888889 0.6737343750000001 0.13699305555555555 0.0334479166666668
2 0.5723472222222222 0.6360052083333334 0.14444444444444443 0.03598958333333328
2 0.5491180555555556 0.5949479166666667 0.1181805555555556 0.03192708333333319
2 0.5380069444444444 0.557734375 0.09090972222222228 0.02870312499999983
2 0.5436875 0.5335052083333333 0.07449305555555555 0.016562500000000095
2 0.5342152777777778 0.51153125 0.08333333333333333 0.026421875000000008
2 0.5308055555555555 0.49145833333333333 0.06388888888888888 0.021109374999999986
2 0.5308055555555555 0.46456250000000004 0.06893749999999998 0.021875
2 0.5166666666666667 0.44116666666666665 0.06086111111111118 0.021312500000000036
2 0.5119305555555556 0.4221302083333333 0.07032638888888888 0.020369791666666734
2 0.5015763888888889 0.3886510416666667 0.059722222222222225 0.02312500000000005
2 0.49766666666666665 0.3632239583333334 0.0493680555555555 0.020005208333333257