0 0.24058421851289827 0.4154664391353811 0.2438922610015173 0.04139362912400454
0 0.06352807283763279 0.4464391353811149 0.09587253414264046 0.049516496018202474
0 0.19216236722306523 0.4519795221843004 0.1448482549317146 0.028788395904436805
1 0.3484597875569044 0.4568941979522185 0.09877086494688928 0.02241751990898753
1 0.19933990895295906 0.4986803185437998 0.16912746585735952 0.032207053469852046
1 0.047731411229135115 0.5156427758816837 0.05021244309559927 0.04959613196814565
1 0.32742792109256447 0.49697383390216154 0.07435508345978756 0.02155858930602963
1 0.13132776934749615 0.5326564277588168 0.09821699544764781 0.02467007963594988
3 0.3117678300455235 0.5485153583617747 0.11808801213960554 0.02762798634812296
3 0.1467754172989378 0.5683219567690557 0.15560698027314124 0.023606370875995448
3 0.32204097116843705 0.5759271899886235 0.11546282245826998 0.02743458475540388
3 0.1472610015174506 0.6020420932878271 0.18084977238239766 0.024857792946530045
3 0.32459787556904407 0.6055631399317406 0.13380880121396047 0.031888509670079605
3 0.15043247344461302 0.6325597269624573 0.17174506828528083 0.017622298065984084
3 0.3542564491654021 0.6299203640500569 0.1048406676783005 0.03613765642775893
3 0.16140364188163886 0.6597610921501705 0.1594688922610014 0.020318543799772354
3 0.35550075872534137 0.6601251422070534 0.11615326251896807 0.026217292377702015
3 0.16367981790591807 0.6923947667804323 0.1618133535660091 0.016291240045506184
3 0.37253414264036416 0.6848976109215017 0.12484825493171468 0.03542662116040967
3 0.1998179059180576 0.7226507394766781 0.13918816388467362 0.021990898748577847
3 0.2049241274658573 0.7469567690557453 0.13726100151745058 0.018896473265073835
3 0.21534142640364184 0.7730773606370875 0.1426403641881639 0.02044937428896463
3 0.2319650986342944 0.7991410693970421 0.1438846737481031 0.018805460750853212
3 0.2268588770864947 0.8234527872582481 0.10718512898330802 0.01984641638225249
3 0.4199165402124431 0.545108077360637 0.03972685887708642 0.11059158134243463
3 0.4042640364188164 0.7305176336746303 0.15519726858877084 0.06667804323094415
3 0.4311608497723824 0.7896814562002276 0.0820789074355084 0.04021046643913541
3 0.34011380880121395 0.7893174061433447 0.07656297420333845 0.02604095563139943
2 0.36770864946889226 0.14491467576791808 0.2917678300455235 0.028993174061433463
2 0.37536418816388467 0.18587599544937428 0.15919575113808795 0.03231513083048916
2 0.34225341426403644 0.22254266211604096 0.17022761760242786 0.030153583617747434
2 0.4427541729893778 0.2428156996587031 0.1251213960546283 0.03346985210466435
2 0.3689453717754173 0.2823833902161547 0.13753414264036418 0.03709897610921503
2 0.4414415781487102 0.3235893060295791 0.1456752655538695 0.03987485779294648
2 0.4668209408194234 0.3684300341296929 0.11698027314112296 0.03543799772468712
2 0.4789605462822458 0.4090728100113766 0.0871851289833081 0.03191695108077355
2 0.4727541729893779 0.43553469852104665 0.06924886191198784 0.01865756541524457
2 0.483103186646434 0.4595335608646189 0.07890743550834597 0.029425483503981806
2 0.4868285280728376 0.4814562002275313 0.057663125948406675 0.023623435722411816
2 0.4868285280728376 0.5108304891922639 0.06317905918057662 0.024459613196814563
2 0.5022761760242792 0.5363822525597269 0.05435508345978763 0.023845278725824842
2 0.5074506828528074 0.5571729237770193 0.06469650986342942 0.022815699658703142
2 0.518763277693475 0.5937372013651877 0.05311077389984825 0.025824800910125192
2 0.5230349013657056 0.6215073947667804 0.04179817905918051 0.022417519908987403