0 0.75625 0.44817708333333334 0.22291666666666668 0.03802083333333333
0 0.9184027777777778 0.4765625 0.0875 0.0453125
0 0.8003472222222222 0.48151041666666666 0.1326388888888889 0.0265625
1 0.6572916666666667 0.4859375 0.09027777777777778 0.0203125
1 0.7940972222222222 0.52421875 0.15486111111111112 0.0296875
1 0.9326388888888889 0.53984375 0.04583333333333333 0.0453125
1 0.6767361111111111 0.52265625 0.06805555555555555 0.019791666666666666
1 0.85625 0.55546875 0.08958333333333333 0.022395833333333334
3 0.6909722222222222 0.5700520833333333 0.10833333333333334 0.025520833333333333
3 0.8420138888888888 0.5880208333333333 0.1423611111111111 0.021875
3 0.6815972222222222 0.5950520833333334 0.10555555555555556 0.025
3 0.8416666666666667 0.6190104166666667 0.16527777777777777 0.022916666666666665
3 0.6791666666666667 0.6221354166666667 0.12222222222222222 0.029166666666666667
3 0.8385416666666666 0.646875 0.15694444444444444 0.016145833333333335
3 0.6520833333333333 0.64453125 0.09583333333333334 0.03333333333333333
3 0.8288194444444444 0.671875 0.14583333333333334 0.01875
3 0.6510416666666666 0.6721354166666667 0.10625 0.023958333333333335
3 0.8267361111111111 0.7015625 0.14791666666666667 0.015104166666666667
3 0.6354166666666666 0.6947916666666667 0.11458333333333333 0.03229166666666667
3 0.7934027777777778 0.7294270833333333 0.12708333333333333 0.0203125
3 0.7888888888888889 0.7515625 0.12569444444444444 0.0171875
3 0.7791666666666667 0.7755208333333333 0.13055555555555556 0.01875
3 0.7642361111111111 0.7994791666666666 0.13194444444444445 0.0171875
3 0.76875 0.8216145833333334 0.09791666666666667 0.018229166666666668
3 0.5920138888888888 0.5669270833333333 0.03611111111111111 0.10104166666666667
3 0.60625 0.7364583333333333 0.1423611111111111 0.0609375
3 0.5815972222222222 0.7908854166666667 0.075 0.03697916666666667
3 0.6649305555555556 0.7903645833333334 0.07013888888888889 0.023958333333333335
2 0.6399305555555556 0.20052083333333334 0.2673611111111111 0.0265625
2 0.6329861111111111 0.23802083333333332 0.14583333333333334 0.0296875
2 0.6631944444444444 0.2713541666666667 0.15555555555555556 0.027604166666666666
2 0.5711805555555556 0.29010416666666666 0.11458333333333333 0.030729166666666665
2 0.6385416666666667 0.3263020833333333 0.12569444444444444 0.033854166666666664
2 0.5722222222222222 0.3640625 0.13333333333333333 0.036458333333333336
2 0.5489583333333333 0.4049479166666667 0.10694444444444444 0.03229166666666667
2 0.5378472222222223 0.4421875 0.0798611111111111 0.029166666666666667
2 0.54375 0.46640625 0.06319444444444444 0.0171875
2 0.534375 0.48854166666666665 0.07222222222222222 0.027083333333333334
2 0.5309027777777777 0.50859375 0.05277777777777778 0.021875
2 0.5309027777777777 0.5354166666666667 0.05763888888888889 0.022395833333333334
2 0.5166666666666667 0.5588541666666667 0.05 0.021875
2 0.5118055555555555 0.5778645833333333 0.059027777777777776 0.020833333333333332
2 0.5017361111111112 0.6114583333333333 0.04861111111111111 0.0234375
2 0.49756944444444445 0.63671875 0.03819444444444445 0.0203125