0 0.4309027777777778 0.3078125 0.050694444444444445 0.1671875
0 0.46875 0.18619791666666666 0.06041666666666667 0.065625
0 0.4753472222222222 0.2747395833333333 0.035416666666666666 0.09947916666666666
1 0.48125 0.38203125 0.027083333333333334 0.06770833333333333
1 0.5322916666666667 0.2794270833333333 0.03958333333333333 0.11614583333333334
1 0.553125 0.17552083333333332 0.06041666666666667 0.034375
1 0.5302083333333333 0.36744791666666665 0.02638888888888889 0.051041666666666666
1 0.5739583333333333 0.2328125 0.029861111111111113 0.0671875
3 0.5934027777777777 0.3567708333333333 0.034027777777777775 0.08125
3 0.6173611111111111 0.24348958333333334 0.029166666666666667 0.10677083333333333
3 0.6267361111111112 0.36380208333333336 0.03333333333333333 0.07916666666666666
3 0.6586805555555556 0.24375 0.030555555555555555 0.12395833333333334
3 0.6628472222222223 0.365625 0.03888888888888889 0.09166666666666666
3 0.6958333333333333 0.24609375 0.021527777777777778 0.11770833333333333
3 0.6927083333333334 0.3859375 0.044444444444444446 0.071875
3 0.7291666666666666 0.25338541666666664 0.025 0.109375
3 0.7295138888888889 0.38671875 0.03194444444444444 0.0796875
3 0.76875 0.25494791666666666 0.02013888888888889 0.1109375
3 0.7597222222222222 0.3984375 0.043055555555555555 0.0859375
3 0.8059027777777777 0.2799479166666667 0.027083333333333334 0.0953125
3 0.8354166666666667 0.2833333333333333 0.022916666666666665 0.09427083333333333
3 0.8673611111111111 0.290625 0.025 0.09791666666666667
3 0.8993055555555556 0.30182291666666666 0.022916666666666665 0.09895833333333333
3 0.9288194444444444 0.2984375 0.024305555555555556 0.0734375
3 0.5892361111111111 0.4309895833333333 0.13472222222222222 0.027083333333333334
3 0.8152777777777778 0.4203125 0.08125 0.10677083333333333
3 0.8878472222222222 0.4388020833333333 0.049305555555555554 0.05625
3 0.8871527777777778 0.3763020833333333 0.03194444444444444 0.05260416666666667
2 0.10069444444444445 0.39505208333333336 0.035416666666666666 0.20052083333333334
2 0.15069444444444444 0.4002604166666667 0.03958333333333333 0.109375
2 0.1951388888888889 0.3776041666666667 0.03680555555555556 0.11666666666666667
2 0.22013888888888888 0.4466145833333333 0.04097222222222222 0.0859375
2 0.26840277777777777 0.39609375 0.04513888888888889 0.09427083333333333
2 0.31875 0.44583333333333336 0.04861111111111111 0.1
2 0.3732638888888889 0.46328125 0.043055555555555555 0.08020833333333334
2 0.42291666666666666 0.47161458333333334 0.03888888888888889 0.059895833333333336
2 0.4552083333333333 0.4671875 0.022916666666666665 0.04739583333333333
2 0.4847222222222222 0.47421875 0.03611111111111111 0.05416666666666667
2 0.5114583333333333 0.47682291666666665 0.029166666666666667 0.03958333333333333
2 0.5472222222222223 0.47682291666666665 0.029861111111111113 0.043229166666666666
2 0.5784722222222223 0.4875 0.029166666666666667 0.0375
2 0.6038194444444445 0.49114583333333334 0.027777777777777776 0.044270833333333336
2 0.6486111111111111 0.4986979166666667 0.03125 0.036458333333333336
2 0.6822916666666666 0.5018229166666667 0.027083333333333334 0.028645833333333332