0 0.23472222222222222 0.49270833333333336 0.22916666666666666 0.07447916666666667
0 0.08541666666666667 0.54765625 0.09930555555555555 0.058854166666666666
0 0.20173611111111112 0.5328125 0.13680555555555557 0.04791666666666667
1 0.3423611111111111 0.5130208333333334 0.09444444444444444 0.035416666666666666
1 0.22083333333333333 0.5731770833333333 0.1597222222222222 0.0546875
1 0.09027777777777778 0.61171875 0.058333333333333334 0.052083333333333336
1 0.3347222222222222 0.5520833333333334 0.07222222222222222 0.030729166666666665
1 0.16944444444444445 0.6140625 0.09444444444444444 0.03697916666666667
3 0.3347222222222222 0.6002604166666666 0.11319444444444444 0.042708333333333334
3 0.19305555555555556 0.6434895833333333 0.1451388888888889 0.0453125
3 0.35138888888888886 0.6231770833333333 0.11041666666666666 0.0421875
3 0.20277777777777778 0.6734375 0.16805555555555557 0.05
3 0.36180555555555555 0.64921875 0.12777777777777777 0.04895833333333333
3 0.21388888888888888 0.7002604166666667 0.15833333333333333 0.0421875
3 0.3951388888888889 0.66640625 0.10347222222222222 0.0484375
3 0.23125 0.7229166666666667 0.14791666666666667 0.042708333333333334
3 0.4045138888888889 0.6932291666666667 0.1111111111111111 0.04114583333333333
3 0.2423611111111111 0.7515625 0.1486111111111111 0.03958333333333333
3 0.4263888888888889 0.7127604166666667 0.12083333333333333 0.051041666666666666
3 0.2829861111111111 0.7729166666666667 0.12986111111111112 0.04114583333333333
3 0.29409722222222223 0.7940104166666667 0.12777777777777777 0.03802083333333333
3 0.3104166666666667 0.815625 0.1326388888888889 0.04010416666666667
3 0.3326388888888889 0.8361979166666667 0.13333333333333333 0.0390625
3 0.3347222222222222 0.8588541666666667 0.10069444444444445 0.034375
3 0.43020833333333336 0.5807291666666666 0.06597222222222222 0.1046875
3 0.4673611111111111 0.7484375 0.15694444444444444 0.08333333333333333
3 0.5076388888888889 0.7971354166666667 0.08402777777777778 0.0484375
3 0.4263888888888889 0.8109375 0.07569444444444444 0.034895833333333334
2 0.27395833333333336 0.23177083333333334 0.26805555555555555 0.07083333333333333
2 0.2920138888888889 0.2669270833333333 0.15069444444444444 0.05364583333333333
2 0.2725694444444444 0.30494791666666665 0.16041666666666668 0.053125
2 0.36770833333333336 0.3072916666666667 0.12083333333333333 0.04895833333333333
2 0.3128472222222222 0.3541666666666667 0.1326388888888889 0.05416666666666667
2 0.3885416666666667 0.3796875 0.14097222222222222 0.0578125
2 0.4236111111111111 0.4158854166666667 0.11388888888888889 0.049479166666666664
2 0.44548611111111114 0.45026041666666666 0.08680555555555555 0.0421875
2 0.44722222222222224 0.4747395833333333 0.06666666666666667 0.027083333333333334
2 0.46319444444444446 0.49453125 0.07847222222222222 0.03854166666666667
2 0.47256944444444443 0.5135416666666667 0.05763888888888889 0.030208333333333334
2 0.48055555555555557 0.53984375 0.06319444444444444 0.03177083333333333
2 0.5013888888888889 0.56015625 0.05486111111111111 0.0296875
2 0.5118055555555555 0.5778645833333333 0.06388888888888888 0.030208333333333334
2 0.5319444444444444 0.6088541666666667 0.05416666666666667 0.03125
2 0.5434027777777778 0.6328125 0.04375 0.0265625