0 0.8944444444444444 0.49479166666666663 0.2111111111111112 0.09375
1 0.8149027777777778 0.5901302083333333 0.18080555555555572 0.05131510416666685
1 0.9659722222222221 0.6848958333333333 0.06805555555555548 0.07291666666666674
1 0.8534027777777777 0.6818749999999999 0.13611111111111118 0.049348958333333526
3 0.8820694444444445 0.7998567708333333 0.2161666666666669 0.06324218750000021
3 0.8632638888888888 0.8626041666666666 0.21136111111111097 0.06279947916666662
3 0.8585833333333333 0.9304427083333332 0.2449444444444443 0.07299479166666667
3 0.8041666666666667 0.9720052083333333 0.19166666666666668 0.05598958333333326
3 0.6840972222222221 0.7920572916666666 0.07272222222222216 0.2531510416666667
2 0.8262638888888888 0.05368489583333336 0.31161111111111095 0.06902343749999998
2 0.6422916666666667 0.10009114583333334 0.22904166666666678 0.07661458333333321
2 0.7774027777777778 0.19066406249999993 0.25176388888888895 0.08492187500000004
2 0.6446944444444443 0.28498697916666665 0.26666666666666666 0.09127604166666656
2 0.5982361111111111 0.3876302083333334 0.214138888888889 0.08111979166666661
2 0.5760138888888889 0.48066406249999993 0.15959722222222225 0.07305989583333322
2 0.5873749999999999 0.5412369791666666 0.12676388888888887 0.04270833333333335
2 0.5684305555555554 0.596171875 0.14444444444444446 0.06735677083333336
2 0.5616111111111111 0.6463541666666666 0.10555555555555554 0.054075520833333224
2 0.5616111111111111 0.7135937499999999 0.11565277777777776 0.05598958333333326
2 0.5333333333333333 0.7720833333333333 0.09950000000000016 0.05458333333333343
2 0.523861111111111 0.8196744791666666 0.1184305555555555 0.05222656250000024
2 0.5031527777777778 0.9033723958333333 0.0972222222222222 0.059114583333333526
2 0.4953333333333333 0.9669401041666665 0.07651388888888876 0.0513151041666664