3 0.22075694444444444 0.6746302083333333 0.35918055555555556 0.026781250000000038
3 0.21713194444444442 0.4955208333333333 0.3133472222222222 0.034307291666666725
3 0.23171527777777778 0.465078125 0.2915902777777778 0.023432291666666553
3 0.20463194444444446 0.22507812500000005 0.2358819444444444 0.018473958333333228
3 0.2196736111111111 0.14306770833333335 0.24900000000000005 0.021156249999999942
2 0.22044444444444444 0.9745052083333333 0.35238888888888886 0.035822916666666774
2 0.21697222222222218 0.9327187499999999 0.34081944444444445 0.04301041666666663
2 0.23009027777777777 0.8975885416666666 0.33310416666666665 0.040359374999999885
2 0.22754861111111108 0.8608333333333333 0.3480694444444445 0.036317708333333344
2 0.2235347222222222 0.7810416666666666 0.3215277777777778 0.03965104166666673
2 0.227625 0.7419739583333332 0.3034722222222222 0.03560937499999994
2 0.24313194444444444 0.7093333333333334 0.31443055555555555 0.03607812499999999
2 0.2358055555555556 0.6375885416666667 0.31056944444444445 0.026791666666666696
2 0.24189583333333337 0.6035572916666666 0.2810972222222222 0.034671874999999845
2 0.22522916666666665 0.5669166666666666 0.2662777777777777 0.023453124999999866
2 0.22854861111111113 0.5352031250000001 0.2559444444444444 0.031333333333333255
2 0.22422916666666665 0.4345885416666667 0.22261111111111107 0.011489583333333305
2 0.17715972222222223 0.35031770833333326 0.20563194444444446 0.03188541666666656
2 0.17160416666666667 0.320859375 0.19452083333333334 0.015572916666666714
2 0.18965972222222224 0.29707291666666674 0.20902777777777778 0.022640624999999897
2 0.18025 0.2705052083333333 0.1624236111111111 0.02136979166666677
2 0.19745138888888888 0.24359375000000003 0.17368750000000002 0.009223958333333353
2 0.2126527777777778 0.19418749999999996 0.196375 0.01776041666666662
2 0.21944444444444444 0.17092187500000003 0.18526388888888887 0.015682291666666733
1 0.2237638888888889 0.8174895833333333 0.3297083333333333 0.033880208333333425
1 0.21126388888888892 0.41165625000000006 0.2954444444444445 0.020322916666666656
0 0.21002777777777779 0.38804687499999996 0.24359722222222221 0.021239583333333437