3 0.20520833333333333 0.34036458333333336 0.34930555555555554 0.04583333333333333
3 0.21840277777777778 0.5192708333333333 0.30416666666666664 0.051041666666666666
3 0.23576388888888888 0.5489583333333333 0.28125 0.0390625
3 0.2309027777777778 0.7895833333333333 0.225 0.03125
3 0.2534722222222222 0.8708333333333333 0.2388888888888889 0.034375
2 0.17708333333333334 0.04140625 0.34305555555555556 0.0546875
2 0.17743055555555556 0.08307291666666666 0.3326388888888889 0.0609375
2 0.19375 0.11744791666666667 0.32430555555555557 0.058333333333333334
2 0.19479166666666667 0.15442708333333333 0.3388888888888889 0.0546875
2 0.19791666666666666 0.23411458333333332 0.3125 0.05677083333333333
2 0.20590277777777777 0.27291666666666664 0.29444444444444445 0.0515625
2 0.22430555555555556 0.3046875 0.3055555555555556 0.05260416666666667
2 0.22361111111111112 0.3765625 0.30069444444444443 0.043229166666666666
2 0.23298611111111112 0.41015625 0.2722222222222222 0.049479166666666664
2 0.21979166666666666 0.44765625 0.25625 0.0375
2 0.22604166666666667 0.4791666666666667 0.2465277777777778 0.0453125
2 0.2309027777777778 0.5796875 0.2111111111111111 0.0234375
2 0.1920138888888889 0.6661458333333333 0.19652777777777777 0.043229166666666666
2 0.1892361111111111 0.6958333333333333 0.1840277777777778 0.026041666666666668
2 0.209375 0.71875 0.1986111111111111 0.033854166666666664
2 0.20243055555555556 0.7455729166666667 0.15208333333333332 0.030208333333333334
2 0.221875 0.7716145833333333 0.1625 0.01875
2 0.24166666666666667 0.8200520833333333 0.18611111111111112 0.028645833333333332
2 0.25069444444444444 0.84296875 0.17430555555555555 0.025520833333333333
1 0.19479166666666667 0.19765625 0.32013888888888886 0.0515625
1 0.22013888888888888 0.603125 0.2847222222222222 0.0359375
0 0.22118055555555555 0.6268229166666667 0.23333333333333334 0.034375