3 0.14444444444444443 0.0703125 0.28888888888888886 0.025
3 0.14027777777777778 0.24947916666666667 0.28055555555555556 0.035416666666666666
3 0.14490972222222223 0.280234375 0.2551701388888889 0.022132812499999942
3 0.1178263888888889 0.5202343749999999 0.2071770833333333 0.018091145833333162
3 0.13286805555555553 0.6022447916666667 0.20540277777777785 0.018911458333333304
2 0.14166666666666666 0.010677083333333334 0.2833333333333333 0.021354166666666667
2 0.1563263888888889 0.03597916666666669 0.2770069444444445 0.033664062499999994
2 0.14900000000000005 0.10772395833333336 0.2903541666666666 0.026937500000000014
2 0.1550902777777778 0.1417552083333333 0.2631180555555556 0.034523437500000045
2 0.1384236111111111 0.17839583333333334 0.24945833333333328 0.0237057291666666
2 0.14174305555555555 0.210109375 0.22554166666666664 0.029729166666666747
2 0.1374236111111111 0.31072395833333327 0.20818055555555554 0.011994791666666772
2 0.09035416666666668 0.39499479166666673 0.17746875000000004 0.0300052083333334
2 0.08479861111111112 0.42445312500000004 0.16149652777777782 0.014557291666666809
2 0.10285416666666668 0.4482395833333333 0.19305555555555556 0.022778645833333163
2 0.09344444444444444 0.47480729166666674 0.14267013888888894 0.02110156250000017
2 0.11064583333333332 0.50171875 0.14899652777777775 0.009299479166666676
2 0.12584722222222225 0.5511250000000001 0.16172916666666665 0.016171874999999857
2 0.1326388888888889 0.5743906249999999 0.17214583333333333 0.016174479166666818
1 0.12534722222222222 0.3333333333333333 0.25069444444444444 0.01875
0 0.12322222222222222 0.35726562500000003 0.22214583333333332 0.021036458333333268
3 0.7611111111111111 0.7622395833333333 0.24305555555555555 0.033854166666666664
3 0.7614583333333333 0.80859375 0.24375 0.049479166666666664
3 0.7368055555555556 0.8713541666666667 0.19444444444444445 0.06354166666666666
1 0.7770833333333333 0.7013020833333333 0.275 0.043229166666666666
2 0.7621527777777778 0.9473958333333333 0.24513888888888888 0.06666666666666667