3 0.22075694444444444 0.3253697916666667 0.359875 0.026781250000000038
3 0.21713194444444442 0.5044791666666667 0.31404166666666666 0.034307291666666725
3 0.23171527777777778 0.534921875 0.29228472222222224 0.023432291666666553
3 0.20463194444444446 0.774921875 0.23657638888888885 0.018473958333333228
3 0.2196736111111111 0.8569322916666666 0.2496944444444445 0.021156249999999942
2 0.22044444444444444 0.02549479166666667 0.3530833333333333 0.03582291666666667
2 0.21697222222222218 0.06728125 0.3415138888888889 0.043010416666666655
2 0.23009027777777777 0.10241145833333333 0.3337986111111111 0.040359375
2 0.22754861111111108 0.13916666666666666 0.34876388888888893 0.036317708333333344
2 0.2235347222222222 0.2189583333333333 0.32222222222222224 0.039651041666666664
2 0.227625 0.2580260416666667 0.30416666666666664 0.035609375000000006
2 0.24313194444444444 0.2906666666666667 0.315125 0.03607812499999999
2 0.2358055555555556 0.3624114583333334 0.3112638888888889 0.026791666666666696
2 0.24189583333333337 0.39644270833333334 0.28179166666666666 0.03467187499999997
2 0.22522916666666665 0.4330833333333333 0.26697222222222217 0.023453124999999984
2 0.22854861111111113 0.464796875 0.25663888888888886 0.03133333333333337
2 0.22422916666666665 0.5654114583333333 0.2233055555555555 0.011489583333333305
2 0.17715972222222223 0.6496822916666667 0.2063263888888889 0.03188541666666656
2 0.17160416666666667 0.679140625 0.19521527777777778 0.015572916666666714
2 0.18965972222222224 0.7029270833333333 0.20972222222222223 0.022640624999999897
2 0.18025 0.7294947916666668 0.16311805555555556 0.02136979166666677
2 0.19745138888888888 0.75640625 0.17438194444444446 0.009223958333333353
2 0.2126527777777778 0.8058125 0.19706944444444444 0.01776041666666662
2 0.21944444444444444 0.829078125 0.1859583333333333 0.015682291666666733
1 0.2237638888888889 0.18251041666666667 0.33040277777777777 0.03388020833333331
1 0.21126388888888892 0.5883437499999999 0.29613888888888895 0.020322916666666656
0 0.21002777777777779 0.611953125 0.24429166666666666 0.021239583333333437