3 0.172686230248307 0.3472927241962775 0.345372460496614 0.04483925549915398
3 0.15067720090293454 0.637901861252115 0.3013544018058691 0.05752961082910321
3 0.15406320541760724 0.687394247038917 0.30812641083521447 0.03976311336717428
2 0.17325056433408578 0.04483925549915398 0.34650112866817157 0.06091370558375635
2 0.15914221218961624 0.17428087986463622 0.3182844243792325 0.06598984771573604
2 0.15519187358916478 0.2377326565143824 0.31038374717832956 0.05922165820642978
2 0.172686230248307 0.2906091370558376 0.345372460496614 0.06006768189509306
2 0.16478555304740405 0.4073604060913706 0.3295711060948081 0.04483925549915398
2 0.1580135440180587 0.4623519458544839 0.3160270880361174 0.0583756345177665
2 0.13826185101580135 0.522419627749577 0.2765237020316027 0.03976311336717428
2 0.136568848758465 0.5736040609137056 0.27313769751693 0.05245346869712352
2 0.11963882618510158 0.7368866328257191 0.23927765237020315 0.02030456852791878
2 0.0744920993227991 0.873942470389171 0.1489841986455982 0.05414551607445008
2 0.0654627539503386 0.9217428087986463 0.1309255079006772 0.02622673434856176
2 0.0863431151241535 0.9602368866328257 0.172686230248307 0.038917089678511
1 0.1630925507900677 0.11463620981387479 0.3261851015801354 0.05668358714043993
1 0.13882618510158012 0.7745346869712352 0.27765237020316025 0.03468697123519458
0 0.11681715575620767 0.812605752961083 0.23363431151241534 0.03637901861252115