3 0.2508271375464684 0.6652437325905293 0.4648884758364312 0.037200557103064115
3 0.24597583643122672 0.4257660167130919 0.40355018587360597 0.04726323119777167
3 0.2654925650557621 0.38506267409470757 0.3744330855018587 0.03272284122562659
3 0.2292472118959108 0.06417130919220063 0.2998791821561338 0.026093314763231058
2 0.24535315985130113 0.9905988857938719 0.44052044609665425 0.018802228412256268
2 0.26331784386617096 0.9633495821727018 0.42999070631970254 0.055355153203342465
2 0.2599163568773234 0.9142061281337047 0.4500185873605948 0.049951253481894164
2 0.2545446096654275 0.8075208913649025 0.4144981412639405 0.054408077994429045
2 0.26001858736059474 0.7552855153203342 0.3903345724907063 0.049004178272980425
2 0.280771375464684 0.7116434540389971 0.40499999999999997 0.049630919220055615
2 0.2709665427509294 0.615717270194986 0.39983271375464685 0.037214484679665774
2 0.27911710037174725 0.5702158774373259 0.3603903345724907 0.04775069637883004
2 0.25681226765799253 0.5212256267409471 0.3405576208178438 0.03275069637883007
2 0.2612546468401487 0.4788231197771588 0.3267286245353159 0.043286908077994485
2 0.2554739776951673 0.34429665738161563 0.28211895910780665 0.016754874651810546
2 0.1924814126394052 0.23162256267409465 0.25939591078066915 0.04402506963788287
2 0.185046468401487 0.19223537604456822 0.24452602230483272 0.022214484679665802
2 0.2092100371747212 0.1604317548746519 0.26394052044609667 0.031664345403899584
2 0.1966171003717472 0.12490947075208907 0.2015706319702602 0.029965181058495962
2 0.21963754646840147 0.08892757660167135 0.2166449814126394 0.0137256267409471
2 0.23998141263940523 0.022869080779944234 0.24700743494423788 0.02513927576601665
1 0.2548513011152417 0.8562534818941504 0.4254460966542751 0.04669220055710319
1 0.23812267657992567 0.3136350974930363 0.37959107806691456 0.028565459610027842
0 0.23646840148698883 0.28206824512534817 0.31020446096654275 0.02979108635097507