3 0.049305555555555554 0.034895833333333334 0.09861111111111111 0.025
3 0.04236111111111111 0.21432291666666667 0.08472222222222223 0.033854166666666664
3 0.04236111111111111 0.24453125 0.08472222222222223 0.022395833333333334
2 0.04791666666666667 0.07213541666666666 0.09583333333333334 0.025520833333333333
2 0.046875 0.10598958333333333 0.09375 0.033854166666666664
2 0.035069444444444445 0.14270833333333333 0.07013888888888889 0.022916666666666665
2 0.030208333333333334 0.17421875 0.06041666666666667 0.028645833333333332
2 0.02326388888888889 0.275 0.04652777777777778 0.011458333333333333
1 0.03194444444444444 0.29791666666666666 0.06388888888888888 0.019791666666666666
1 0.5212986111111111 0.08025000000000002 0.35632638888888885 0.03332031250000004
1 0.5287777777777778 0.1651510416666667 0.3949861111111109 0.03083333333333336
1 0.5308611111111111 0.2739375 0.3498472222222222 0.033255208333333286
2 0.5489583333333333 0.005729166666666666 0.4173611111111111 0.011458333333333333
2 0.5368819444444445 0.03366666666666666 0.38171180555555567 0.04263802083333334
2 0.5444444444444444 0.12139062500000003 0.4160486111111112 0.03307812499999999
0 0.5280833333333333 0.19927083333333334 0.375 0.0323697916666666
0 0.5333333333333333 0.23492187499999997 0.3394305555555555 0.02786197916666661
0 0.5295555555555556 0.3075 0.3388888888888889 0.024166666666666597
0 0.5167430555555556 0.3778177083333334 0.3580243055555556 0.02086718750000003
3 0.5192916666666666 0.34309375000000003 0.3017743055555556 0.02226041666666679
3 0.5161250000000001 0.412984375 0.28842708333333333 0.029184895833333495
3 0.5321736111111112 0.4468385416666667 0.3066354166666667 0.026179687499999934
3 0.5361111111111111 0.47948437499999996 0.26157291666666665 0.024854166666666563
3 0.5388125 0.5149062499999999 0.24722222222222223 0.023236979166666553
3 0.5429027777777777 0.5389791666666667 0.20424305555555564 0.018265625000000084
1 0.4719583333333333 0.6818020833333333 0.29887152777777776 0.01917187499999997
1 0.4666666666666667 0.70625 0.29444444444444445 0.028125
1 0.47196527777777775 0.7741250000000001 0.28012152777777777 0.021651041666666634
1 0.465625 0.7960677083333334 0.2642361111111111 0.022630208333333415
1 0.47474305555555557 0.9058229166666667 0.24470486111111112 0.02222916666666658
2 0.4621527777777778 0.5666666666666667 0.28541666666666665 0.013541666666666667
2 0.45625 0.6236979166666666 0.27361111111111114 0.024479166666666666
2 0.46397916666666666 0.7442395833333334 0.22491319444444444 0.027572916666666693
2 0.4609375 0.8277604166666667 0.22517361111111112 0.020078124999999857
3 0.4751736111111111 0.8524947916666666 0.2595486111111111 0.01824999999999998
0 0.4576388888888889 0.5903645833333333 0.2763888888888889 0.028645833333333332
0 0.46493055555555557 0.6518229166666667 0.29097222222222224 0.0203125
0 0.4782152777777778 0.8751614583333333 0.21067708333333332 0.016437499999999973
0 0.47465277777777776 0.934546875 0.22395833333333334 0.021132812499999907