3 0.22075694444444444 0.3253697916666667 0.35431944444444446 0.02886458333333337
3 0.21713194444444442 0.5044791666666667 0.3084861111111111 0.03639062500000006
3 0.23171527777777778 0.534921875 0.28672916666666665 0.025515624999999886
3 0.20463194444444446 0.774921875 0.23102083333333331 0.020557291666666564
3 0.2196736111111111 0.8569322916666666 0.24413888888888893 0.023239583333333275
2 0.22044444444444444 0.02549479166666667 0.3475277777777777 0.03790625
2 0.21697222222222218 0.06728125 0.3359583333333333 0.045093749999999995
2 0.23009027777777777 0.10241145833333333 0.32824305555555555 0.042442708333333336
2 0.22754861111111108 0.13916666666666666 0.34320833333333334 0.03840104166666668
2 0.2235347222222222 0.2189583333333333 0.31666666666666665 0.041734375
2 0.227625 0.2580260416666667 0.2986111111111111 0.03769270833333334
2 0.24313194444444444 0.2906666666666667 0.30956944444444445 0.03816145833333332
2 0.2358055555555556 0.3624114583333334 0.30570833333333336 0.02887500000000003
2 0.24189583333333337 0.39644270833333334 0.27623611111111107 0.0367552083333333
2 0.22522916666666665 0.4330833333333333 0.26141666666666663 0.02553645833333332
2 0.22854861111111113 0.464796875 0.25108333333333327 0.03341666666666671
2 0.22422916666666665 0.5654114583333333 0.21774999999999997 0.013572916666666638
2 0.17715972222222223 0.6496822916666667 0.20077083333333334 0.033968749999999895
2 0.17160416666666667 0.679140625 0.18965972222222224 0.017656250000000047
2 0.18965972222222224 0.7029270833333333 0.20416666666666666 0.02472395833333323
2 0.18025 0.7294947916666668 0.1575625 0.023453125000000106
2 0.19745138888888888 0.75640625 0.1688263888888889 0.011307291666666686
2 0.2126527777777778 0.8058125 0.19151388888888887 0.01984374999999995
2 0.21944444444444444 0.829078125 0.18040277777777775 0.017765625000000066
1 0.2237638888888889 0.18251041666666667 0.3248472222222222 0.03596354166666664
1 0.21126388888888892 0.5883437499999999 0.29058333333333336 0.022406249999999992
0 0.21002777777777779 0.611953125 0.2387361111111111 0.02332291666666677