3 0.17059426229508196 0.1532258064516129 0.3411885245901639 0.040706605222734255
3 0.15061475409836064 0.41705069124423966 0.3012295081967213 0.05222734254992319
3 0.15368852459016394 0.4619815668202765 0.3073770491803279 0.03609831029185868
3 0.11321721311475409 0.8160522273425499 0.22643442622950818 0.028417818740399385
3 0.1290983606557377 0.9370199692780338 0.2581967213114754 0.03225806451612903
2 0.15829918032786885 0.013056835637480798 0.3165983606557377 0.026113671274961597
2 0.15471311475409835 0.053763440860215055 0.3094262295081967 0.053763440860215055
2 0.17059426229508196 0.10176651305683564 0.3411885245901639 0.054531490015360985
2 0.16342213114754098 0.20775729646697388 0.32684426229508196 0.040706605222734255
2 0.1572745901639344 0.2576804915514593 0.3145491803278688 0.052995391705069124
2 0.13934426229508196 0.3122119815668203 0.2786885245901639 0.03609831029185868
2 0.13780737704918034 0.358678955453149 0.27561475409836067 0.047619047619047616
2 0.12243852459016394 0.5069124423963134 0.24487704918032788 0.018433179723502304
2 0.08145491803278689 0.631336405529954 0.16290983606557377 0.04915514592933948
2 0.07325819672131148 0.6747311827956989 0.14651639344262296 0.023809523809523808
2 0.09221311475409837 0.7096774193548387 0.18442622950819673 0.03533026113671275
2 0.06813524590163934 0.749231950844854 0.1362704918032787 0.03302611367127496
2 0.08452868852459017 0.7887864823348695 0.16905737704918034 0.015360983102918587
2 0.10450819672131148 0.8617511520737328 0.20901639344262296 0.027649769585253458
2 0.10502049180327869 0.8955453149001537 0.21004098360655737 0.02457757296466974
1 0.1398565573770492 0.5410906298003072 0.2797131147540984 0.0314900153609831
0 0.11987704918032786 0.575652841781874 0.23975409836065573 0.03302611367127496