3 0.5770833333333333 0.50375 0.38680555555555557 0.11911458333333348
3 0.5673611111111111 0.5822916666666667 0.30833333333333335 0.014583333333333334
0 0.9420138888888889 0.4640625 0.11597222222222223 0.11875
0 0.9663194444444444 0.546875 0.06736111111111111 0.03125
1 0.5504166666666667 0.34840625000000003 0.2743055555555556 0.07305729166666666
1 0.5493055555555556 0.3968541666666667 0.24930555555555556 0.016020833333333446
1 0.46027777777777773 0.41701562500000006 0.07694444444444448 0.01795052083333341
2 0.8398611111111112 0.320953125 0.23930555555555566 0.0713385416666668
2 0.8500694444444444 0.375390625 0.24812499999999996 0.022005208333333335
2 0.7981944444444445 0.40003124999999995 0.11763888888888879 0.02284635416666655
2 0.7947222222222223 0.41925 0.08305555555555565 0.029812499999999888
2 0.9443055555555555 0.34496875 0.000555555555555524 0.04694791666666672
2 0.26979166666666665 0.8611979166666667 0.15902777777777777 0.034895833333333334
2 0.2847222222222222 0.9057291666666667 0.12916666666666668 0.023958333333333335
2 0.28541666666666665 0.9401041666666666 0.12777777777777777 0.028125
2 0.3020833333333333 0.978125 0.09444444444444444 0.017708333333333333
3 0.2704861111111111 0.6627604166666666 0.15763888888888888 0.0296875
3 0.2690972222222222 0.6989583333333333 0.16041666666666668 0.035416666666666666
3 0.27118055555555554 0.7421875 0.15625 0.029166666666666667
3 0.26944444444444443 0.7776041666666667 0.1597222222222222 0.028125
3 0.2760416666666667 0.8151041666666666 0.14652777777777778 0.029166666666666667
1 0.25277777777777777 0.6114583333333333 0.19305555555555556 0.04375