3 0.7775049115913556 0.5401917404129793 0.4449901768172888 0.03908554572271387
3 0.7966601178781926 0.2868731563421829 0.4066797642436149 0.05014749262536873
3 0.7851964636542239 0.24332595870206494 0.39576620825147335 0.03465339233038332
2 0.7804518664047151 0.9649705014749262 0.43909626719056977 0.05235988200589971
2 0.7868369351669942 0.9059734513274337 0.4263261296660118 0.06268436578171091
2 0.7804518664047151 0.8561946902654868 0.43909626719056977 0.058997050147492625
2 0.7770137524557956 0.803834808259587 0.44597249508840864 0.05309734513274336
2 0.7892927308447937 0.6910029498525073 0.4214145383104126 0.05752212389380531
2 0.7909823182711199 0.6353908554572271 0.412573673870334 0.05189528023598812
2 0.7690471512770137 0.589174041297935 0.4280746561886051 0.05255899705014748
2 0.7794106090373281 0.4875884955752212 0.4226129666011788 0.039410029498525116
2 0.770795677799607 0.43940265486725666 0.38092337917485264 0.05056784660766957
2 0.7943713163064834 0.3875221238938053 0.35996070726915524 0.034682890855457206
2 0.7896758349705304 0.34261799410029503 0.3453438113948919 0.04584070796460183
2 0.7957858546168959 0.20015486725663723 0.29819253438113946 0.017743362831858366
2 0.8623673870333988 0.08083333333333326 0.2741748526522592 0.046622418879055896
2 0.8702259332023575 0.039122418879056015 0.25845776031434176 0.02352507374631275
2 0.8447937131630648 0.011430678466076696 0.27897838899803534 0.022861356932153392
1 0.7858546168958742 0.7429941002949852 0.42829076620825146 0.049410029498525077
1 0.8069744597249509 0.16777286135693215 0.38605108055009824 0.03023598820058997
0 0.8158742632612966 0.13425516224188788 0.3278781925343811 0.03154867256637183