3 0.2670138888888889 0.709375 0.03680555555555556 0.2604166666666667
3 0.5059027777777778 0.7122395833333334 0.04722222222222222 0.22604166666666667
3 0.5465277777777777 0.7013020833333333 0.03263888888888889 0.20989583333333334
3 0.8666666666666667 0.7216145833333333 0.025694444444444443 0.16822916666666668
3 0.9760416666666667 0.71015625 0.029861111111111113 0.178125
2 0.021875 0.7041666666666667 0.04375 0.2520833333333333
2 0.12534722222222222 0.7072916666666667 0.05416666666666667 0.23229166666666667
2 0.17743055555555556 0.7041666666666667 0.04861111111111111 0.21875
2 0.22083333333333333 0.6927083333333334 0.049305555555555554 0.22708333333333333
2 0.31666666666666665 0.6981770833333333 0.03680555555555556 0.22395833333333334
2 0.36180555555555555 0.6934895833333333 0.04791666666666667 0.20208333333333334
2 0.4107638888888889 0.7059895833333333 0.03263888888888889 0.190625
2 0.453125 0.7036458333333333 0.043055555555555555 0.18333333333333332
2 0.5871527777777777 0.7067708333333333 0.016666666666666666 0.15833333333333333
2 0.6996527777777778 0.7421875 0.04375 0.1453125
2 0.7388888888888889 0.7463541666666667 0.022222222222222223 0.13697916666666668
2 0.7704861111111111 0.7328125 0.03125 0.14791666666666667
2 0.8059027777777777 0.73984375 0.029861111111111113 0.11302083333333333
2 0.8420138888888888 0.7268229166666667 0.013888888888888888 0.12135416666666667
2 0.9076388888888889 0.715625 0.025 0.13854166666666667
2 0.9388888888888889 0.7104166666666667 0.022222222222222223 0.13020833333333334
1 0.07673611111111112 0.7072916666666667 0.04652777777777778 0.23854166666666668
1 0.6177083333333333 0.7166666666666667 0.02847222222222222 0.2125
0 0.6493055555555556 0.7174479166666666 0.029861111111111113 0.17395833333333333