3 0.16770833333333332 0.8330078125 0.07291666666666667 0.271484375
3 0.6447916666666667 0.8583984375 0.09375 0.220703125
3 0.7260416666666667 0.8544921875 0.06458333333333334 0.228515625
2 0.017708333333333333 0.853515625 0.035416666666666666 0.23046875
2 0.07395833333333333 0.8330078125 0.09791666666666667 0.271484375
2 0.265625 0.8427734375 0.07291666666666667 0.251953125
2 0.35625 0.8505859375 0.09583333333333334 0.236328125
2 0.4552083333333333 0.873046875 0.06458333333333334 0.19140625
2 0.5385416666666667 0.875 0.08541666666666667 0.1875
2 0.8072916666666666 0.89453125 0.03333333333333333 0.1484375
1 0.86875 0.8720703125 0.05625 0.193359375
0 0.93125 0.8974609375 0.06041666666666667 0.142578125