3 0.04618055555555556 0.03723958333333333 0.09236111111111112 0.0328125
3 0.053125 0.06744791666666666 0.10625 0.024479166666666666
3 0.020833333333333332 0.3072916666666667 0.041666666666666664 0.017708333333333333
3 0.03576388888888889 0.3893229166666667 0.07152777777777777 0.021354166666666667
2 0.029861111111111113 0.09791666666666667 0.059722222222222225 0.011458333333333333
2 0.02013888888888889 0.33828125 0.04027777777777778 0.018229166666666668
2 0.017708333333333333 0.36171875 0.035416666666666666 0.015104166666666667
1 0.03923611111111111 0.12083333333333333 0.07847222222222222 0.019791666666666666
0 0.029861111111111113 0.14453125 0.059722222222222225 0.021354166666666667
3 0.05763888888888889 0.8359375 0.11527777777777778 0.023958333333333335
3 0.03715277777777778 0.8645833333333334 0.07430555555555556 0.019791666666666666
2 0.05138888888888889 0.5356770833333333 0.10277777777777777 0.0203125
2 0.06041666666666667 0.5611979166666666 0.12083333333333333 0.021354166666666667
2 0.04583333333333333 0.6 0.09166666666666666 0.026041666666666668
2 0.04548611111111111 0.6309895833333333 0.09097222222222222 0.022395833333333334
2 0.035069444444444445 0.6669270833333333 0.07013888888888889 0.021354166666666667
2 0.036458333333333336 0.7041666666666667 0.07291666666666667 0.021875
2 0.03854166666666667 0.7348958333333333 0.07708333333333334 0.021875
2 0.03229166666666667 0.8026041666666667 0.06458333333333334 0.023958333333333335
2 0.03993055555555555 0.9309895833333334 0.0798611111111111 0.0328125
2 0.025694444444444443 0.9645833333333333 0.05138888888888889 0.028125
1 0.029513888888888888 0.7716145833333333 0.059027777777777776 0.018229166666666668
2 0.7702152777777778 0.8005937500000001 0.3793194444444443 0.035893229166666644
2 0.7701388888888889 0.852046875 0.33541666666666664 0.029880208333333276
2 0.7672083333333333 0.895625 0.2955243055555555 0.025546875000000094
1 0.7877291666666668 0.9300052083333333 0.2310173611111111 0.0253177083333334
1 0.8013888888888889 0.9947916666666666 0.25972222222222224 0.010416666666666666
3 0.7893541666666667 0.965421875 0.2611874999999999 0.026531250000000027