2 0.3704861111111111 0.06927083333333334 0.04236111111111111 0.008333333333333333
2 0.3680555555555556 0.078125 0.0375 0.00625
2 0.36875 0.1015625 0.03888888888888889 0.010416666666666666
3 0.2388888888888889 0.6674479166666667 0.22083333333333333 0.12864583333333332
3 0.25729166666666664 0.7721354166666666 0.1840277777777778 0.0203125
3 0.2847222222222222 0.7903645833333334 0.12916666666666668 0.009895833333333333
2 0.2798611111111111 0.80546875 0.1388888888888889 0.015104166666666667
2 0.2829861111111111 0.82578125 0.1326388888888889 0.0171875
2 0.28680555555555554 0.8421875 0.125 0.011458333333333333
2 0.2826388888888889 0.8544270833333333 0.13333333333333333 0.011979166666666667
2 0.28715277777777776 0.86640625 0.12430555555555556 0.0078125
2 0.2878472222222222 0.87890625 0.12291666666666666 0.0109375
2 0.29305555555555557 0.8901041666666667 0.1125 0.007291666666666667
2 0.2982638888888889 0.9010416666666666 0.10208333333333333 0.007291666666666667
2 0.30104166666666665 0.9122395833333333 0.09652777777777778 0.0078125