3 0.8263052208835341 0.7454887218045113 0.3473895582329317 0.03984962406015038
3 0.8458835341365462 0.48721804511278194 0.30823293172690763 0.05112781954887218
3 0.8428714859437751 0.4432330827067669 0.3142570281124498 0.035338345864661655
3 0.8825301204819277 0.09661654135338346 0.23493975903614459 0.027819548872180452
2 0.8383534136546185 0.8992481203007519 0.3232931726907631 0.058646616541353384
2 0.8418674698795181 0.8428571428571429 0.31626506024096385 0.05263157894736842
2 0.8263052208835341 0.7958646616541354 0.3473895582329317 0.05338345864661654
2 0.8333333333333334 0.6921052631578948 0.3333333333333333 0.03984962406015038
2 0.8393574297188755 0.6432330827067669 0.321285140562249 0.0518796992481203
2 0.8569277108433735 0.5898496240601504 0.286144578313253 0.035338345864661655
2 0.858433734939759 0.544360902255639 0.28313253012048195 0.04661654135338346
2 0.8734939759036144 0.39924812030075185 0.25301204819277107 0.01804511278195489
2 0.9136546184738956 0.2774436090225564 0.17269076305220885 0.0481203007518797
2 0.9216867469879518 0.2349624060150376 0.1566265060240964 0.02330827067669173
2 0.9031124497991968 0.20075187969924813 0.19377510040160642 0.03458646616541353
2 0.9267068273092369 0.1620300751879699 0.1465863453815261 0.032330827067669175
2 0.9106425702811245 0.12330827067669173 0.178714859437751 0.015037593984962405
2 0.8910642570281124 0.0518796992481203 0.2178714859437751 0.02706766917293233
2 0.8905622489959839 0.018796992481203006 0.21887550200803213 0.02406015037593985
1 0.8348393574297188 0.9522556390977444 0.33032128514056225 0.05037593984962406
1 0.856425702811245 0.36578947368421055 0.28714859437751006 0.030827067669172932
0 0.876004016064257 0.3319548872180451 0.24799196787148595 0.032330827067669175