3 0.7791666666666667 0.6747395833333333 0.3472222222222222 0.027604166666666666
3 0.7829861111111112 0.49557291666666664 0.3013888888888889 0.035416666666666666
3 0.7684027777777778 0.46510416666666665 0.2798611111111111 0.024479166666666666
3 0.7954861111111111 0.225 0.22430555555555556 0.019270833333333334
3 0.7802083333333333 0.14296875 0.2375 0.022395833333333334
2 0.7795138888888888 0.9744791666666667 0.3402777777777778 0.03697916666666667
2 0.7829861111111112 0.9328125 0.32916666666666666 0.044270833333333336
2 0.7697916666666667 0.89765625 0.3215277777777778 0.04114583333333333
2 0.7725694444444444 0.8609375 0.33611111111111114 0.0375
2 0.7763888888888889 0.7809895833333333 0.30972222222222223 0.040625
2 0.7722222222222223 0.7419270833333333 0.2916666666666667 0.036458333333333336
2 0.7569444444444444 0.709375 0.30277777777777776 0.03697916666666667
2 0.7642361111111111 0.6375 0.2986111111111111 0.027604166666666666
2 0.7579861111111111 0.6036458333333333 0.26944444444444443 0.0359375
2 0.7746527777777777 0.5669270833333333 0.25416666666666665 0.024479166666666666
2 0.7715277777777778 0.53515625 0.24444444444444444 0.03229166666666667
2 0.7756944444444445 0.43463541666666666 0.2111111111111111 0.0125
2 0.8229166666666666 0.3502604166666667 0.19375 0.0328125
2 0.8284722222222223 0.32083333333333336 0.18263888888888888 0.016666666666666666
2 0.8104166666666667 0.29713541666666665 0.19722222222222222 0.0234375
2 0.8197916666666667 0.27057291666666666 0.15069444444444444 0.022395833333333334
2 0.8024305555555555 0.24348958333333334 0.16180555555555556 0.010416666666666666
2 0.7875 0.19427083333333334 0.18472222222222223 0.01875
2 0.7805555555555556 0.17083333333333334 0.1736111111111111 0.016666666666666666
1 0.7763888888888889 0.8174479166666667 0.31805555555555554 0.034895833333333334
1 0.7888888888888889 0.41171875 0.2833333333333333 0.021354166666666667
0 0.7899305555555556 0.3880208333333333 0.23194444444444445 0.022395833333333334