3 0.03888888888888889 0.03984375 0.07777777777777778 0.033854166666666664
3 0.03958333333333333 0.07005208333333333 0.07916666666666666 0.0234375
3 0.025 0.3919270833333333 0.05 0.021354166666666667
1 0.027777777777777776 0.1234375 0.05555555555555555 0.01875
2 0.7146805555555554 0.09626041666666667 0.46507986111111105 0.05444270833333332
2 0.7141874999999999 0.138875 0.4314479166666667 0.026229166666666675
2 0.7138888888888889 0.23158854166666665 0.4395833333333333 0.02570833333333328
2 0.7078402777777778 0.26455208333333335 0.4027777777777778 0.02615885416666662
2 0.7043680555555555 0.3051822916666667 0.3969236111111111 0.021552083333333392
2 0.7009930555555555 0.3422395833333333 0.4078368055555556 0.021408854166666675
2 0.7153749999999999 0.43076562500000004 0.3639895833333333 0.021536458333333404
2 0.7246041666666666 0.4564375 0.3615069444444444 0.021468750000000016
2 0.7077361111111111 0.4950572916666667 0.3230173611111111 0.02497135416666675
1 0.7168680555555556 0.18931770833333333 0.4426597222222223 0.03627083333333333
1 0.7064513888888888 0.39193229166666665 0.35565625 0.02221093749999999
2 0.8510416666666667 0.5356770833333333 0.29791666666666666 0.030729166666666665
2 0.8493055555555555 0.5708333333333333 0.3013888888888889 0.030208333333333334
2 0.8635416666666667 0.5997395833333333 0.27291666666666664 0.019270833333333334
2 0.8631944444444445 0.6270833333333333 0.27361111111111114 0.017708333333333333
2 0.8659722222222223 0.6591145833333333 0.26805555555555555 0.022395833333333334
2 0.8680555555555556 0.6921875 0.2638888888888889 0.026041666666666668
2 0.8694444444444445 0.7208333333333333 0.2611111111111111 0.027083333333333334
2 0.8621944444444444 0.7525156249999999 0.23796180555555552 0.023177083333333334
2 0.8578680555555555 0.7857395833333333 0.22808680555555552 0.021791666666666744
2 0.8570972222222223 0.8187864583333333 0.2219131944444445 0.02353385416666664
2 0.8514652777777779 0.8503333333333334 0.2264652777777777 0.02313281249999998
2 0.8605694444444445 0.8778229166666667 0.23919791666666662 0.0185052083333332
2 0.8520069444444444 0.9074010416666667 0.22152777777777777 0.027364583333333314
1 0.565125 0.646421875 0.21929166666666663 0.021109374999999986
1 0.5671458333333333 0.6805729166666666 0.24768402777777784 0.021895833333333316
1 0.5645972222222222 0.7082395833333333 0.22407291666666665 0.022419270833333373
1 0.5619722222222222 0.7350989583333334 0.2050138888888889 0.020455729166666714
1 0.5629791666666667 0.76171875 0.21944444444444444 0.019302083333333307
1 0.5635972222222222 0.7882291666666668 0.22878125000000005 0.019710937500000133
1 0.5664513888888889 0.81103125 0.22291666666666668 0.016645833333333353
1 0.5680694444444444 0.8347604166666667 0.21790277777777775 0.019947916666666524
1 0.5697708333333333 0.864046875 0.20215972222222223 0.02417708333333337