3 0.7329861111111111 0.290625 0.03680555555555556 0.2604166666666667
3 0.49409722222222224 0.2877604166666667 0.04722222222222222 0.22604166666666667
3 0.4534722222222222 0.2986979166666667 0.03263888888888889 0.20989583333333334
3 0.13333333333333333 0.27838541666666666 0.025694444444444443 0.16822916666666668
3 0.023958333333333335 0.28984375 0.029861111111111113 0.178125
2 0.978125 0.2953125 0.04375 0.2520833333333333
2 0.8746527777777777 0.29270833333333335 0.05416666666666667 0.23229166666666667
2 0.8225694444444445 0.29583333333333334 0.04861111111111111 0.21875
2 0.7791666666666667 0.3072916666666667 0.049305555555555554 0.22708333333333333
2 0.6833333333333333 0.30182291666666666 0.03680555555555556 0.22395833333333334
2 0.6381944444444444 0.3065104166666667 0.04791666666666667 0.20208333333333334
2 0.5892361111111111 0.29401041666666666 0.03263888888888889 0.190625
2 0.546875 0.29635416666666664 0.043055555555555555 0.18333333333333332
2 0.4128472222222222 0.29322916666666665 0.016666666666666666 0.15833333333333333
2 0.3003472222222222 0.2578125 0.04375 0.1453125
2 0.2611111111111111 0.25364583333333335 0.022222222222222223 0.13697916666666668
2 0.22951388888888888 0.2671875 0.03125 0.14791666666666667
2 0.19409722222222223 0.26015625 0.029861111111111113 0.11302083333333333
2 0.1579861111111111 0.27317708333333335 0.013888888888888888 0.12135416666666667
2 0.09236111111111112 0.284375 0.025 0.13854166666666667
2 0.06111111111111111 0.28958333333333336 0.022222222222222223 0.13020833333333334
1 0.9232638888888889 0.29270833333333335 0.04652777777777778 0.23854166666666668
1 0.38229166666666664 0.2833333333333333 0.02847222222222222 0.2125
0 0.3506944444444444 0.2825520833333333 0.029861111111111113 0.17395833333333333