3 0.15138888888888888 0.28072916666666664 0.30277777777777776 0.025
3 0.14282638888888885 0.46020833333333333 0.2827152777777777 0.032778645833333425
3 0.15740972222222224 0.4906510416666666 0.2516979166666667 0.02161197916666661
2 0.1486111111111111 0.02265625 0.2972222222222222 0.04114583333333333
2 0.1557847222222222 0.058140624999999994 0.3078715277777777 0.039450520833333336
2 0.15902777777777777 0.09479166666666666 0.31805555555555554 0.036458333333333336
2 0.14922916666666666 0.1746875 0.27361111111111114 0.03545052083333336
2 0.15331944444444442 0.21375520833333334 0.2659722222222222 0.033429687500000034
2 0.1688263888888889 0.24639583333333334 0.26936805555555565 0.03314322916666666
2 0.16150000000000003 0.318140625 0.27854861111111107 0.025895833333333347
2 0.1675902777777778 0.35217187499999997 0.24853472222222228 0.03244010416666671
2 0.1509236111111111 0.3888125 0.22376388888888882 0.021101562499999935
2 0.15424305555555556 0.42052604166666663 0.2373472222222222 0.031291666666666745
2 0.1499236111111111 0.5211406249999999 0.18318055555555554 0.01043229166666677
2 0.10285416666666668 0.6054114583333334 0.18371875000000004 0.031046875000000067
2 0.09729861111111113 0.6348697916666667 0.17746875000000004 0.01611979166666681
2 0.11535416666666667 0.6586562499999999 0.17569444444444443 0.02069531249999983
2 0.10555555555555556 0.67734375 0.1361111111111111 0.0046875
1 0.153125 0.13802083333333334 0.30625 0.034375
1 0.13695833333333335 0.5440729166666666 0.26334722222222223 0.019536458333333447
0 0.13572222222222222 0.5676822916666667 0.21311805555555555 0.019994791666666602
3 0.6236111111111111 0.5747395833333333 0.24722222222222223 0.022395833333333334
3 0.6100694444444444 0.603125 0.22013888888888888 0.019791666666666666
2 0.6388888888888888 0.075 0.2777777777777778 0.023958333333333335
2 0.6420138888888889 0.10807291666666667 0.28402777777777777 0.027604166666666666
2 0.6329861111111111 0.14869791666666668 0.2659722222222222 0.021354166666666667
2 0.6340277777777777 0.1859375 0.26805555555555555 0.021875
2 0.6329861111111111 0.27421875 0.2659722222222222 0.022395833333333334
2 0.628125 0.29973958333333334 0.25625 0.0203125
2 0.615625 0.3385416666666667 0.23125 0.025
2 0.6142361111111111 0.36953125 0.22847222222222222 0.021354166666666667
2 0.6125 0.40572916666666664 0.225 0.022916666666666665
2 0.6048611111111111 0.4427083333333333 0.20972222222222223 0.020833333333333332
2 0.6076388888888888 0.4734375 0.2152777777777778 0.020833333333333332
2 0.6041666666666666 0.5411458333333333 0.20833333333333334 0.023958333333333335
2 0.5888888888888889 0.6380208333333334 0.17777777777777778 0.020833333333333332
2 0.609375 0.6666666666666666 0.21875 0.026041666666666668
1 0.640625 0.0328125 0.28125 0.03229166666666667
1 0.6177083333333333 0.23541666666666666 0.23541666666666666 0.020833333333333332
1 0.6010416666666667 0.51015625 0.20208333333333334 0.018229166666666668
2 0.1486111111111111 0.9200520833333333 0.2972222222222222 0.0328125
2 0.13923611111111112 0.9645833333333333 0.27847222222222223 0.023958333333333335
2 0.1638888888888889 0.9932291666666667 0.2972222222222222 0.013541666666666667
3 0.17743055555555556 0.7213541666666666 0.3548611111111111 0.030208333333333334
3 0.19027777777777777 0.7580729166666667 0.38055555555555554 0.0390625
3 0.16527777777777777 0.8010416666666667 0.33055555555555555 0.029166666666666667
3 0.16875 0.8364583333333333 0.3375 0.029166666666666667
3 0.17465277777777777 0.8739583333333333 0.34930555555555554 0.03125
1 0.18680555555555556 0.6861979166666666 0.3736111111111111 0.013020833333333334