3 0.22075694444444444 0.3253697916666667 0.35084722222222225 0.02834375000000004
3 0.21713194444444442 0.5044791666666667 0.3050138888888889 0.03586979166666673
3 0.23171527777777778 0.534921875 0.28325694444444444 0.024994791666666554
3 0.20463194444444446 0.774921875 0.22754861111111108 0.02003645833333323
3 0.2196736111111111 0.8569322916666666 0.2406666666666667 0.022718749999999944
2 0.22044444444444444 0.02549479166666667 0.3440555555555555 0.037385416666666664
2 0.21697222222222218 0.06728125 0.3324861111111111 0.044572916666666657
2 0.23009027777777777 0.10241145833333333 0.3247708333333333 0.041921875000000004
2 0.22754861111111108 0.13916666666666666 0.3397361111111111 0.037880208333333346
2 0.2235347222222222 0.2189583333333333 0.31319444444444444 0.041213541666666666
2 0.227625 0.2580260416666667 0.2951388888888889 0.037171875
2 0.24313194444444444 0.2906666666666667 0.3060972222222222 0.03764062499999999
2 0.2358055555555556 0.3624114583333334 0.30223611111111115 0.028354166666666694
2 0.24189583333333337 0.39644270833333334 0.27276388888888886 0.036234374999999965
2 0.22522916666666665 0.4330833333333333 0.2579444444444444 0.025015624999999986
2 0.22854861111111113 0.464796875 0.24761111111111106 0.032895833333333374
2 0.22422916666666665 0.5654114583333333 0.21427777777777773 0.013052083333333304
2 0.17715972222222223 0.6496822916666667 0.19729861111111113 0.03344791666666656
2 0.17160416666666667 0.679140625 0.1861875 0.017135416666666715
2 0.18965972222222224 0.7029270833333333 0.20069444444444445 0.024203124999999895
2 0.18025 0.7294947916666668 0.15409027777777776 0.02293229166666677
2 0.19745138888888888 0.75640625 0.16535416666666666 0.010786458333333353
2 0.2126527777777778 0.8058125 0.18804166666666663 0.01932291666666662
2 0.21944444444444444 0.829078125 0.17693055555555554 0.017244791666666735
1 0.2237638888888889 0.18251041666666667 0.32137499999999997 0.03544270833333331
1 0.21126388888888892 0.5883437499999999 0.28711111111111115 0.021885416666666657
0 0.21002777777777779 0.611953125 0.23526388888888888 0.022802083333333438