3 0.832520325203252 0.7289634146341464 0.33495934959349594 0.03231707317073171
3 0.8483739837398374 0.5195121951219512 0.3032520325203252 0.041463414634146344
3 0.8459349593495935 0.48384146341463413 0.308130081300813 0.028658536585365855
3 0.8780487804878049 0.2027439024390244 0.24390243902439024 0.022560975609756097
3 0.8654471544715447 0.10670731707317073 0.26910569105691057 0.025609756097560974
2 0.8349593495934959 0.9829268292682927 0.3300813008130081 0.03414634146341464
2 0.8321138211382114 0.9469512195121951 0.3357723577235772 0.04390243902439024
2 0.8422764227642277 0.8536585365853658 0.3154471544715447 0.0475609756097561
2 0.8451219512195122 0.8079268292682927 0.3097560975609756 0.042682926829268296
2 0.832520325203252 0.7698170731707317 0.33495934959349594 0.043292682926829265
2 0.8382113821138212 0.6856707317073171 0.3235772357723577 0.03231707317073171
2 0.843089430894309 0.6460365853658536 0.31382113821138213 0.04207317073170732
2 0.8573170731707317 0.6027439024390244 0.28536585365853656 0.028658536585365855
2 0.8585365853658536 0.5658536585365853 0.28292682926829266 0.03780487804878049
2 0.8643170731707318 0.44781097560975613 0.24679674796747963 0.01467073170731704
2 0.9032520325203252 0.349390243902439 0.19349593495934958 0.03902439024390244
2 0.9097560975609756 0.3149390243902439 0.18048780487804877 0.018902439024390243
2 0.8947154471544716 0.2871951219512195 0.2105691056910569 0.02804878048780488
2 0.9138211382113821 0.2557926829268293 0.17235772357723578 0.02621951219512195
2 0.8956666666666667 0.22420731707317076 0.18952032520325213 0.012018292682926852
2 0.877869918699187 0.16636585365853654 0.2160813008130082 0.022012195121951163
2 0.8699186991869918 0.13912804878048785 0.2030731707317072 0.019579268292683003
1 0.8394308943089431 0.8966463414634146 0.32113821138211385 0.04085365853658537
1 0.8569105691056911 0.42103658536585364 0.2861788617886179 0.025
0 0.8727642276422765 0.3935975609756098 0.25447154471544714 0.02621951219512195