3 0.22075694444444444 0.6746302083333333 0.35084722222222225 0.027822916666666704
3 0.21713194444444442 0.4955208333333333 0.3050138888888889 0.035348958333333395
3 0.23171527777777778 0.465078125 0.28325694444444444 0.02447395833333322
3 0.20463194444444446 0.22507812500000005 0.22754861111111108 0.019515624999999894
3 0.2196736111111111 0.14306770833333335 0.2406666666666667 0.02219791666666661
2 0.22044444444444444 0.9745052083333333 0.3440555555555555 0.03686458333333344
2 0.21697222222222218 0.9327187499999999 0.3324861111111111 0.0440520833333333
2 0.23009027777777777 0.8975885416666666 0.3247708333333333 0.041401041666666555
2 0.22754861111111108 0.8608333333333333 0.3397361111111111 0.03735937500000001
2 0.2235347222222222 0.7810416666666666 0.31319444444444444 0.04069270833333339
2 0.227625 0.7419739583333332 0.2951388888888889 0.03665104166666661
2 0.24313194444444444 0.7093333333333334 0.3060972222222222 0.03711979166666666
2 0.2358055555555556 0.6375885416666667 0.30223611111111115 0.027833333333333363
2 0.24189583333333337 0.6035572916666666 0.27276388888888886 0.035713541666666515
2 0.22522916666666665 0.5669166666666666 0.2579444444444444 0.024494791666666533
2 0.22854861111111113 0.5352031250000001 0.24761111111111106 0.032374999999999925
2 0.22422916666666665 0.4345885416666667 0.21427777777777773 0.012531249999999971
2 0.17715972222222223 0.35031770833333326 0.19729861111111113 0.03292708333333323
2 0.17160416666666667 0.320859375 0.1861875 0.01661458333333338
2 0.18965972222222224 0.29707291666666674 0.20069444444444445 0.023682291666666563
2 0.18025 0.2705052083333333 0.15409027777777776 0.022411458333333436
2 0.19745138888888888 0.24359375000000003 0.16535416666666666 0.01026562500000002
2 0.2126527777777778 0.19418749999999996 0.18804166666666663 0.018802083333333285
2 0.21944444444444444 0.17092187500000003 0.17693055555555554 0.0167239583333334
1 0.2237638888888889 0.8174895833333333 0.32137499999999997 0.034921875000000095
1 0.21126388888888892 0.41165625000000006 0.28711111111111115 0.021364583333333322
0 0.21002777777777779 0.38804687499999996 0.23526388888888888 0.022281250000000103