3 0.14444444444444443 0.18815104166666666 0.28888888888888886 0.06901041666666669
3 0.1173611111111111 0.6354166666666666 0.2347222222222222 0.08854166666666674
3 0.12152777777777776 0.7115885416666666 0.24305555555555552 0.06119791666666674
2 0.12291666666666666 0.03255208333333333 0.24583333333333332 0.06510416666666666
2 0.14444444444444443 0.10091145833333333 0.28888888888888886 0.09244791666666666
2 0.13472222222222222 0.2805989583333333 0.26944444444444443 0.06901041666666663
2 0.12638888888888888 0.365234375 0.25277777777777777 0.08984375
2 0.10208333333333333 0.45768229166666663 0.20416666666666666 0.06119791666666663
2 0.1 0.5364583333333333 0.2 0.08072916666666669
2 0.07916666666666666 0.7877604166666666 0.15833333333333333 0.03125
1 0.10277777777777777 0.845703125 0.20555555555555555 0.05338541666666674
0 0.07569444444444444 0.904296875 0.15138888888888888 0.05598958333333326