3 0.8384194053208138 0.6755568581477139 0.32316118935837246 0.031066822977725676
3 0.8536776212832551 0.4742086752637749 0.29264475743348983 0.03985932004689332
3 0.8513302034428795 0.43991793669402113 0.297339593114241 0.027549824150058615
3 0.8822378716744914 0.16969519343493553 0.23552425665101723 0.021688159437280186
3 0.8701095461658842 0.07737397420867527 0.2597809076682316 0.0246189917936694
2 0.8458528951486698 0.966295427901524 0.3082942097026604 0.049824150058616644
2 0.8407668231611893 0.9267291910902696 0.31846635367762127 0.04689331770222743
2 0.8380281690140845 0.8851113716295428 0.323943661971831 0.04220398593200469
2 0.8478090766823161 0.7954279015240329 0.30438184663536777 0.04572098475967175
2 0.8505477308294209 0.7514654161781946 0.29890453834115804 0.041031652989449004
2 0.8384194053208138 0.7148300117233294 0.32316118935837246 0.041617819460726846
2 0.8438967136150235 0.6339390386869871 0.31220657276995306 0.031066822977725676
2 0.8485915492957746 0.5958382180539273 0.3028169014084507 0.04044548651817116
2 0.8622848200312989 0.5542203985932005 0.27543035993740217 0.027549824150058615
2 0.8634585289514867 0.518757327080891 0.2730829420970266 0.03634232121922626
2 0.8686306729264477 0.4052813599062134 0.23752738654147101 0.014103165298944868
2 0.9064945226917058 0.3106682297772567 0.18701095461658843 0.03751465416178194
2 0.912754303599374 0.27754982415005863 0.17449139280125195 0.01817116060961313
2 0.8982785602503912 0.2508792497069168 0.20344287949921752 0.026963657678780773
2 0.9166666666666666 0.22069167643610785 0.16666666666666666 0.025205158264947247
2 0.8988028169014085 0.1903282532239156 0.18240219092331778 0.011553341148886304
2 0.8816744913928012 0.13472450175849937 0.2079655712050079 0.021160609613130075
2 0.8740219092331768 0.10854044548651821 0.19544600938967124 0.01882180539273161
1 0.8450704225352113 0.8367526377491208 0.30985915492957744 0.03927315357561548
1 0.8618935837245696 0.3795427901524033 0.2762128325508607 0.02403282532239156
0 0.877151799687011 0.35316529894490034 0.24569640062597808 0.025205158264947247