3 0.22075694444444444 0.6746302083333333 0.359875 0.029906250000000037
3 0.21713194444444442 0.4955208333333333 0.31404166666666666 0.03743229166666673
3 0.23171527777777778 0.465078125 0.29228472222222224 0.026557291666666552
3 0.20463194444444446 0.22507812500000005 0.23657638888888885 0.02159895833333323
3 0.2196736111111111 0.14306770833333335 0.2496944444444445 0.024281249999999942
2 0.22044444444444444 0.9745052083333333 0.3530833333333333 0.03894791666666677
2 0.21697222222222218 0.9327187499999999 0.3415138888888889 0.04613541666666663
2 0.23009027777777777 0.8975885416666666 0.3337986111111111 0.04348437499999989
2 0.22754861111111108 0.8608333333333333 0.34876388888888893 0.03944270833333334
2 0.2235347222222222 0.7810416666666666 0.32222222222222224 0.04277604166666672
2 0.227625 0.7419739583333332 0.30416666666666664 0.038734374999999946
2 0.24313194444444444 0.7093333333333334 0.315125 0.03920312499999999
2 0.2358055555555556 0.6375885416666667 0.3112638888888889 0.029916666666666696
2 0.24189583333333337 0.6035572916666666 0.28179166666666666 0.03779687499999985
2 0.22522916666666665 0.5669166666666666 0.26697222222222217 0.026578124999999866
2 0.22854861111111113 0.5352031250000001 0.25663888888888886 0.03445833333333326
2 0.22422916666666665 0.4345885416666667 0.2233055555555555 0.014614583333333304
2 0.17715972222222223 0.35031770833333326 0.2063263888888889 0.035010416666666565
2 0.17160416666666667 0.320859375 0.19521527777777778 0.018697916666666713
2 0.18965972222222224 0.29707291666666674 0.20972222222222223 0.025765624999999896
2 0.18025 0.2705052083333333 0.16311805555555556 0.024494791666666772
2 0.19745138888888888 0.24359375000000003 0.17438194444444446 0.012348958333333352
2 0.2126527777777778 0.19418749999999996 0.19706944444444444 0.020885416666666618
2 0.21944444444444444 0.17092187500000003 0.1859583333333333 0.018807291666666733
1 0.2237638888888889 0.8174895833333333 0.33040277777777777 0.03700520833333343
1 0.21126388888888892 0.41165625000000006 0.29613888888888895 0.02344791666666666
0 0.21002777777777779 0.38804687499999996 0.24429166666666666 0.024364583333333436