3 0.1858974358974359 0.6884180790960452 0.3717948717948718 0.029943502824858758
3 0.17923831070889892 0.49401129943502825 0.3274660633484163 0.03834463276836165
3 0.19507541478129714 0.46098870056497177 0.3038386123680241 0.026548022598869934
3 0.16566365007541478 0.20064971751412433 0.24334087481146302 0.021169491525423616
3 0.18199849170437404 0.11168926553672319 0.2575867269984917 0.02407909604519768
2 0.1790648567119155 0.9682598870056497 0.35730015082956257 0.04778531073446324
2 0.1933107088989442 0.9301525423728813 0.34892156862745094 0.04490960451977389
2 0.19055052790346905 0.8902824858757062 0.3651734539969834 0.04052542372881357
2 0.1861915535444947 0.803728813559322 0.33634992458521873 0.04414124293785317
2 0.1906334841628959 0.7613502824858757 0.3167420814479638 0.03975706214689259
2 0.207473604826546 0.7259435028248588 0.32864253393665155 0.04026553672316383
2 0.1995173453996984 0.6481186440677966 0.32444947209653097 0.030192090395480257
2 0.20613122171945705 0.6112033898305085 0.29244343891402713 0.038740112994350116
2 0.1880316742081448 0.5714576271186441 0.2763499245852187 0.026570621468926473
2 0.19163650075414781 0.5370564971751413 0.26512820512820506 0.035118644067796655
2 0.18694570135746605 0.42791525423728816 0.22892911010558065 0.01359322033898302
2 0.13582956259426848 0.336502824858757 0.2104901960784314 0.03571751412429367
2 0.12979638009049774 0.30454802259887004 0.1984238310708899 0.01802259887005655
2 0.14940422322775265 0.27874576271186446 0.21417797888386123 0.02568926553672305
2 0.13918552036199094 0.2499265536723163 0.16356711915535443 0.02431073446327695
2 0.1578657616892911 0.22073446327683618 0.17579939668174963 0.011135593220339003
2 0.1743740573152338 0.16714124293785307 0.20043740573152335 0.02039548022598865
2 0.1817496229260935 0.14190395480225992 0.1883710407239819 0.01814124293785318
1 0.18644042232277527 0.8432655367231638 0.3452337858220211 0.03788135593220349
1 0.17286576168929113 0.40303954802259895 0.3080241327300151 0.023175141242937843
0 0.1715233785822021 0.37742937853107345 0.2517194570135746 0.02416949152542384