3 0.08263888888888889 0.04140625 0.16527777777777777 0.030729166666666665
3 0.09236111111111112 0.07161458333333333 0.18472222222222223 0.0234375
3 0.0625 0.30625 0.125 0.007291666666666667
2 0.08333333333333333 0.00859375 0.16666666666666666 0.0171875
2 0.06736111111111111 0.10234375 0.13472222222222222 0.0109375
2 0.04027777777777778 0.18645833333333334 0.08055555555555556 0.029166666666666667
2 0.03888888888888889 0.21588541666666666 0.07777777777777778 0.016145833333333335
2 0.05 0.23958333333333334 0.1 0.021875
2 0.035416666666666666 0.26614583333333336 0.07083333333333333 0.021875
2 0.046875 0.29296875 0.09375 0.009895833333333333
1 0.08194444444444444 0.125 0.1638888888888889 0.019791666666666666
0 0.06631944444444444 0.14869791666666668 0.1326388888888889 0.0203125
2 0.29450000000000004 0.6958906250000001 0.21479861111111123 0.011994791666666652
2 0.2967430555555555 0.7353541666666668 0.17056597222222222 0.011552083333333367
2 0.2923611111111111 0.7532604166666667 0.16773611111111109 0.01231770833333338
2 0.29246527777777775 0.7896822916666667 0.16479861111111124 0.011593750000000114
2 0.2978611111111111 0.86471875 0.1616979166666667 0.010914062499999962
2 0.3044861111111111 0.9197760416666667 0.13819444444444445 0.012281249999999962
0 0.29631250000000003 0.67265625 0.203045138888889 0.017125000000000057
0 0.2959374999999999 0.7713802083333333 0.2043263888888889 0.009317708333333266
0 0.29102777777777783 0.8095677083333332 0.18595138888888887 0.014453125
0 0.3019236111111111 0.9556770833333333 0.1840277777777778 0.008999999999999867
0 0.2957291666666667 0.9920625 0.1603090277777778 0.014013020833333438
3 0.2964722222222222 0.7154427083333333 0.17756249999999987 0.013999999999999938
3 0.2970625 0.9378854166666667 0.15907986111111114 0.009158854166666685
1 0.29914583333333333 0.8280625 0.1553402777777778 0.014841145833333276
1 0.2987152777777778 0.8450104166666667 0.14866319444444448 0.014041666666666685
1 0.2986111111111111 0.88034375 0.18669791666666669 0.020166666666666562
1 0.3055 0.901859375 0.14113194444444446 0.013075520833333344
1 0.30651388888888886 0.972578125 0.13702083333333345 0.015526041666666638