3 0.14479166666666668 0.1884765625 0.28958333333333336 0.068359375
3 0.11770833333333333 0.6357421875 0.23541666666666666 0.087890625
3 0.121875 0.7119140625 0.24375 0.060546875
2 0.12291666666666666 0.0322265625 0.24583333333333332 0.064453125
2 0.14479166666666668 0.1005859375 0.28958333333333336 0.091796875
2 0.134375 0.2802734375 0.26875 0.068359375
2 0.12604166666666666 0.365234375 0.2520833333333333 0.08984375
2 0.10208333333333333 0.4580078125 0.20416666666666666 0.060546875
2 0.1 0.5361328125 0.2 0.080078125
2 0.07916666666666666 0.7880859375 0.15833333333333333 0.03125
1 0.103125 0.845703125 0.20625 0.052734375
0 0.07604166666666666 0.904296875 0.15208333333333332 0.056640625