2 0.16067708333333333 0.07447916666666667 0.32135416666666666 0.034375
2 0.12516145833333334 0.13308333333333333 0.22113020833333336 0.03703124999999997
2 0.138109375 0.1837604166666667 0.2107135416666667 0.024609375
2 0.146890625 0.21776562500000002 0.19114583333333332 0.027963541666666696
2 0.14911979166666667 0.25852083333333337 0.1716510416666667 0.023177083333333334
2 0.16891145833333335 0.29900000000000004 0.18199479166666663 0.021989583333333347
2 0.1596875 0.32734895833333333 0.17314062500000002 0.01321354166666661
2 0.31236458333333333 0.205984375 0.08072916666666667 0.18120572916666663
2 0.14583333333333334 0.665625 0.2916666666666667 0.03125
2 0.14427083333333332 0.6984375 0.28854166666666664 0.026041666666666668
2 0.13880208333333333 0.7911458333333333 0.27760416666666665 0.022916666666666665
2 0.13333333333333333 0.82421875 0.26666666666666666 0.024479166666666666
2 0.13463541666666667 0.86484375 0.26927083333333335 0.021354166666666667
2 0.13567708333333334 0.9018229166666667 0.2713541666666667 0.021354166666666667
2 0.13463541666666667 0.9895833333333334 0.26927083333333335 0.020833333333333332
1 0.15 0.7489583333333333 0.3 0.0375
1 0.13072916666666667 0.9515625 0.26145833333333335 0.023958333333333335
1 0.6628489583333333 0.7505624999999999 0.28078645833333327 0.03540364583333337
1 0.6684583333333334 0.8354635416666667 0.29884374999999985 0.03135416666666669
1 0.6700208333333334 0.94425 0.24623958333333332 0.031171874999999953
2 0.68359375 0.6651041666666667 0.28072916666666664 0.030208333333333334
2 0.6745364583333334 0.7039791666666666 0.27065885416666674 0.040554687500000006
2 0.6802083333333333 0.7917031250000001 0.30161979166666675 0.03203645833333333
0 0.6679375000000001 0.8695833333333333 0.29010416666666666 0.03341145833333326
0 0.671875 0.9052343749999999 0.2603020833333333 0.028382812499999945
0 0.6690416666666666 0.9778125000000001 0.25416666666666665 0.024166666666666597