2 0.13141145833333334 0.01945833333333334 0.1810260416666667 0.024739583333333332
2 0.151203125 0.05993750000000002 0.19293229166666664 0.02355208333333335
2 0.14197916666666668 0.08828645833333333 0.1741822916666667 0.01321354166666661
2 0.2942708333333333 0.028645833333333332 0.08125 0.057291666666666664
2 0.940625 0.346890625 0.11770833333333333 0.06973958333333338
1 0.7964322916666667 0.35928645833333334 0.13222135416666667 0.05557291666666669
2 0.18214062500000003 0.7989114583333332 0.32306510416666673 0.03559114583333335
2 0.16354166666666667 0.84728125 0.26435937499999995 0.03381250000000004
2 0.19107291666666668 0.8962447916666666 0.2573671875 0.03262760416666666
2 0.19613020833333336 0.93434375 0.28415104166666666 0.033080729166666836
2 0.180578125 0.9771354166666666 0.22053645833333338 0.027281250000000055
1 0.18333333333333332 0.40286458333333336 0.36666666666666664 0.0265625
1 0.1765625 0.43697916666666664 0.353125 0.051041666666666666
1 0.1734375 0.48671875 0.346875 0.04010416666666667
1 0.17552083333333332 0.5236979166666667 0.35104166666666664 0.0390625
3 0.17515104166666665 0.5792708333333334 0.33697916666666666 0.03566666666666667
3 0.16138541666666667 0.6209427083333333 0.28638281250000003 0.04021093749999996
3 0.1640625 0.6611979166666667 0.328125 0.027604166666666666
3 0.16927083333333334 0.7 0.3385416666666667 0.03125
3 0.16488020833333336 0.7450625 0.30297395833333335 0.03626041666666661