2 0.23393750000000002 0.9054947916666667 0.4344322916666667 0.14759375000000005
2 0.22776562499999997 0.780390625 0.39203645833333334 0.03565104166666657
2 0.22203645833333333 0.722125 0.2511145833333333 0.041770833333333236
2 0.234984375 0.6714479166666666 0.23236458333333332 0.02734375
2 0.24376562499999999 0.6374427083333333 0.2171875 0.03196875000000006
2 0.24599479166666666 0.5966874999999999 0.1948645833333333 0.0265625
2 0.2657864583333333 0.5562083333333334 0.1957604166666667 0.02418750000000003
2 0.2565625 0.527859375 0.18326041666666662 0.013927083333333456
2 0.4092395833333333 0.6492239583333334 0.08385416666666666 0.18636979166666662
3 0.8163697916666667 0.8559322916666666 0.35647395833333323 0.13605729166666666
3 0.83846875 0.7542135416666667 0.28013541666666675 0.029067708333333307
3 0.8491093749999999 0.7161145833333333 0.23147395833333326 0.030276041666666722
3 0.847546875 0.67734375 0.2000729166666666 0.022989583333333504
3 0.8107135416666666 0.6463125000000001 0.2677812499999999 0.022848958333333277
3 0.8293177083333333 0.6179583333333334 0.21272395833333324 0.019734375000000172
3 0.820984375 0.587375 0.20201041666666672 0.02286458333333338
3 0.6539427083333333 0.7104479166666666 0.059895833333333336 0.17255729166666664