2 0.23393750000000002 0.09450520833333333 0.4375572916666667 0.14759375
2 0.22776562499999997 0.219609375 0.3951614583333333 0.03565104166666669
2 0.22203645833333333 0.277875 0.25423958333333335 0.041770833333333354
2 0.234984375 0.32855208333333336 0.23548958333333334 0.02734375
2 0.24376562499999999 0.36255729166666667 0.2203125 0.03196875000000006
2 0.24599479166666666 0.4033125 0.19798958333333333 0.0265625
2 0.2657864583333333 0.4437916666666667 0.19888541666666668 0.02418750000000003
2 0.2565625 0.472140625 0.1863854166666666 0.013927083333333338
2 0.4092395833333333 0.35077604166666665 0.08697916666666666 0.18636979166666662
3 0.8163697916666667 0.14406770833333335 0.3595989583333333 0.13605729166666666
3 0.83846875 0.24578645833333335 0.28326041666666674 0.029067708333333366
3 0.8491093749999999 0.2838854166666666 0.23459895833333325 0.030276041666666722
3 0.847546875 0.32265625 0.2031979166666666 0.022989583333333386
3 0.8107135416666666 0.35368750000000004 0.27090624999999996 0.022848958333333277
3 0.8293177083333333 0.38204166666666667 0.21584895833333326 0.01973437500000005
3 0.820984375 0.412625 0.20513541666666674 0.02286458333333338
3 0.6539427083333333 0.2895520833333334 0.06302083333333333 0.17255729166666664