2 0.09453125 0.7661458333333333 0.14739583333333334 0.43385416666666665
2 0.21953125 0.7721354166666666 0.035416666666666666 0.39166666666666666
2 0.27786458333333336 0.7778645833333333 0.041666666666666664 0.25052083333333336
2 0.32864583333333336 0.7651041666666667 0.027083333333333334 0.23177083333333334
2 0.3625 0.75625 0.03177083333333333 0.21666666666666667
2 0.40338541666666666 0.75390625 0.0265625 0.19427083333333334
2 0.44375 0.7341145833333333 0.023958333333333335 0.1953125
2 0.47213541666666664 0.7434895833333334 0.0140625 0.1828125
2 0.35078125 0.5908854166666667 0.18645833333333334 0.08333333333333333
3 0.14401041666666667 0.18359375 0.1359375 0.35572916666666665
3 0.24583333333333332 0.16145833333333334 0.029166666666666667 0.2796875
3 0.2838541666666667 0.15078125 0.030208333333333334 0.23072916666666668
3 0.32265625 0.15234375 0.022916666666666665 0.19947916666666668
3 0.3536458333333333 0.18932291666666667 0.022916666666666665 0.2671875
3 0.38203125 0.17057291666666666 0.019791666666666666 0.21197916666666666
3 0.4125 0.17890625 0.022916666666666665 0.2015625
3 0.28958333333333336 0.34609375 0.17239583333333333 0.059375