2 0.7876157407407407 0.9348958333333334 0.42476851851851855 0.13020833333333334
2 0.8026620370370371 0.8130787037037037 0.39467592592592593 0.03935185185185185
2 0.8291030092592593 0.7479629629629629 0.27843749999999995 0.04641203703703693
2 0.8147164351851851 0.6916550925925925 0.2576041666666666 0.030381944444444444
2 0.8049594907407408 0.6538715277777777 0.24074074074074073 0.0355208333333334
2 0.8024826388888889 0.6085879629629629 0.21593749999999992 0.029513888888888888
2 0.7804918981481482 0.5636111111111111 0.21693287037037046 0.02687500000000003
2 0.7907407407407407 0.5321122685185186 0.20304398148148128 0.015474537037037042
2 0.621099537037037 0.6669618055555555 0.09259259259259259 0.20707754629629627
3 0.18344907407407407 0.8969907407407407 0.36689814814814814 0.15162037037037038
3 0.14988425925925927 0.7838541666666666 0.29976851851851855 0.031828703703703706
3 0.1323553240740741 0.7412847222222223 0.25661458333333326 0.03364004629629636
3 0.1340914351851852 0.6982060185185185 0.22172453703703696 0.02554398148148167
3 0.17501736111111116 0.6637268518518519 0.29695601851851844 0.025387731481481417
3 0.15434606481481483 0.6322222222222222 0.23578124999999991 0.021927083333333524
3 0.1636053240740741 0.5982407407407407 0.22387731481481488 0.025405092592592646
3 0.349207175925926 0.734988425925926 0.06597222222222222 0.19173032407407403