2 0.0546875 0.014583333333333334 0.109375 0.026041666666666668
2 0.05234375 0.04869791666666667 0.1046875 0.0296875
2 0.04895833333333333 0.08958333333333333 0.09791666666666667 0.025
2 0.06015625 0.12994791666666666 0.1203125 0.022395833333333334
2 0.05130208333333333 0.15833333333333333 0.10260416666666666 0.0125
2 0.1703125 0.06510416666666667 0.08333333333333333 0.13020833333333334
3 0.54296875 0.009895833333333333 0.05364583333333333 0.019791666666666666
3 0.51171875 0.04010416666666667 0.11614583333333334 0.019791666666666666
3 0.5296875 0.06822916666666666 0.08020833333333334 0.017708333333333333
3 0.5302083333333333 0.09895833333333333 0.07916666666666666 0.020833333333333332
3 0.41510416666666666 0.029427083333333333 0.057291666666666664 0.058854166666666666
2 0.2859375 0.6052083333333333 0.20520833333333333 0.010416666666666666
2 0.2838541666666667 0.6255520833333333 0.19375 0.01617968750000003
2 0.283390625 0.6494583333333334 0.1885989583333333 0.020234374999999954
2 0.283796875 0.6781666666666666 0.1774296875 0.01340885416666661
2 0.2713541666666667 0.7011406250000001 0.16620312500000006 0.021455729166666514
1 0.07864583333333333 0.60703125 0.14270833333333333 0.0140625
1 0.07951562500000003 0.6283333333333334 0.140625 0.018703125000000043
1 0.0805 0.6452916666666667 0.14606249999999996 0.019052083333333296
3 0.46973437500000004 0.7341145833333333 0.1629635416666666 0.06822916666666666
3 0.5059895833333333 0.8052083333333333 0.12760416666666666 0.03854166666666667
3 0.53125 0.8432291666666667 0.07708333333333334 0.029166666666666667