2 0.23393750000000002 0.9054947916666667 0.442765625 0.14551041666666673
2 0.22776562499999997 0.780390625 0.4003697916666667 0.03356770833333324
2 0.22203645833333333 0.722125 0.25944791666666667 0.0396874999999999
2 0.234984375 0.6714479166666666 0.24069791666666665 0.025260416666666667
2 0.24376562499999999 0.6374427083333333 0.22552083333333334 0.029885416666666723
2 0.24599479166666666 0.5966874999999999 0.20319791666666667 0.024479166666666666
2 0.2657864583333333 0.5562083333333334 0.20409375000000002 0.022104166666666696
2 0.2565625 0.527859375 0.19159374999999995 0.011843750000000123
2 0.4092395833333333 0.6492239583333334 0.0921875 0.1842864583333333
3 0.8163697916666667 0.8559322916666666 0.3648072916666666 0.13397395833333334
3 0.83846875 0.7542135416666667 0.28846875000000005 0.02698437499999997
3 0.8491093749999999 0.7161145833333333 0.2398072916666666 0.02819270833333339
3 0.847546875 0.67734375 0.20840624999999993 0.02090625000000017
3 0.8107135416666666 0.6463125000000001 0.2761145833333333 0.020765624999999944
3 0.8293177083333333 0.6179583333333334 0.22105729166666657 0.017651041666666836
3 0.820984375 0.587375 0.21034375000000008 0.020781250000000046
3 0.6539427083333333 0.7104479166666666 0.06822916666666666 0.17047395833333331