2 0.1829739583333333 0.05398437499999999 0.3520078125 0.03188802083333334
2 0.17724479166666668 0.11224999999999999 0.22685937500000003 0.03755208333333331
2 0.19019270833333335 0.16292708333333336 0.20758854166666668 0.024088541666666668
2 0.1989739583333333 0.19693229166666668 0.19947916666666668 0.029526041666666693
2 0.201203125 0.2376875 0.17529687500000002 0.023697916666666666
2 0.22099479166666666 0.2781666666666667 0.190328125 0.023031250000000014
2 0.21177083333333335 0.306515625 0.1819947916666667 0.013734374999999943
2 0.36444791666666665 0.18515104166666668 0.071875 0.16141406249999998
3 0.7098958333333333 0.07994791666666666 0.08020833333333334 0.025520833333333333
3 0.7247395833333333 0.11822916666666666 0.050520833333333334 0.027083333333333334
3 0.7268229166666667 0.15677083333333333 0.04635416666666667 0.022916666666666665
3 0.6966145833333334 0.18802083333333333 0.10677083333333333 0.020833333333333332
3 0.7190104166666667 0.21614583333333334 0.06197916666666667 0.017708333333333333
3 0.7192708333333333 0.246875 0.06145833333333333 0.019791666666666666
3 0.6091510416666667 0.12392708333333337 0.05416666666666667 0.15815364583333333
3 0.44453125 0.6486979166666667 0.4505208333333333 0.0578125
3 0.453125 0.7087864583333333 0.4140625 0.05930729166666673
2 0.4703125 0.7895260416666666 0.34739583333333335 0.035359375000000054
2 0.458203125 0.8404427083333333 0.288671875 0.036536458333333265
2 0.47239583333333335 0.8927916666666665 0.26875 0.022221354166666648
2 0.42825520833333336 0.9282135416666667 0.2936197916666667 0.03212239583333343
2 0.44479166666666664 0.978875 0.2625 0.03772656249999997
2 0.821875 0.8231770833333333 0.14375 0.033854166666666664
2 0.8140625 0.8580729166666666 0.128125 0.028645833333333332
2 0.8114583333333333 0.8932291666666666 0.12291666666666666 0.029166666666666667
2 0.8125 0.9221354166666667 0.125 0.019270833333333334
2 0.8161458333333333 0.9494791666666667 0.13229166666666667 0.016666666666666666
2 0.8083333333333333 0.9815104166666667 0.11666666666666667 0.021354166666666667