2 0.23393750000000002 0.09450520833333333 0.4375572916666667 0.14707291666666666
2 0.22776562499999997 0.219609375 0.3951614583333333 0.03513020833333336
2 0.22203645833333333 0.277875 0.25423958333333335 0.04125000000000002
2 0.234984375 0.32855208333333336 0.23548958333333334 0.026822916666666665
2 0.24376562499999999 0.36255729166666667 0.2203125 0.03144791666666672
2 0.24599479166666666 0.4033125 0.19798958333333333 0.026041666666666668
2 0.2657864583333333 0.4437916666666667 0.19888541666666668 0.023666666666666693
2 0.2565625 0.472140625 0.1863854166666666 0.013406250000000005
2 0.4092395833333333 0.35077604166666665 0.08697916666666666 0.1858489583333333
3 0.8163697916666667 0.14406770833333335 0.3595989583333333 0.13553645833333333
3 0.83846875 0.24578645833333335 0.28326041666666674 0.02854687500000003
3 0.8491093749999999 0.2838854166666666 0.23459895833333325 0.02975520833333339
3 0.847546875 0.32265625 0.2031979166666666 0.02246875000000005
3 0.8107135416666666 0.35368750000000004 0.27090624999999996 0.022328124999999942
3 0.8293177083333333 0.38204166666666667 0.21584895833333326 0.01921354166666672
3 0.820984375 0.412625 0.20513541666666674 0.022343750000000048
3 0.6539427083333333 0.2895520833333334 0.06302083333333333 0.1720364583333333