2 0.90546875 0.23385416666666667 0.14739583333333334 0.43385416666666665
2 0.78046875 0.22786458333333334 0.035416666666666666 0.39166666666666666
2 0.7221354166666667 0.22213541666666667 0.041666666666666664 0.25052083333333336
2 0.6713541666666667 0.23489583333333333 0.027083333333333334 0.23177083333333334
2 0.6375 0.24375 0.03177083333333333 0.21666666666666667
2 0.5966145833333333 0.24609375 0.0265625 0.19427083333333334
2 0.55625 0.26588541666666665 0.023958333333333335 0.1953125
2 0.5278645833333333 0.2565104166666667 0.0140625 0.1828125
2 0.64921875 0.40911458333333334 0.18645833333333334 0.08333333333333333
3 0.8559895833333333 0.81640625 0.1359375 0.35572916666666665
3 0.7541666666666667 0.8385416666666666 0.029166666666666667 0.2796875
3 0.7161458333333334 0.84921875 0.030208333333333334 0.23072916666666668
3 0.67734375 0.84765625 0.022916666666666665 0.19947916666666668
3 0.6463541666666667 0.8106770833333333 0.022916666666666665 0.2671875
3 0.61796875 0.8294270833333334 0.019791666666666666 0.21197916666666666
3 0.5875 0.82109375 0.022916666666666665 0.2015625
3 0.7104166666666667 0.65390625 0.17239583333333333 0.059375