2 0.7767548906789413 0.9246260069044879 0.44649021864211735 0.15074798619102417
2 0.7917146144994246 0.7928653624856157 0.41657077100115075 0.039125431530494824
2 0.8059205983889528 0.7281242807825087 0.27683544303797464 0.046144994246259965
2 0.7916168009205984 0.6721403912543152 0.2561219792865362 0.030207134637514385
2 0.7819159953970081 0.6345742232451093 0.23935558112773303 0.03531645569620259
2 0.7794533947065593 0.5895512082853854 0.2146950517836593 0.029344073647871116
2 0.7575891829689299 0.5448331415420022 0.21568469505178373 0.026720368239355613
2 0.7677790563866513 0.5135155350978136 0.20187571921749117 0.015385500575373998
2 0.5991139240506329 0.6475891829689298 0.09205983889528194 0.20588607594936706
3 0.17318757192174913 0.8762945914844649 0.34637514384349827 0.15074798619102417
3 0.13981588032220943 0.7638089758342923 0.27963176064441886 0.03164556962025317
3 0.12054085155350978 0.7218066743383199 0.24108170310701957 0.03394706559263521
3 0.11490794016110474 0.6786536248561565 0.22044879171461443 0.025397008055236092
3 0.15559838895281936 0.6443728423475259 0.295247410817031 0.025241657077100053
3 0.13504602991944767 0.6130494821634063 0.2344246260069044 0.02180092059838914
3 0.14425201380897584 0.5792635212888377 0.22258918296892988 0.025258918296893033
3 0.3287859608745685 0.7152243958573072 0.06559263521288838 0.19062715765247407