2 0.23393750000000002 0.9054947916666667 0.43599479166666666 0.14759375000000005
2 0.22776562499999997 0.780390625 0.39359895833333336 0.03565104166666657
2 0.22203645833333333 0.722125 0.25267708333333333 0.041770833333333236
2 0.234984375 0.6714479166666666 0.2339270833333333 0.02734375
2 0.24376562499999999 0.6374427083333333 0.21875 0.03196875000000006
2 0.24599479166666666 0.5966874999999999 0.19642708333333334 0.0265625
2 0.2657864583333333 0.5562083333333334 0.19732291666666668 0.02418750000000003
2 0.2565625 0.527859375 0.18482291666666661 0.013927083333333456
2 0.4092395833333333 0.6492239583333334 0.08541666666666667 0.18636979166666662
3 0.8163697916666667 0.8559322916666666 0.35803645833333325 0.13605729166666666
3 0.83846875 0.7542135416666667 0.2816979166666667 0.029067708333333307
3 0.8491093749999999 0.7161145833333333 0.23303645833333325 0.030276041666666722
3 0.847546875 0.67734375 0.2016354166666666 0.022989583333333504
3 0.8107135416666666 0.6463125000000001 0.26934374999999994 0.022848958333333277
3 0.8293177083333333 0.6179583333333334 0.21428645833333324 0.019734375000000172
3 0.820984375 0.587375 0.20357291666666674 0.02286458333333338
3 0.6539427083333333 0.7104479166666666 0.06145833333333333 0.17255729166666664