2 0.14451114922813035 0.9682675814751286 0.2890222984562607 0.0634648370497427
2 0.14751286449399656 0.8872212692967409 0.2950257289879931 0.045454545454545456
2 0.14879931389365353 0.83147512864494 0.29759862778730706 0.05231560891938251
2 0.14108061749571182 0.7645797598627787 0.28216123499142365 0.04373927958833619
2 0.15780445969125215 0.6976843910806175 0.3156089193825043 0.04030874785591767
2 0.145368782161235 0.6509433962264151 0.29073756432247 0.022298456260720412
2 0.3910806174957118 0.8486277873070326 0.137221269296741 0.3027444253859348
3 0.9163807890222985 0.8456260720411664 0.1672384219554031 0.03773584905660377
3 0.9541166380789022 0.7993138936535163 0.09176672384219554 0.032590051457975985
3 0.9515437392795884 0.7487135506003431 0.09691252144082332 0.03773584905660377
3 0.7941680960548885 0.9048027444253859 0.09777015437392796 0.19039451114922812