2 0.793728423475259 0.08457997698504027 0.41254315304948214 0.16340621403912542
2 0.8086881472957422 0.22266973532796316 0.38262370540851554 0.039125431530494824
2 0.8398676639815881 0.2874108170310702 0.27683544303797464 0.0461449942462601
2 0.8255638665132335 0.3433947065592636 0.2561219792865362 0.030207134637514385
2 0.8158630609896432 0.3809608745684695 0.23935558112773303 0.03531645569620259
2 0.8134004602991945 0.4259838895281933 0.2146950517836593 0.029344073647871116
2 0.791536248561565 0.47070195627157657 0.21568469505178373 0.026720368239355613
2 0.8017261219792866 0.5020195627157652 0.20187571921749117 0.015385500575373998
2 0.6330609896432681 0.367945914844649 0.09205983889528194 0.20588607594936706
3 0.19016110471806674 0.13924050632911392 0.3803222094361335 0.15074798619102417
3 0.15888377445339477 0.25196202531645573 0.3088952819332567 0.03211162255466056
3 0.1471288837744534 0.2940506329113924 0.25513808975834285 0.03344649021864218
3 0.14885500575373994 0.3368814729574223 0.22044879171461443 0.02539700805523596
3 0.18954545454545457 0.37116225546605297 0.295247410817031 0.025241657077100053
3 0.16899309551208289 0.4024856156501726 0.2344246260069044 0.02180092059838901
3 0.17819907940161106 0.4362715765247411 0.22258918296892988 0.025258918296893033
3 0.36273302646720373 0.30031070195627163 0.06559263521288838 0.19062715765247407