2 0.7661458333333333 0.90546875 0.43385416666666665 0.14739583333333334
2 0.7721354166666666 0.78046875 0.39166666666666666 0.035416666666666666
2 0.7778645833333333 0.7221354166666667 0.25052083333333336 0.041666666666666664
2 0.7651041666666667 0.6713541666666667 0.23177083333333334 0.027083333333333334
2 0.75625 0.6375 0.21666666666666667 0.03177083333333333
2 0.75390625 0.5966145833333333 0.19427083333333334 0.0265625
2 0.7341145833333333 0.55625 0.1953125 0.023958333333333335
2 0.7434895833333334 0.5278645833333333 0.1828125 0.0140625
2 0.5908854166666667 0.64921875 0.08333333333333333 0.18645833333333334
3 0.18359375 0.8559895833333333 0.35572916666666665 0.1359375
3 0.16145833333333334 0.7541666666666667 0.2796875 0.029166666666666667
3 0.15078125 0.7161458333333334 0.23072916666666668 0.030208333333333334
3 0.15234375 0.67734375 0.19947916666666668 0.022916666666666665
3 0.18932291666666667 0.6463541666666667 0.2671875 0.022916666666666665
3 0.17057291666666666 0.61796875 0.21197916666666666 0.019791666666666666
3 0.17890625 0.5875 0.2015625 0.022916666666666665
3 0.34609375 0.7104166666666667 0.059375 0.17239583333333333