2 0.10601503759398496 0.12631578947368421 0.21203007518796993 0.05112781954887218
2 0.05075187969924812 0.21052631578947367 0.10150375939849623 0.06015037593984962
2 0.05338345864661654 0.28383458646616544 0.10676691729323308 0.03984962406015038
2 0.05451127819548872 0.33270676691729323 0.10902255639097744 0.04586466165413534
2 0.04774436090225564 0.3913533834586466 0.09548872180451128 0.038345864661654135
2 0.062406015037593986 0.45 0.12481203007518797 0.035338345864661655
2 0.05150375939849624 0.49097744360902257 0.10300751879699248 0.019548872180451128
2 0.19153383458646617 0.31615789473684214 0.12030075187969924 0.2690451127819548
3 0.7609022556390977 0.05789473684210526 0.4781954887218045 0.11578947368421053
3 0.8045112781954887 0.16428571428571428 0.39097744360902253 0.041353383458646614
3 0.8265338345864661 0.21959398496240598 0.3334060150375939 0.04370676691729331
3 0.8242781954887218 0.27556390977443607 0.2880751879699247 0.03318796992481211
3 0.7711052631578947 0.3203609022556391 0.38581954887218034 0.03298496240601496
3 0.7979624060150375 0.3612932330827068 0.3063383458646615 0.028488721804511355
3 0.7859323308270676 0.4054436090225564 0.2908721804511279 0.03300751879699255
3 0.5447894736842105 0.2277744360902256 0.08571428571428572 0.2491052631578947