2 0.19230769230769232 0.01073345259391771 0.38461538461538464 0.02146690518783542
2 0.12656529516994633 0.09123434704830054 0.25313059033989266 0.07155635062611806
2 0.129695885509839 0.17844364937388194 0.259391771019678 0.04740608228980322
2 0.1310375670840787 0.23658318425760286 0.2620751341681574 0.05456171735241502
2 0.12298747763864043 0.30635062611806796 0.24597495527728086 0.04561717352415027
2 0.1404293381037567 0.3761180679785331 0.2808586762075134 0.04203935599284436
2 0.1274597495527728 0.42486583184257604 0.2549194991055456 0.023255813953488372
2 0.36023255813953486 0.21689624329159213 0.14311270125223613 0.3200626118067978
3 0.9284436493738819 0.03622540250447227 0.14311270125223613 0.049194991055456175
3 0.9584078711985689 0.10152057245080501 0.08318425760286226 0.052772808586762074
3 0.9101073345259392 0.22182468694096602 0.17978533094812166 0.03935599284436494
3 0.9494633273703041 0.2701252236135957 0.10107334525939177 0.03398926654740608
3 0.9467799642218246 0.3228980322003578 0.10644007155635063 0.03935599284436494
3 0.7799642218246869 0.129695885509839 0.10196779964221825 0.259391771019678