2 0.23393750000000002 0.09450520833333333 0.43547395833333336 0.14811458333333333
2 0.22776562499999997 0.219609375 0.393078125 0.03617187500000003
2 0.22203645833333333 0.277875 0.25215624999999997 0.04229166666666669
2 0.234984375 0.32855208333333336 0.23340624999999998 0.027864583333333335
2 0.24376562499999999 0.36255729166666667 0.21822916666666667 0.03248958333333339
2 0.24599479166666666 0.4033125 0.19590625 0.027083333333333334
2 0.2657864583333333 0.4437916666666667 0.19680208333333335 0.024708333333333363
2 0.2565625 0.472140625 0.18430208333333328 0.014447916666666671
2 0.4092395833333333 0.35077604166666665 0.08489583333333334 0.18689062499999995
3 0.8163697916666667 0.14406770833333335 0.3575156249999999 0.13657812500000002
3 0.83846875 0.24578645833333335 0.2811770833333334 0.029588541666666697
3 0.8491093749999999 0.2838854166666666 0.23251562499999992 0.030796875000000057
3 0.847546875 0.32265625 0.20111458333333326 0.023510416666666718
3 0.8107135416666666 0.35368750000000004 0.2688229166666666 0.023369791666666608
3 0.8293177083333333 0.38204166666666667 0.2137656249999999 0.020255208333333385
3 0.820984375 0.412625 0.2030520833333334 0.023385416666666714
3 0.6539427083333333 0.2895520833333334 0.0609375 0.17307812499999997