3 0.3059895833333333 0.04192708333333333 0.28802083333333334 0.08385416666666666
3 0.33098958333333334 0.12421875 0.23802083333333332 0.027604166666666666
3 0.35234375 0.1625 0.1953125 0.026041666666666668
3 0.35379687499999996 0.20130208333333333 0.18935937499999986 0.021911458333333418
3 0.3169635416666666 0.23233333333333336 0.2315468750000001 0.01975781249999997
3 0.3355677083333333 0.2606875 0.1925598958333334 0.017679687500000086
3 0.32723437499999997 0.2912708333333333 0.18199479166666682 0.020286458333333358
3 0.1601927083333333 0.1681979166666667 0.058854166666666666 0.17169531249999997
1 0.42864583333333334 0.8794270833333333 0.042708333333333334 0.019270833333333334
1 0.4401041666666667 0.91640625 0.019791666666666666 0.018229166666666668
3 0.43828125 0.96328125 0.0234375 0.0234375
3 0.4348958333333333 0.98828125 0.030208333333333334 0.0234375
3 0.39010416666666664 0.9549479166666667 0.027083333333333334 0.09010416666666667
2 0.3880208333333333 0.5984375 0.12395833333333334 0.017708333333333333
2 0.4080729166666667 0.6315104166666666 0.08385416666666666 0.0296875
2 0.41744791666666664 0.66484375 0.06510416666666667 0.027604166666666666
2 0.3747135416666667 0.6837864583333333 0.08589062500000004 0.030645833333333292
2 0.4140625 0.7197916666666667 0.071875 0.034375
2 0.3756145833333333 0.7577447916666666 0.1 0.03651041666666662
2 0.35819270833333333 0.7988020833333334 0.08030208333333337 0.032447916666666646
2 0.34985937500000003 0.836015625 0.059848958333333376 0.029223958333333282
2 0.35411979166666663 0.8602447916666667 0.04753645833333332 0.017083333333333308
2 0.347015625 0.88221875 0.05416666666666667 0.026942708333333343
2 0.34445833333333337 0.9022916666666667 0.03958333333333333 0.02163020833333332
2 0.34445833333333337 0.9291874999999999 0.04336979166666666 0.022395833333333334
2 0.3338541666666667 0.9525833333333333 0.037312500000000054 0.02183333333333337
2 0.33030208333333333 0.9716197916666667 0.04441145833333333 0.020890625000000065
2 0.3223958333333333 0.9966145833333333 0.036458333333333336 0.0067708333333333336