2 0.027604166666666666 0.14140625 0.05520833333333333 0.0234375
2 0.017708333333333333 0.16979166666666667 0.035416666666666666 0.013541666666666667
2 0.1015625 0.06588541666666667 0.075 0.13177083333333334
1 0.6776041666666667 0.24296875 0.17630208333333333 0.012760416666666666
1 0.6776041666666667 0.2559895833333333 0.20338541666666668 0.0125
1 0.6861979166666666 0.26848958333333334 0.18177083333333333 0.015104166666666667
1 0.6950520833333333 0.28151041666666665 0.16197916666666667 0.011458333333333333
1 0.7044270833333334 0.29401041666666666 0.13645833333333332 0.011197916666666667
1 0.7080729166666667 0.30625 0.14244791666666667 0.0109375
1 0.7091145833333333 0.31744791666666666 0.14036458333333332 0.01171875
1 0.7140625 0.32786458333333335 0.12473958333333333 0.009895833333333333
1 0.7174479166666666 0.3385416666666667 0.11276041666666667 0.0109375
1 0.7200520833333334 0.3489583333333333 0.11744791666666667 0.0109375
1 0.7252604166666666 0.35963541666666665 0.09921875 0.006510416666666667
0 0.7361979166666667 0.37135416666666665 0.08203125 0.012239583333333333
0 0.74765625 0.38359375 0.06171875 0.00703125
0 0.7447916666666666 0.39427083333333335 0.0625 0.00703125
0 0.746875 0.40520833333333334 0.06354166666666666 0.00703125
0 0.7338541666666667 0.4161458333333333 0.08515625 0.007291666666666667
0 0.72421875 0.4270833333333333 0.10572916666666667 0.008072916666666667
0 0.7276041666666667 0.4390625 0.10520833333333333 0.01015625
0 0.728125 0.4484375 0.10390625 0.008072916666666667
0 0.7286458333333333 0.45755208333333336 0.10286458333333333 0.00859375
0 0.7307291666666667 0.4674479166666667 0.09895833333333333 0.00859375
0 0.7252604166666666 0.47630208333333335 0.10989583333333333 0.009635416666666667
0 0.6552083333333333 0.48359375 0.08958333333333333 0.014583333333333334
2 0.08177083333333333 0.6973958333333333 0.16354166666666667 0.023958333333333335
2 0.0734375 0.7864583333333334 0.146875 0.029166666666666667
2 0.07213541666666666 0.81796875 0.14427083333333332 0.025520833333333333
2 0.09294270833333333 0.8717291666666667 0.08011458333333336 0.021541666666666733
0 0.10963541666666667 0.5994791666666667 0.21927083333333333 0.14791666666666667
3 0.07630208333333334 0.7489583333333333 0.15260416666666668 0.034375