2 0.23393750000000002 0.09450520833333333 0.434953125 0.14759375
2 0.22776562499999997 0.219609375 0.3925572916666667 0.03565104166666669
2 0.22203645833333333 0.277875 0.25163541666666667 0.041770833333333354
2 0.234984375 0.32855208333333336 0.23288541666666665 0.02734375
2 0.24376562499999999 0.36255729166666667 0.21770833333333334 0.03196875000000006
2 0.24599479166666666 0.4033125 0.19538541666666667 0.0265625
2 0.2657864583333333 0.4437916666666667 0.19628125000000002 0.02418750000000003
2 0.2565625 0.472140625 0.18378124999999995 0.013927083333333338
2 0.4092395833333333 0.35077604166666665 0.084375 0.18636979166666662
3 0.8163697916666667 0.14406770833333335 0.3569947916666666 0.13605729166666666
3 0.83846875 0.24578645833333335 0.28065625000000005 0.029067708333333366
3 0.8491093749999999 0.2838854166666666 0.2319947916666666 0.030276041666666722
3 0.847546875 0.32265625 0.20059374999999993 0.022989583333333386
3 0.8107135416666666 0.35368750000000004 0.2683020833333333 0.022848958333333277
3 0.8293177083333333 0.38204166666666667 0.21324479166666657 0.01973437500000005
3 0.820984375 0.412625 0.20253125000000008 0.02286458333333338
3 0.6539427083333333 0.2895520833333334 0.06041666666666667 0.17255729166666664