2 0.23385416666666667 0.09453125 0.43385416666666665 0.14739583333333334
2 0.22786458333333334 0.21953125 0.39166666666666666 0.035416666666666666
2 0.22213541666666667 0.27786458333333336 0.25052083333333336 0.041666666666666664
2 0.23489583333333333 0.32864583333333336 0.23177083333333334 0.027083333333333334
2 0.24375 0.3625 0.21666666666666667 0.03177083333333333
2 0.24609375 0.40338541666666666 0.19427083333333334 0.0265625
2 0.26588541666666665 0.44375 0.1953125 0.023958333333333335
2 0.2565104166666667 0.47213541666666664 0.1828125 0.0140625
2 0.40911458333333334 0.35078125 0.08333333333333333 0.18645833333333334
3 0.81640625 0.14401041666666667 0.35572916666666665 0.1359375
3 0.8385416666666666 0.24583333333333332 0.2796875 0.029166666666666667
3 0.84921875 0.2838541666666667 0.23072916666666668 0.030208333333333334
3 0.84765625 0.32265625 0.19947916666666668 0.022916666666666665
3 0.8106770833333333 0.3536458333333333 0.2671875 0.022916666666666665
3 0.8294270833333334 0.38203125 0.21197916666666666 0.019791666666666666
3 0.82109375 0.4125 0.2015625 0.022916666666666665
3 0.65390625 0.28958333333333336 0.059375 0.17239583333333333