2 0.721875 0.08255208333333333 0.446875 0.16510416666666666
2 0.74140625 0.19270833333333334 0.3932291666666667 0.0765625
2 0.753125 0.25 0.25364583333333335 0.06770833333333333
2 0.7455729166666667 0.30182291666666666 0.23333333333333334 0.0515625
2 0.7403645833333333 0.33645833333333336 0.21875 0.0546875
2 0.7424479166666667 0.37734375 0.19583333333333333 0.046875
2 0.7270833333333333 0.41953125 0.196875 0.044270833333333336
2 0.7390625 0.446875 0.18333333333333332 0.0328125
2 0.5747395833333333 0.3421875 0.10260416666666666 0.19427083333333334
3 0.16614583333333333 0.17890625 0.33229166666666665 0.17239583333333333
3 0.13854166666666667 0.28229166666666666 0.27708333333333335 0.058333333333333334
3 0.13020833333333334 0.3216145833333333 0.2328125 0.05416666666666667
3 0.1359375 0.35989583333333336 0.20104166666666667 0.04375
3 0.17578125 0.38697916666666665 0.2682291666666667 0.050520833333333334
3 0.16015625 0.4171875 0.21302083333333333 0.041666666666666664
3 0.17161458333333332 0.4466145833333333 0.20260416666666667 0.04375
3 0.325 0.3067708333333333 0.07708333333333334 0.17760416666666667