2 0.7864219114219114 0.9376456876456877 0.42715617715617715 0.1247086247086247
2 0.8015734265734266 0.8181818181818182 0.3968531468531469 0.039627039627039624
2 0.828490675990676 0.7526107226107226 0.2803846153846153 0.04673659673659663
2 0.8140034965034965 0.6959090909090908 0.25940559440559435 0.030594405594405596
2 0.8041783216783217 0.6578613053613053 0.24242424242424243 0.03576923076923083
2 0.8016841491841492 0.6122610722610722 0.21744755244755237 0.02972027972027972
2 0.7795396270396271 0.5669696969696969 0.21844988344988353 0.027062937062937095
2 0.7898601398601399 0.5352505827505828 0.20446386946386927 0.015582750582750588
2 0.619032634032634 0.6710431235431236 0.09324009324009325 0.20852564102564097
3 0.18152680652680653 0.9026806526806527 0.36305361305361306 0.15268065268065267
3 0.14772727272727273 0.7887529137529138 0.29545454545454547 0.03205128205128205
3 0.1282051282051282 0.7462121212121212 0.2564102564102564 0.034382284382284384
3 0.12861888111888115 0.7025058275058275 0.2232750582750582 0.025722610722610912
3 0.16983100233100237 0.6677855477855478 0.29903263403263397 0.025565268065268
3 0.14901515151515154 0.6360606060606061 0.23743006993006985 0.02208041958041977
3 0.15833916083916086 0.6018414918414918 0.2254428904428905 0.025582750582750637
3 0.3452389277389278 0.7395454545454545 0.06643356643356643 0.19307109557109553