2 0.23393750000000002 0.9054947916666667 0.44068229166666667 0.14811458333333338
2 0.22776562499999997 0.780390625 0.39828645833333337 0.0361718749999999
2 0.22203645833333333 0.722125 0.25736458333333334 0.042291666666666575
2 0.234984375 0.6714479166666666 0.23861458333333332 0.027864583333333335
2 0.24376562499999999 0.6374427083333333 0.2234375 0.03248958333333339
2 0.24599479166666666 0.5966874999999999 0.20111458333333332 0.027083333333333334
2 0.2657864583333333 0.5562083333333334 0.20201041666666666 0.024708333333333363
2 0.2565625 0.527859375 0.18951041666666663 0.01444791666666679
2 0.4092395833333333 0.6492239583333334 0.09010416666666667 0.18689062499999995
3 0.8163697916666667 0.8559322916666666 0.36272395833333326 0.13657812500000002
3 0.83846875 0.7542135416666667 0.2863854166666667 0.029588541666666638
3 0.8491093749999999 0.7161145833333333 0.23772395833333324 0.030796875000000057
3 0.847546875 0.67734375 0.2063229166666666 0.023510416666666836
3 0.8107135416666666 0.6463125000000001 0.27403124999999995 0.023369791666666608
3 0.8293177083333333 0.6179583333333334 0.21897395833333325 0.020255208333333503
3 0.820984375 0.587375 0.20826041666666673 0.023385416666666714
3 0.6539427083333333 0.7104479166666666 0.06614583333333333 0.17307812499999997