2 0.1578125 0.024479166666666666 0.315625 0.03229166666666667
2 0.130890625 0.08308333333333333 0.22894270833333336 0.03807291666666665
2 0.14383854166666668 0.1337604166666667 0.21956770833333336 0.025651041666666666
2 0.15261979166666664 0.167765625 0.209375 0.030567708333333363
2 0.15484895833333334 0.20852083333333335 0.18363020833333335 0.024739583333333332
2 0.174640625 0.24900000000000003 0.17105729166666664 0.02094791666666668
2 0.16541666666666668 0.27734895833333334 0.1757447916666667 0.01321354166666661
2 0.31809375 0.155984375 0.08125 0.1817265625
3 0.41015625 0.5278645833333333 0.19947916666666668 0.0765625
3 0.41901041666666666 0.5942708333333333 0.18177083333333333 0.042708333333333334
0 0.42942708333333335 0.6552083333333333 0.1609375 0.03125
0 0.43125 0.6989583333333333 0.15729166666666666 0.04895833333333333
0 0.4388020833333333 0.7484375 0.1421875 0.04479166666666667
0 0.45416666666666666 0.7921875 0.11145833333333334 0.03229166666666667
2 0.44140625 0.8401041666666667 0.13697916666666668 0.028125
2 0.44427083333333334 0.8859375 0.13125 0.04375
2 0.45416666666666666 0.93125 0.11145833333333334 0.035416666666666666
2 0.4625 0.9744791666666667 0.09479166666666666 0.03229166666666667
0 0.8877343750000001 0.7302291666666666 0.1471588541666667 0.01820052083333318
0 0.88759375 0.8856979166666666 0.15535156249999993 0.015377604166666715
2 0.9004270833333334 0.5701041666666666 0.18304947916666675 0.06124999999999995
2 0.896828125 0.617171875 0.1504270833333333 0.01802343750000001
2 0.9024635416666666 0.6382916666666667 0.13963020833333342 0.013385416666666572
2 0.8848020833333334 0.6533958333333333 0.13688541666666662 0.01779166666666659
2 0.892375 0.6737604166666666 0.12007552083333325 0.010312500000000094
2 0.8861458333333334 0.7121718749999999 0.13475781249999993 0.009184895833333448
2 0.8879166666666667 0.7503958333333334 0.09746614583333332 0.01196093749999984
2 0.8902760416666666 0.764046875 0.09670052083333332 0.007377604166666648
2 0.8845833333333334 0.8017135416666666 0.10972135416666665 0.011783854166666666
2 0.8812864583333334 0.8169270833333333 0.10124999999999992 0.015640624999999866
2 0.8840260416666667 0.835921875 0.09461718749999998 0.01258593749999998
2 0.8871875 0.8511979166666667 0.09326302083333324 0.010679687500000057
2 0.8868072916666667 0.866828125 0.08559114583333335 0.010854166666666743
1 0.8869427083333332 0.7828697916666666 0.09545052083333339 0.011755208333333418
3 0.8878489583333333 0.693140625 0.11684114583333335 0.01258593749999998