3 0.32421875 0.008072916666666667 0.19114583333333332 0.016145833333333335
3 0.3268229166666667 0.04114583333333333 0.1859375 0.022916666666666665
3 0.2966510416666666 0.07243750000000002 0.24248437500000009 0.020799479166666638
3 0.3152552083333333 0.10079166666666665 0.20870572916666674 0.018721354166666752
3 0.30692187499999996 0.131375 0.18720312500000016 0.02080729166666669
3 0.13984375 0.04479166666666667 0.05572916666666667 0.08958333333333333
2 0.4609375 0.33984375 0.08229166666666667 0.0234375
2 0.44088541666666664 0.3611979166666667 0.0421875 0.011979166666666667
2 0.44296875 0.3736979166666667 0.04635416666666667 0.0067708333333333336
2 0.44296875 0.38307291666666665 0.04635416666666667 0.0078125
2 0.4440104166666667 0.39427083333333335 0.0484375 0.009375
2 0.44817708333333334 0.40546875 0.05677083333333333 0.008854166666666666
2 0.4466145833333333 0.4158854166666667 0.05364583333333333 0.0067708333333333336
2 0.44114583333333335 0.42604166666666665 0.042708333333333334 0.00625
2 0.4466145833333333 0.4348958333333333 0.05364583333333333 0.004166666666666667
2 0.44635416666666666 0.4432291666666667 0.053125 0.008333333333333333
3 0.1859375 0.4875 0.1453125 0.030729166666666665