2 0.8516333938294011 0.9314882032667876 0.2967332123411978 0.13702359346642468
2 0.8752268602540835 0.7740471869328494 0.24954627949183303 0.06170598911070781
2 0.941923774954628 0.6724137931034483 0.1161524500907441 0.07259528130671507
2 0.9387477313974592 0.5839382940108893 0.12250453720508167 0.04809437386569873
2 0.9373865698729582 0.5249546279491834 0.12522686025408347 0.05535390199637023
2 0.9455535390199638 0.4541742286751361 0.1088929219600726 0.04627949183303085
2 0.927858439201452 0.3833938294010889 0.1442831215970962 0.0426497277676951
2 0.941016333938294 0.3339382940108893 0.11796733212341198 0.023593466424682397
2 0.7751905626134301 0.5449274047186933 0.14519056261343014 0.32470961887477306
3 0.1882940108892922 0.8933756805807622 0.3765880217785844 0.2132486388384755
3 0.13566243194192376 0.7282214156079855 0.2713248638838475 0.0499092558983666
3 0.10526315789473684 0.661978221415608 0.21052631578947367 0.05353901996370236
3 0.09301270417422867 0.5943738656987296 0.18602540834845735 0.039927404718693285
3 0.1542649727767695 0.5399274047186933 0.308529945553539 0.039927404718693285
3 0.11433756805807622 0.4909255898366606 0.22867513611615245 0.034482758620689655
3 0.11705989110707804 0.43738656987295826 0.23411978221415608 0.039927404718693285
3 0.348847549909256 0.6515970961887477 0.10344827586206896 0.300644283121597