2 0.10555555555555556 0.05234375 0.16527777777777777 0.0234375
2 0.10625 0.07734375 0.14444444444444443 0.01796875
2 0.10381944444444445 0.09661458333333334 0.1423611111111111 0.014322916666666666
2 0.10625 0.11848958333333333 0.134375 0.01953125
2 0.103125 0.13958333333333334 0.1375 0.022395833333333334
2 0.10486111111111111 0.16145833333333334 0.12743055555555555 0.019010416666666665
2 0.10381944444444445 0.18359375 0.11875 0.01953125
2 0.10416666666666667 0.2046875 0.09826388888888889 0.013020833333333334
2 0.09583333333333334 0.21822916666666667 0.1125 0.02578125
2 0.10625 0.24140625 0.09479166666666666 0.014322916666666666
2 0.10208333333333333 0.2565104166666667 0.10243055555555555 0.020833333333333332
2 0.10034722222222223 0.27682291666666664 0.09166666666666666 0.016666666666666666
2 0.10243055555555555 0.37473958333333335 0.09340277777777778 0.014322916666666666
2 0.10694444444444444 0.35885416666666664 0.090625 0.009114583333333334
2 0.10243055555555555 0.34427083333333336 0.07951388888888888 0.009114583333333334
2 0.10347222222222222 0.328125 0.06979166666666667 0.015104166666666667
2 0.1111111111111111 0.31276041666666665 0.08298611111111111 0.0125
2 0.10277777777777777 0.29661458333333335 0.07222222222222222 0.012239583333333333
3 0.203125 0.2669270833333333 0.06319444444444444 0.07630208333333334
2 0.3597222222222222 0.26458333333333334 0.21944444444444444 0.026041666666666668
2 0.3260416666666667 0.28489583333333335 0.15208333333333332 0.008333333333333333
2 0.32534722222222223 0.2955729166666667 0.12152777777777778 0.009895833333333333
2 0.32222222222222224 0.3046875 0.12361111111111112 0.0046875
2 0.3333333333333333 0.31197916666666664 0.14166666666666666 0.005989583333333334
2 0.3388888888888889 0.31979166666666664 0.12256944444444444 0.00390625
2 0.3298611111111111 0.32734375 0.12048611111111111 0.004427083333333333
1 0.32569444444444445 0.3328125 0.1486111111111111 0.007291666666666667
3 0.3177083333333333 0.34088541666666666 0.13541666666666666 0.008854166666666666
1 0.22916666666666666 0.540625 0.041666666666666664 0.017708333333333333
1 0.24166666666666667 0.5770833333333333 0.016666666666666666 0.01875
3 0.23923611111111112 0.6244791666666667 0.021527777777777778 0.023958333333333335
3 0.23680555555555555 0.6494791666666667 0.02638888888888889 0.022916666666666665
3 0.23159722222222223 0.6768229166666667 0.03680555555555556 0.0265625
3 0.22256944444444443 0.6989583333333333 0.05486111111111111 0.03229166666666667
3 0.22083333333333333 0.7265625 0.058333333333333334 0.022916666666666665
3 0.21215277777777777 0.74921875 0.07569444444444444 0.028645833333333332
3 0.18232638888888886 0.6215104166666666 0.03636111111111104 0.1012604166666667
3 0.1875 0.7908854166666667 0.125 0.0609375
3 0.17203472222222224 0.8454479166666666 0.07512500000000004 0.03681770833333336
3 0.23506944444444444 0.8447916666666667 0.029861111111111113 0.023958333333333335
2 0.13939583333333336 0.45973958333333337 0.1070694444444445 0.032447916666666646
2 0.12828472222222223 0.496953125 0.07979861111111117 0.029223958333333282
2 0.13396527777777775 0.5211822916666666 0.06338194444444444 0.017083333333333308
2 0.12449305555555554 0.5431562500000001 0.07222222222222222 0.026942708333333343
2 0.12108333333333335 0.5632291666666667 0.05277777777777778 0.02163020833333332
2 0.12108333333333335 0.590125 0.05782638888888888 0.022395833333333334
2 0.10694444444444444 0.6135208333333334 0.04975000000000007 0.02183333333333337
2 0.1022083333333333 0.6325572916666666 0.05921527777777776 0.020890625000000065
2 0.09185416666666665 0.6660364583333334 0.04861111111111111 0.02364583333333338
2 0.08794444444444444 0.6914635416666666 0.038256944444444385 0.020526041666666592
0 0.40381944444444445 0.45208333333333334 0.3076388888888889 0.011458333333333333
0 0.38298611111111114 0.45989583333333334 0.2659722222222222 0.00625
0 0.38472222222222224 0.4674479166666667 0.26944444444444443 0.0109375
0 0.3857638888888889 0.4786458333333333 0.27152777777777776 0.019791666666666666
0 0.38784722222222223 0.4986979166666667 0.27569444444444446 0.013020833333333334
0 0.3958333333333333 0.5158854166666667 0.2916666666666667 0.0171875
0 0.4076388888888889 0.53203125 0.31527777777777777 0.013020833333333334
0 0.4083333333333333 0.54296875 0.31666666666666665 0.013020833333333334
0 0.39826388888888886 0.5559895833333334 0.2965277777777778 0.008854166666666666