2 0.5791139240506329 0.11630434782608695 0.8417721518987342 0.07173913043478261
2 0.5835443037974684 0.19158695652173913 0.820253164556962 0.06054347826086955
2 0.5968354430379746 0.25028260869565216 0.8063291139240507 0.04752173913043481
2 0.5838607594936709 0.3157173913043478 0.8006329113924051 0.06971739130434781
2 0.5999050632911392 0.3793913043478261 0.7495569620253165 0.07371739130434789
2 0.5913291139240506 0.4455652173913044 0.7034493670886075 0.06317391304347826
2 0.5974367088607596 0.5126521739130435 0.6324683544303797 0.060695652173912956
2 0.5949367088607594 0.575695652173913 0.5515506329113923 0.04393478260869573
2 0.6387974683544304 0.6163913043478262 0.5994620253164558 0.08184782608695647
2 0.5847784810126582 0.6864347826086956 0.5673734177215191 0.051108695652173894
2 0.6064556962025316 0.7323913043478261 0.5781962025316457 0.06852173913043474
2 0.6141455696202531 0.7937391304347826 0.5176265822784811 0.0576739130434782
2 0.6044303797468354 0.9902173913043478 0.4177215189873418 0.01956521739130435
2 0.5983227848101266 0.9482608695652174 0.37750000000000006 0.04682608695652166
2 0.5596835443037975 0.9016739130434782 0.45930379746835437 0.0406086956521738
2 0.6028481012658228 0.8532173913043478 0.4226898734177214 0.04308695652173924
3 0.13449367088607594 0.7619565217391304 0.2689873417721519 0.25869565217391305