2 0.21145833333333333 0.042708333333333334 0.3277777777777778 0.019010416666666665
2 0.21284722222222222 0.06302083333333333 0.31319444444444444 0.015885416666666666
2 0.2076388888888889 0.07864583333333333 0.2701388888888889 0.011197916666666667
2 0.2125 0.09635416666666667 0.29583333333333334 0.017708333333333333
2 0.20625 0.11354166666666667 0.28715277777777776 0.019270833333333334
2 0.20972222222222223 0.13151041666666666 0.234375 0.014322916666666666
2 0.20729166666666668 0.14973958333333334 0.21319444444444444 0.0140625
2 0.20833333333333334 0.16666666666666666 0.19131944444444443 0.010677083333333334
2 0.19131944444444443 0.17760416666666667 0.203125 0.01875
2 0.21215277777777777 0.19661458333333334 0.20555555555555555 0.012760416666666666
2 0.20381944444444444 0.20911458333333333 0.2125 0.017447916666666667
2 0.20104166666666667 0.22552083333333334 0.19826388888888888 0.01484375
2 0.20451388888888888 0.30520833333333336 0.19826388888888888 0.012239583333333333
2 0.2142361111111111 0.2921875 0.19340277777777778 0.008072916666666667
2 0.2048611111111111 0.28046875 0.15069444444444444 0.00703125
2 0.20694444444444443 0.2671875 0.14548611111111112 0.012239583333333333
2 0.221875 0.2546875 0.15763888888888888 0.009635416666666667
2 0.20520833333333333 0.24166666666666667 0.16041666666666668 0.011197916666666667
3 0.4059027777777778 0.21744791666666666 0.12291666666666666 0.0609375