2 0.5489130434782609 0.038366336633663366 0.9021739130434783 0.07673267326732673
2 0.5377898550724638 0.11019801980198023 0.8581884057971015 0.0839356435643565
2 0.5476086956521738 0.18554455445544557 0.8053985507246375 0.07193069306930694
2 0.5406159420289854 0.26193069306930694 0.7241304347826087 0.06910891089108907
2 0.5434782608695652 0.3337128712871287 0.6314855072463766 0.05002475247524762
2 0.49326086956521736 0.3800495049504951 0.686340579710145 0.09319306930693064
2 0.5551086956521739 0.45980198019801977 0.6496014492753623 0.05819306930693067
2 0.5302898550724638 0.512128712871287 0.6619927536231885 0.07801980198019798
2 0.5214855072463769 0.5819801980198019 0.5926449275362319 0.0656683168316831
2 0.532608695652174 0.9179455445544555 0.5993840579710146 0.052995049504950695
2 0.5605434782608696 0.8631435643564356 0.6138768115942029 0.038143564356435566
2 0.533659420289855 0.8130940594059406 0.47721014492753616 0.033539603960395924
2 0.5396014492753624 0.7579207920792079 0.4322101449275363 0.053316831683168225
2 0.5838405797101449 0.7048762376237623 0.5258695652173913 0.04623762376237611
2 0.5344202898550725 0.6497029702970297 0.4839492753623188 0.049059405940594186