2 0.3971354166666667 0.888576512455516 0.7057291666666666 0.058451957295373606
2 0.39999999999999997 0.8271708185053381 0.6749999999999999 0.04955516014234879
2 0.38906250000000003 0.7791281138790036 0.6635416666666667 0.03889679715302494
2 0.3997395833333333 0.7255693950177936 0.6588541666666666 0.057064056939501666
2 0.38653645833333333 0.6734519572953737 0.6168229166666667 0.06033807829181509
2 0.39359374999999996 0.619288256227758 0.5788802083333332 0.051708185053380686
2 0.38856770833333326 0.5643772241992883 0.52046875 0.04967971530249103
2 0.390625 0.5127758007117438 0.45388020833333326 0.03596085409252676
2 0.35453124999999996 0.4794661921708185 0.4933072916666667 0.06699288256227753
2 0.398984375 0.422135231316726 0.46690104166666674 0.041832740213523116
2 0.38114583333333335 0.3845195729537367 0.47580729166666674 0.056085409252669007
2 0.37481770833333333 0.334306049822064 0.42596354166666667 0.047206405693950126
2 0.3828125 0.09279359430604978 0.4308072916666667 0.038096085409252814
2 0.402890625 0.13218861209964416 0.44122395833333333 0.02741992882562272
2 0.3835677083333333 0.16816725978647684 0.34299479166666663 0.024110320284697426
2 0.3878385416666667 0.20782918149466195 0.31065104166666674 0.03832740213523125
2 0.41963541666666665 0.24596085409252672 0.37796874999999996 0.03323843416370098
2 0.3841145833333333 0.2856227758007117 0.34783854166666667 0.035266903914590836
3 0.8106770833333333 0.35930604982206404 0.3036458333333334 0.21304270462633454