2 0.5572625698324022 0.08164750957854407 0.7569832402234636 0.06293103448275861
2 0.5541899441340782 0.14775862068965517 0.7240223463687151 0.05335249042145593
2 0.5659217877094972 0.19948275862068965 0.7117318435754191 0.04187739463601535
2 0.5544692737430168 0.2571455938697318 0.7067039106145251 0.06143678160919539
2 0.5686312849162011 0.3132567049808429 0.6616201117318437 0.06496168582375483
2 0.5610614525139666 0.37157088122605364 0.6209217877094971 0.05567049808429119
2 0.5664525139664806 0.43068965517241375 0.558268156424581 0.053486590038314095
2 0.5642458100558659 0.48624521072796933 0.4868435754189943 0.03871647509578551
2 0.6029608938547486 0.5221072796934866 0.5291340782122906 0.07212643678160915
2 0.5552793296089386 0.5838314176245211 0.5008100558659219 0.045038314176245195
2 0.574413407821229 0.6243295019157088 0.5103631284916202 0.060383141762452075
2 0.5812011173184357 0.6783908045977012 0.4568994413407822 0.05082375478927198
2 0.5726256983240223 0.9384099616858238 0.4620949720670392 0.04101532567049824
2 0.5510893854748603 0.8959961685823754 0.47326815642458103 0.029521072796934805
2 0.5718156424581006 0.8572605363984674 0.3679050279329608 0.02595785440613018
2 0.5672346368715083 0.8145593869731801 0.33321229050279344 0.041264367816091885
2 0.5331284916201118 0.7735057471264367 0.4054189944134078 0.03578544061302672
2 0.5712290502793296 0.7308045977011495 0.37310055865921776 0.03796934865900393
3 0.138268156424581 0.6503831417624522 0.276536312849162 0.22796934865900384