2 0.3391304347826087 0.01636904761904762 0.6782608695652174 0.03273809523809524
2 0.33043478260869563 0.07291666666666667 0.6608695652173913 0.08630952380952381
2 0.30217391304347824 0.1636904761904762 0.6043478260869565 0.08333333333333333
2 0.27608695652173915 0.25 0.5521739130434783 0.05952380952380952
2 0.2608695652173913 0.30654761904761907 0.5217391304347826 0.1130952380952381
2 0.28695652173913044 0.40327380952380953 0.5739130434782609 0.06845238095238096
2 0.27608695652173915 0.46577380952380953 0.5521739130434783 0.09226190476190477
2 0.25 0.5491071428571429 0.5 0.08035714285714286
2 0.25869565217391305 0.9538690476190477 0.5173913043478261 0.0625
2 0.28043478260869564 0.8883928571428571 0.5608695652173913 0.044642857142857144
2 0.22391304347826088 0.8273809523809523 0.44782608695652176 0.041666666666666664
2 0.21304347826086956 0.7604166666666666 0.4260869565217391 0.0625
2 0.2673913043478261 0.6979166666666666 0.5347826086956522 0.05654761904761905
2 0.22608695652173913 0.6309523809523809 0.45217391304347826 0.05952380952380952
3 0.8108695652173913 0.5074404761904762 0.3782608695652174 0.3541666666666667