2 0.20694444444444443 0.07421875 0.32222222222222224 0.03307291666666667
2 0.20833333333333334 0.10963541666666667 0.2875 0.025520833333333333
2 0.203125 0.13723958333333333 0.265625 0.019270833333333334
2 0.20833333333333334 0.16796875 0.27534722222222224 0.0296875
2 0.20208333333333334 0.19791666666666666 0.2513888888888889 0.0296875
2 0.20520833333333333 0.22916666666666666 0.259375 0.028125
2 0.203125 0.26067708333333334 0.21458333333333332 0.025520833333333333
2 0.20416666666666666 0.2903645833333333 0.18506944444444445 0.017447916666666667
2 0.1875 0.30963541666666666 0.2 0.03359375
2 0.20798611111111112 0.3424479166666667 0.19409722222222223 0.021354166666666667
2 0.1996527777777778 0.36432291666666666 0.18993055555555555 0.02734375
2 0.196875 0.39296875 0.17118055555555556 0.02265625
2 0.20034722222222223 0.53203125 0.190625 0.02109375
2 0.20972222222222223 0.509375 0.18680555555555556 0.0140625
2 0.20069444444444445 0.48854166666666665 0.15208333333333332 0.013020833333333334
2 0.20277777777777778 0.46588541666666666 0.128125 0.019270833333333334
2 0.21736111111111112 0.4440104166666667 0.16493055555555555 0.017708333333333333
2 0.20104166666666667 0.42109375 0.13784722222222223 0.01640625
3 0.3975694444444444 0.37864583333333335 0.12986111111111112 0.11354166666666667
3 0.7614583333333333 0.24609375 0.47708333333333336 0.059895833333333336
2 0.7548611111111111 0.07135416666666666 0.49027777777777776 0.06770833333333333
2 0.76875 0.14427083333333332 0.4625 0.052083333333333336
2 0.784375 0.30520833333333336 0.43125 0.03333333333333333
2 0.7777777777777778 0.36484375 0.4444444444444444 0.058854166666666666
2 0.8114583333333333 0.43515625 0.3770833333333333 0.049479166666666664
2 0.8229166666666666 0.49895833333333334 0.3541666666666667 0.04583333333333333
2 0.8381944444444445 0.5505208333333333 0.3236111111111111 0.03333333333333333
2 0.8479166666666667 0.5986979166666667 0.30416666666666664 0.022395833333333334
2 0.15659722222222222 0.9497395833333333 0.31319444444444444 0.0359375
2 0.11909722222222222 0.9908854166666666 0.23819444444444443 0.018229166666666668
1 0.15416666666666667 0.6377604166666667 0.30833333333333335 0.0390625
1 0.16805555555555557 0.675 0.33611111111111114 0.041666666666666664
3 0.15208333333333332 0.7299479166666667 0.30416666666666664 0.034895833333333334
3 0.13368055555555555 0.7716145833333333 0.2673611111111111 0.0421875
3 0.13368055555555555 0.8122395833333333 0.2673611111111111 0.025520833333333333
3 0.14722222222222223 0.8510416666666667 0.29444444444444445 0.030208333333333334
3 0.12291666666666666 0.8958333333333334 0.24583333333333332 0.03125