2 0.5955497382198953 0.9361648745519713 0.7094240837696335 0.058870967741935426
2 0.5926701570680628 0.8743189964157706 0.6785340314136126 0.04991039426523301
2 0.6036649214659686 0.8259318996415771 0.6670157068062827 0.039175627240143396
2 0.5929319371727748 0.7719892473118279 0.662303664921466 0.05747311827956978
2 0.6062041884816753 0.7194982078853047 0.6200523560209424 0.06077060931899656
2 0.5991099476439791 0.6649462365591398 0.5819109947643978 0.05207885304659488
2 0.6041623036649215 0.6096415770609319 0.523193717277487 0.050035842293906736
2 0.6020942408376964 0.5576702508960574 0.4562565445026177 0.03621863799283161
2 0.6383769633507854 0.5241218637992832 0.495890052356021 0.06747311827956985
2 0.5936910994764397 0.4663799283154122 0.46934554973821996 0.04213261648745518
2 0.6116230366492146 0.428494623655914 0.47829842931937183 0.05648745519713259
2 0.6179842931937173 0.377921146953405 0.42819371727748695 0.04754480286738346
2 0.6099476439790575 0.13467741935483868 0.433062827225131 0.03836917562724029
2 0.5897643979057592 0.17435483870967747 0.4435340314136126 0.027616487455197077
2 0.6091884816753927 0.21059139784946235 0.3447905759162303 0.02428315412186372
2 0.6048952879581152 0.25053763440860216 0.3122774869109949 0.03860215053763434
2 0.5729319371727749 0.28894265232974914 0.37994764397905756 0.03347670250896048
2 0.6086387434554974 0.32888888888888884 0.34965968586387425 0.035519713261648836
3 0.17984293193717274 0.40310035842293906 0.3052356020942409 0.2145698924731183