2 0.1859375 0.04635416666666667 0.25364583333333335 0.018229166666666668
2 0.18697916666666667 0.06822916666666666 0.2604166666666667 0.01640625
2 0.18255208333333334 0.08541666666666667 0.26666666666666666 0.01328125
2 0.18697916666666667 0.1046875 0.23541666666666666 0.0171875
2 0.18151041666666667 0.12317708333333334 0.240625 0.019791666666666666
2 0.184375 0.14270833333333333 0.22109375 0.016927083333333332
2 0.18229166666666666 0.16223958333333333 0.18854166666666666 0.015364583333333333
2 0.18307291666666667 0.18072916666666666 0.17473958333333334 0.011458333333333333
2 0.16822916666666668 0.19270833333333334 0.18619791666666666 0.021614583333333333
2 0.18671875 0.21328125 0.16979166666666667 0.01328125
2 0.17916666666666667 0.22682291666666668 0.19114583333333332 0.01953125
2 0.1765625 0.24479166666666666 0.16354166666666667 0.015364583333333333
2 0.17994791666666668 0.33125 0.16119791666666666 0.0125
2 0.18828125 0.3171875 0.17526041666666667 0.008854166666666666
2 0.18020833333333333 0.30416666666666664 0.12578125 0.007552083333333333
2 0.18203125 0.29010416666666666 0.1203125 0.0125
2 0.19505208333333332 0.27630208333333334 0.1515625 0.0109375
2 0.18046875 0.26223958333333336 0.13333333333333333 0.011458333333333333
3 0.35703125 0.23567708333333334 0.11875 0.07265625
2 0.7578541666666666 0.14172395833333334 0.1402656250000001 0.010432291666666652
2 0.7595364583333333 0.1811875 0.13729947916666668 0.012593750000000034
2 0.75625 0.19909374999999999 0.12580208333333331 0.01231770833333338
2 0.756328125 0.23551562500000003 0.11630729166666676 0.010552083333333446
2 0.760375 0.31055208333333334 0.11606510416666668 0.010393229166666629
2 0.76534375 0.365609375 0.1078125 0.012802083333333296
0 0.7592135416666667 0.11848958333333333 0.14290885416666665 0.01608333333333339
0 0.7589322916666666 0.21721354166666665 0.15636979166666667 0.009317708333333266
0 0.75525 0.2554010416666666 0.13165104166666666 0.013411458333333333
3 0.7593333333333334 0.16127604166666665 0.1253593749999999 0.013479166666666605
1 0.7613385416666667 0.2738958333333334 0.1201510416666667 0.01536197916666661
1 0.7610156250000001 0.29084375 0.10993489583333335 0.013520833333333352
1 0.7609375 0.32617708333333334 0.13273177083333335 0.019124999999999896
1 0.7661041666666667 0.3476927083333333 0.11522395833333335 0.01411718750000001
1 0.22161458333333334 0.42890625 0.11901041666666666 0.0171875
2 0.23046875 0.38203125 0.1453125 0.0046875
2 0.23333333333333334 0.41041666666666665 0.13020833333333334 0.016145833333333335
2 0.23854166666666668 0.45026041666666666 0.12786458333333334 0.0171875
3 0.22265625 0.3921875 0.14557291666666666 0.015104166666666667
2 0.48203125 0.47369791666666666 0.08489583333333334 0.0328125
2 0.5238229166666667 0.6049427083333333 0.07552083333333333 0.16974739583333331
3 0.88671875 0.41875 0.2265625 0.078125
3 0.9083333333333333 0.49947916666666664 0.18333333333333332 0.028125
3 0.928125 0.5377604166666666 0.14375 0.027604166666666666
3 0.9356770833333333 0.5765625 0.12864583333333332 0.020833333333333332
3 0.8979166666666667 0.6078125 0.20416666666666666 0.021875
3 0.9247395833333333 0.6359375 0.15052083333333333 0.016666666666666666
3 0.9205729166666666 0.66640625 0.15885416666666666 0.021354166666666667
3 0.7685260416666666 0.54371875 0.057291666666666664 0.16752864583333332