2 0.4314516129032258 0.9682320441988951 0.8629032258064516 0.06353591160220995
2 0.42338709677419356 0.899171270718232 0.8467741935483871 0.08011049723756906
2 0.3971774193548387 0.8149171270718232 0.7943548387096774 0.07734806629834254
2 0.3951612903225806 0.7325414364640884 0.702782258064516 0.055828729281768054
2 0.3588709677419355 0.6823204419889503 0.717741935483871 0.10497237569060773
2 0.40810483870967745 0.5918232044198896 0.7229435483870968 0.06494475138121544
2 0.380483870967742 0.533425414364641 0.7367338709677421 0.08707182320441983
2 0.3706854838709678 0.4554696132596685 0.6595564516129032 0.07328729281767948
2 0.38306451612903225 0.08052486187845298 0.6670564516129033 0.059143646408840005
2 0.41415322580645164 0.14168508287292822 0.6831854838709678 0.04256906077348058
2 0.3842338709677419 0.19754143646408837 0.5310887096774193 0.03743093922651921
2 0.3908467741935484 0.25911602209944756 0.4810080645161291 0.059502762430939125
2 0.44008064516129025 0.3183149171270719 0.5852419354838709 0.051602209944751246
2 0.3850806451612903 0.3798895027624309 0.5385887096774193 0.054751381215469755
3 0.905241935483871 0.4958563535911602 0.18951612903225806 0.3287292817679558