2 0.27064538514920194 0.065625 0.3851492019430951 0.0265625
2 0.2723802914642609 0.096875 0.39139486467730744 0.024479166666666666
2 0.26578764746703676 0.12135416666666667 0.3941707147814018 0.019010416666666665
2 0.27203331020124916 0.14869791666666668 0.3553088133240805 0.025260416666666667
2 0.2640527411519778 0.17526041666666667 0.3678001387925052 0.029947916666666668
2 0.2682165163081194 0.20286458333333332 0.3029146426092991 0.022135416666666668
2 0.26544066620402496 0.23072916666666668 0.2869535045107564 0.02265625
2 0.26648160999306036 0.25703125 0.24496877168632894 0.01640625
2 0.24496877168632894 0.27395833333333336 0.2678695350451076 0.0296875
2 0.27168632893823735 0.303125 0.27064538514920194 0.020572916666666666
2 0.2609299097848716 0.3221354166666667 0.24843858431644691 0.02421875
2 0.25711311589174185 0.34765625 0.24600971547536432 0.021875
2 0.26197085357390704 0.4705729166666667 0.23178348369188065 0.016927083333333332
2 0.2741151977793199 0.4505208333333333 0.238029146426093 0.011458333333333333
2 0.2623178348369188 0.4322916666666667 0.18945176960444135 0.010677083333333334
2 0.2647467036780014 0.4122395833333333 0.17834836918806385 0.01796875
2 0.28417765440666204 0.3927083333333333 0.2126995142262318 0.015625
2 0.2626648160999306 0.37265625 0.208882720333102 0.017447916666666667
3 0.5194309507286606 0.33515625 0.16516308119361556 0.0984375
0 0.9153365718251214 0.40729166666666666 0.1693268563497571 0.017708333333333333
2 0.9063150589868147 0.246875 0.1873698820263706 0.065625
2 0.9219292158223455 0.29401041666666666 0.15614156835530882 0.0171875
2 0.9257460097154754 0.3151041666666667 0.14850798056904926 0.013541666666666667
2 0.919500346981263 0.3302083333333333 0.16099930603747398 0.016666666666666666
2 0.92470506592644 0.35078125 0.15058986814712005 0.0109375
2 0.9205412907702984 0.3890625 0.1589174184594032 0.008333333333333333
2 0.9276891047883414 0.4274791666666667 0.11945523941707147 0.010919270833333172
2 0.9308327550312283 0.44113020833333333 0.13439625260235943 0.007898437499999982
2 0.9232477446217905 0.47879687499999996 0.13578417765440665 0.011263020833333333
2 0.9188549618320612 0.4940104166666667 0.14462179042331705 0.017203124999999868
2 0.9225052047189451 0.5130052083333333 0.12953851492019428 0.013106770833333314
2 0.9267175572519084 0.5282812499999999 0.1214885496183205 0.010679687500000057
1 0.9263913948646771 0.45995312499999996 0.1348126301179737 0.012276041666666753
3 0.9215822345593337 0.3697916666666667 0.1568355308813324 0.013541666666666667
3 0.445176960444136 0.8416666666666667 0.3893129770992366 0.090625
3 0.4489937543372658 0.9161458333333333 0.3816793893129771 0.04479166666666667
0 0.4597501734906315 0.97734375 0.36016655100624567 0.033854166666666664
1 0.8507980569049272 0.6901041666666666 0.29840388619014574 0.11354166666666667
2 0.8716308119361554 0.7768541666666666 0.21741498959056216 0.018703124999999925
2 0.8848993754337265 0.7998958333333334 0.18908396946564887 0.01720572916666659
2 0.888410825815406 0.8194427083333333 0.13026023594725888 0.012182291666666718
2 0.82117973629424 0.833078125 0.07041637751561418 0.011572916666666681