2 0.225 0.007421875 0.3527777777777778 0.01484375
2 0.22722222222222221 0.030570312499999995 0.3244444444444444 0.019472656250000008
2 0.22138888888888889 0.051664062499999996 0.34222222222222226 0.016351562500000007
2 0.22708333333333333 0.0751796875 0.32708333333333334 0.02268359375000002
2 0.22004166666666666 0.09806250000000001 0.2867083333333333 0.022621093749999988
2 0.22380555555555554 0.12184375 0.29325694444444445 0.02150781250000002
2 0.22112499999999996 0.145953125 0.24434722222222216 0.018718750000000027
2 0.2222222222222222 0.168609375 0.23631249999999998 0.014925781250000015
2 0.2029722222222222 0.183234375 0.2496041666666667 0.027207031249999947
2 0.22668055555555558 0.20840625 0.2231180555555556 0.016214843749999996
2 0.21716666666666667 0.224921875 0.22688194444444448 0.02168749999999999
2 0.21379166666666669 0.24696875000000001 0.21359027777777773 0.01895703124999999
2 0.21805555555555556 0.3530078125 0.20377083333333337 0.014613281249999943
2 0.2287638888888889 0.3357109375 0.2273819444444444 0.011488281250000032
2 0.2184583333333333 0.3199140625 0.16229861111111105 0.009199218749999983
2 0.22073611111111113 0.3025 0.15367361111111108 0.015445312499999985
2 0.23769444444444443 0.2857578125 0.1952361111111111 0.013546874999999936
2 0.21875 0.26834375 0.17053472222222218 0.013992187500000064
3 0.3909722222222222 0.235546875 0.0375 0.08515625
1 0.7895833333333333 0.3671875 0.34305555555555556 0.065625
1 0.3486111111111111 0.65859375 0.12222222222222222 0.0265625
1 0.3506944444444444 0.68359375 0.11805555555555555 0.021875
1 0.3576388888888889 0.707421875 0.10416666666666667 0.02890625
1 0.37083333333333335 0.732421875 0.07777777777777778 0.02109375
1 0.3854166666666667 0.75625 0.04861111111111111 0.0203125
1 0.3861111111111111 0.78046875 0.04722222222222222 0.0203125
1 0.3909722222222222 0.80234375 0.0375 0.0203125
1 0.3923611111111111 0.821484375 0.034722222222222224 0.01953125
2 0.5402777777777777 0.49296875 0.2611111111111111 0.021875
2 0.5347222222222222 0.5453125 0.25 0.0203125
2 0.5402777777777777 0.566796875 0.2611111111111111 0.01796875
2 0.5354166666666667 0.5875 0.2513888888888889 0.0171875
2 0.525 0.629296875 0.23055555555555557 0.01015625
2 0.4930555555555556 0.764453125 0.16666666666666666 0.01484375
2 0.4888888888888889 0.825390625 0.15833333333333333 0.01328125
2 0.49236111111111114 0.868359375 0.16527777777777777 0.01640625
2 0.4840277777777778 0.886328125 0.1486111111111111 0.01953125
2 0.48541666666666666 0.90546875 0.15138888888888888 0.01875
2 0.8034722222222223 0.7051015625 0.3552569444444444 0.018714843749999942
2 0.791263888888889 0.7972812499999999 0.3287708333333334 0.013800781249999972
2 0.8015833333333333 0.8179375 0.2861111111111111 0.011238281249999992
2 0.8111111111111111 0.847234375 0.3073402777777777 0.0155390624999999
2 0.8075416666666667 0.8700078125000001 0.25436805555555553 0.011410156250000015
2 0.802486111111111 0.9454609375 0.29176388888888893 0.015105468750000028
2 0.7986111111111112 0.969125 0.2627013888888889 0.01845703125
2 0.8201388888888889 0.99296875 0.25972222222222224 0.0140625
3 0.525 0.520703125 0.23055555555555557 0.01953125
3 0.5305555555555556 0.6578125 0.24166666666666667 0.01875
3 0.49444444444444446 0.7 0.16944444444444445 0.0203125
3 0.49027777777777776 0.7890625 0.16111111111111112 0.01875
3 0.48819444444444443 0.80625 0.15694444444444444 0.0109375
3 0.48333333333333334 0.848828125 0.14722222222222223 0.01640625
0 0.5201388888888889 0.6125 0.22083333333333333 0.01875
0 0.4909722222222222 0.930859375 0.1625 0.02421875
0 0.7718194444444445 0.8988046875 0.29444444444444445 0.021937499999999943
1 0.5111111111111111 0.681640625 0.20277777777777778 0.02265625
1 0.4930555555555556 0.722265625 0.16666666666666666 0.01484375
1 0.5 0.74140625 0.18055555555555555 0.0140625
1 0.7799583333333332 0.7405390625 0.33848611111111115 0.017906249999999967
1 0.7943472222222223 0.7658203125 0.34147222222222223 0.01378124999999999
1 0.8023750000000001 0.923015625 0.27619444444444446 0.014562500000000079