2 0.27064538514920194 0.04635416666666667 0.41013185287994447 0.020052083333333335
2 0.2723802914642609 0.06822916666666666 0.40076335877862596 0.0171875
2 0.26578764746703676 0.08541666666666667 0.37369882026370577 0.012760416666666666
2 0.27203331020124916 0.1046875 0.3927827897293546 0.019791666666666666
2 0.2640527411519778 0.12317708333333334 0.3331020124913255 0.019010416666666665
2 0.2682165163081194 0.14270833333333333 0.3435114503816794 0.018229166666666668
2 0.26544066620402496 0.16223958333333333 0.28383067314365024 0.015885416666666666
2 0.26648160999306036 0.18072916666666666 0.2730742539902845 0.012760416666666666
2 0.24496877168632894 0.19270833333333334 0.2647467036780014 0.020833333333333332
2 0.27168632893823735 0.21328125 0.27550312283136713 0.014583333333333334
2 0.2609299097848716 0.22682291666666668 0.26717557251908397 0.018229166666666668
2 0.25711311589174185 0.24479166666666666 0.2505204718945177 0.016145833333333335
2 0.26197085357390704 0.33125 0.25815405968077726 0.01328125
2 0.2741151977793199 0.3171875 0.23317140874392783 0.008072916666666667
2 0.2623178348369188 0.30416666666666664 0.19118667591950034 0.007552083333333333
2 0.2647467036780014 0.29010416666666666 0.1689798750867453 0.011979166666666667
2 0.28417765440666204 0.27630208333333334 0.20471894517696043 0.010416666666666666
2 0.2626648160999306 0.26223958333333336 0.19396252602359473 0.011458333333333333
3 0.5194309507286606 0.23567708333333334 0.1589174184594032 0.06614583333333333
3 0.8199167244968771 0.278125 0.36016655100624567 0.096875
3 0.8199167244968771 0.35234375 0.36016655100624567 0.04635416666666667
3 0.3043025676613463 0.46119791666666665 0.6086051353226926 0.0359375
3 0.2914642609299098 0.5072916666666667 0.5829285218598196 0.04895833333333333
3 0.2782789729354615 0.5704895833333333 0.5322692574600971 0.06515364583333329
1 0.3143650242886884 0.40130208333333334 0.6287300485773768 0.043229166666666666
2 0.3140180430256766 0.6463541666666667 0.6280360860513532 0.07604166666666666
2 0.28843164469118676 0.7133697916666667 0.5262838306731437 0.04461979166666671
2 0.31158917418459403 0.7735989583333333 0.5995836224843858 0.05940624999999997
2 0.28348369188063843 0.836890625 0.49167244968771684 0.054466145833333236
2 0.2984941013185289 0.8990729166666667 0.5134455239417072 0.06001041666666656
2 0.3102012491325468 0.9643125 0.4739764052741152 0.0604088541666665
2 0.8365995836224843 0.5072291666666666 0.3114816099930603 0.024057291666666696
2 0.8487161693268563 0.6575520833333334 0.3025676613462873 0.024479166666666666
2 0.8380430256766134 0.6835572916666666 0.2502532963219986 0.028471354166666647
2 0.8546426092990979 0.7725729166666667 0.23536086051353233 0.024294270833333322
2 0.8393754337265787 0.7967760416666666 0.20263705759888967 0.02237500000000002
2 0.840763358778626 0.9000989583333333 0.20268910478834137 0.019166666666666762
2 0.846793893129771 0.9244583333333334 0.18090909090909094 0.019611979166666533
2 0.854587092297016 0.9451354166666667 0.16166551006245658 0.014945312500000085
3 0.8396946564885496 0.4020572916666667 0.3100936849410132 0.026218750000000002
3 0.844205412907703 0.4309895833333333 0.31158917418459403 0.0140625
3 0.8393476752255378 0.44921875 0.32130464954892435 0.013020833333333334
3 0.8399097848716169 0.46961458333333334 0.2929597501734907 0.017130208333333355
3 0.8359056210964607 0.5424479166666667 0.31078764746703674 0.020731770833333368
3 0.8455933379597502 0.5700520833333333 0.30881332408049966 0.022395833333333334
3 0.8355863983344899 0.6002239583333334 0.28980916030534354 0.01897656250000003
3 0.8546426092990979 0.7138385416666667 0.2643997224149896 0.01616406250000004
3 0.839590562109646 0.7382447916666666 0.21208535739070092 0.017731770833333254
3 0.8612630117973629 0.822734375 0.23797362942401107 0.019187499999999958
3 0.8528244274809161 0.8439322916666666 0.23605135322692572 0.01590624999999998
3 0.8429493407356003 0.8658072916666666 0.2173698820263706 0.019598958333333392
3 0.8505829285218599 0.9677239583333334 0.1867314365024289 0.018302083333333267
3 0.8464746703678001 0.9898020833333334 0.1753088133240805 0.01838541666666676
0 0.8451422623178347 0.6317552083333333 0.2804649548924357 0.01463020833333329