2 0.1986111111111111 0.05963541666666667 0.26979166666666665 0.0234375
2 0.1996527777777778 0.08802083333333334 0.2982638888888889 0.022916666666666665
2 0.19479166666666667 0.11015625 0.2604166666666667 0.015625
2 0.1996527777777778 0.13489583333333333 0.27569444444444446 0.024739583333333332
2 0.19375 0.15885416666666666 0.2420138888888889 0.023697916666666666
2 0.196875 0.18385416666666668 0.24861111111111112 0.02265625
2 0.19479166666666667 0.209375 0.21979166666666666 0.021354166666666667
2 0.1954861111111111 0.23307291666666666 0.19930555555555557 0.015625
2 0.1795138888888889 0.2484375 0.19166666666666668 0.027083333333333334
2 0.19930555555555557 0.275 0.19618055555555555 0.01796875
2 0.19131944444444443 0.29244791666666664 0.20416666666666666 0.025260416666666667
2 0.18854166666666666 0.315625 0.17465277777777777 0.020052083333333335
2 0.1920138888888889 0.4270833333333333 0.17569444444444443 0.016145833333333335
2 0.20104166666666667 0.4088541666666667 0.17222222222222222 0.010416666666666666
2 0.19236111111111112 0.3921875 0.15069444444444444 0.010416666666666666
2 0.19444444444444445 0.37395833333333334 0.1284722222222222 0.016145833333333335
2 0.20833333333333334 0.35625 0.15381944444444445 0.014322916666666666
2 0.19270833333333334 0.3380208333333333 0.13541666666666666 0.013802083333333333
3 0.38125 0.30390625 0.11666666666666667 0.08541666666666667
3 0.7128472222222222 0.09036458333333333 0.48680555555555555 0.0328125
3 0.7180555555555556 0.13671875 0.49722222222222223 0.049479166666666664
3 0.6902777777777778 0.19921875 0.44166666666666665 0.06197916666666667
1 0.7347222222222223 0.026041666666666668 0.5305555555555556 0.052083333333333336
2 0.7347222222222223 0.2755208333333333 0.5305555555555556 0.075
2 0.7076388888888889 0.3424479166666667 0.47638888888888886 0.04739583333333333
2 0.7298611111111111 0.40234375 0.5208333333333334 0.058854166666666666
2 0.6878472222222223 0.46432291666666664 0.43680555555555556 0.050520833333333334