2 0.20277777777777778 0.06328125 0.3111111111111111 0.02734375
2 0.20416666666666666 0.09348958333333333 0.28402777777777777 0.02265625
2 0.19930555555555557 0.11692708333333333 0.29097222222222224 0.018229166666666668
2 0.20416666666666666 0.14322916666666666 0.2652777777777778 0.024479166666666666
2 0.19826388888888888 0.16875 0.27326388888888886 0.027864583333333335
2 0.2013888888888889 0.1953125 0.2565972222222222 0.025
2 0.19895833333333332 0.22213541666666667 0.22465277777777778 0.02265625
2 0.2 0.24765625 0.2 0.016666666666666666
2 0.18368055555555557 0.2638020833333333 0.21944444444444444 0.03125
2 0.20381944444444444 0.29192708333333334 0.18645833333333334 0.018229166666666668
2 0.19583333333333333 0.3104166666666667 0.2111111111111111 0.026822916666666665
2 0.19270833333333334 0.33489583333333334 0.18680555555555556 0.022135416666666668
2 0.19652777777777777 0.45338541666666665 0.184375 0.0171875
2 0.20555555555555555 0.43411458333333336 0.17256944444444444 0.011197916666666667
2 0.196875 0.41640625 0.15034722222222222 0.011197916666666667
2 0.1986111111111111 0.396875 0.1361111111111111 0.018229166666666668
2 0.21319444444444444 0.37838541666666664 0.16180555555555556 0.015104166666666667
2 0.196875 0.35885416666666664 0.15034722222222222 0.015625
3 0.38958333333333334 0.32265625 0.13090277777777778 0.09921875
2 0.2117013888888889 0.8982135416666668 0.16621527777777778 0.03957031250000007
2 0.1984375 0.9295208333333332 0.10920138888888889 0.013583333333333414
2 0.20017361111111112 0.9459270833333332 0.0859375 0.016450520833333353
2 0.19826388888888888 0.9600729166666667 0.084375 0.007414062499999948
2 0.20555555555555555 0.9716874999999999 0.09791666666666667 0.00965624999999998
2 0.2092013888888889 0.9835625 0.0859375 0.006427083333333409
2 0.20326388888888888 0.9955677083333333 0.07895833333333328 0.006195312499999991
2 0.840625 0.5713541666666667 0.31875 0.036458333333333336
2 0.8520833333333333 0.62265625 0.29583333333333334 0.030729166666666665
2 0.8628472222222222 0.6661458333333333 0.2743055555555556 0.025
2 0.8791666666666667 0.8057291666666667 0.24166666666666667 0.021875
2 0.8798611111111111 0.8341145833333333 0.24027777777777778 0.022395833333333334
2 0.8833333333333333 0.9049479166666666 0.23333333333333334 0.0234375
2 0.8902777777777777 0.9408854166666667 0.21944444444444444 0.0265625
1 0.884375 0.7005208333333334 0.23125 0.027083333333333334
1 0.8798611111111111 0.7744791666666667 0.24027777777777778 0.03125
3 0.8836805555555556 0.7361979166666667 0.2326388888888889 0.025520833333333333
3 0.88125 0.8731770833333333 0.2375 0.0296875