1 0.5084469696969697 0.645286783042394 0.49869318181818195 0.06537406483790503
1 0.5039393939393939 0.3083915211970075 0.31191287878787866 0.027082294264339186
2 0.5222159090909091 0.5707107231920199 0.4617424242424242 0.018266832917705707
2 0.531439393939394 0.5364588528678305 0.4372537878787879 0.026932668329177085
2 0.5200757575757576 0.5021197007481296 0.3892613636363636 0.020785536159600947
2 0.5251325757575758 0.396783042394015 0.37916666666666676 0.03228179551122193
2 0.5306818181818181 0.3384164588528678 0.3599810606060607 0.02598503740648369
2 0.5428030303030303 0.274077306733167 0.3337121212121213 0.026334164588528542
0 0.5203219696969698 0.46096009975062346 0.4251325757575758 0.027605985037406466
3 0.5136363636363637 0.43203241895261846 0.343560606060606 0.01630922693266838
3 0.5065719696969697 0.36785536159600996 0.36174242424242425 0.022319201995012583