1 0.5084469696969697 0.645286783042394 0.5176325757575758 0.0778428927680796
1 0.5039393939393939 0.3083915211970075 0.33085227272727263 0.039551122194513746
2 0.5222159090909091 0.5707107231920199 0.4806818181818181 0.03073566084788027
2 0.531439393939394 0.5364588528678305 0.4561931818181818 0.03940149625935165
2 0.5200757575757576 0.5021197007481296 0.4082007575757575 0.03325436408977551
2 0.5251325757575758 0.396783042394015 0.3981060606060607 0.04475062344139649
2 0.5306818181818181 0.3384164588528678 0.37892045454545464 0.038453865336658254
2 0.5428030303030303 0.274077306733167 0.3526515151515152 0.0388029925187031
0 0.5203219696969698 0.46096009975062346 0.44407196969696977 0.04007481296758103
3 0.5136363636363637 0.43203241895261846 0.36249999999999993 0.028778054862842944
3 0.5065719696969697 0.36785536159600996 0.3806818181818182 0.03478802992518715