1 0.5084469696969697 0.645286783042394 0.48543560606060615 0.06786783042393994
1 0.5039393939393939 0.3083915211970075 0.2986553030303029 0.0295760598503741
2 0.5222159090909091 0.5707107231920199 0.4484848484848484 0.02076059850374062
2 0.531439393939394 0.5364588528678305 0.42399621212121213 0.029426433915212
2 0.5200757575757576 0.5021197007481296 0.37600378787878785 0.02327930174563586
2 0.5251325757575758 0.396783042394015 0.365909090909091 0.03477556109725684
2 0.5306818181818181 0.3384164588528678 0.3467234848484849 0.0284788029925186
2 0.5428030303030303 0.274077306733167 0.32045454545454555 0.028827930174563456
0 0.5203219696969698 0.46096009975062346 0.41187500000000005 0.03009975062344138
3 0.5136363636363637 0.43203241895261846 0.33030303030303027 0.018802992518703293
3 0.5065719696969697 0.36785536159600996 0.3484848484848485 0.024812967581047497