1 0.5084469696969697 0.354713216957606 0.5081628787878789 0.06288029925187026
1 0.5039393939393939 0.6916084788029925 0.3213825757575757 0.024588528678304272
2 0.5222159090909091 0.42928927680798007 0.47121212121212114 0.015773067331670793
2 0.531439393939394 0.46354114713216954 0.44672348484848484 0.02443890274314217
2 0.5200757575757576 0.49788029925187033 0.39873106060606056 0.018291770573566034
2 0.5251325757575758 0.603216957605985 0.3886363636363637 0.029788029925187014
2 0.5306818181818181 0.6615835411471322 0.3694507575757577 0.023491271820448776
2 0.5428030303030303 0.725922693266833 0.34318181818181825 0.02384039900249363
0 0.5203219696969698 0.5390399002493765 0.43460227272727275 0.025112219451371553
3 0.5136363636363637 0.5679675810473815 0.35303030303030297 0.013815461346633468
3 0.5065719696969697 0.63214463840399 0.3712121212121212 0.01982543640897767