1 0.5084469696969697 0.354713216957606 0.513844696969697 0.07534912718204483
1 0.5039393939393939 0.6916084788029925 0.32706439393939385 0.037057356608478836
2 0.5222159090909091 0.42928927680798007 0.4768939393939393 0.028241895261845357
2 0.531439393939394 0.46354114713216954 0.452405303030303 0.036907730673316735
2 0.5200757575757576 0.49788029925187033 0.40441287878787874 0.030760598503740598
2 0.5251325757575758 0.603216957605985 0.3943181818181819 0.04225685785536158
2 0.5306818181818181 0.6615835411471322 0.37513257575757586 0.03596009975062334
2 0.5428030303030303 0.725922693266833 0.34886363636363643 0.03630922693266819
0 0.5203219696969698 0.5390399002493765 0.440284090909091 0.03758104738154612
3 0.5136363636363637 0.5679675810473815 0.35871212121212115 0.02628428927680803
3 0.5065719696969697 0.63214463840399 0.3768939393939394 0.03229426433915223