1 0.5084469696969697 0.645286783042394 0.5100568181818183 0.0691147132169574
1 0.5039393939393939 0.3083915211970075 0.32327651515151506 0.030822942643391554
2 0.5222159090909091 0.5707107231920199 0.47310606060606053 0.022007481296758075
2 0.531439393939394 0.5364588528678305 0.44861742424242423 0.030673316708229453
2 0.5200757575757576 0.5021197007481296 0.40062499999999995 0.024526184538653316
2 0.5251325757575758 0.396783042394015 0.3905303030303031 0.0360224438902743
2 0.5306818181818181 0.3384164588528678 0.3713446969696971 0.029725685785536058
2 0.5428030303030303 0.274077306733167 0.34507575757575765 0.03007481296758091
0 0.5203219696969698 0.46096009975062346 0.43649621212121215 0.03134663341645884
3 0.5136363636363637 0.43203241895261846 0.35492424242424236 0.020049875311720748
3 0.5065719696969697 0.36785536159600996 0.3731060606060606 0.02605985037406495