3 0.5646687697160884 0.017967781908302356 0.47318611987381703 0.03593556381660471
3 0.5599369085173501 0.040892193308550186 0.42586750788643535 0.0322180916976456
3 0.5583596214511041 0.06133828996282528 0.39747634069400634 0.028500619578686492
3 0.5725552050473186 0.13011152416356878 0.416403785488959 0.030978934324659233
3 0.5757097791798107 0.14993804213135067 0.3753943217665615 0.02973977695167286
3 0.6861198738170347 0.7211895910780669 0.35646687697160884 0.028500619578686492
3 0.6876971608832808 0.7397769516728625 0.3470031545741325 0.02973977695167286
3 0.6861198738170347 0.7620817843866171 0.3312302839116719 0.024783147459727387
3 0.7066246056782335 0.7775712515489467 0.3785488958990536 0.030978934324659233
3 0.7082018927444795 0.8017348203221809 0.3438485804416404 0.024783147459727387
3 0.7160883280757098 0.8203221809169765 0.3217665615141956 0.022304832713754646
2 0.5646687697160884 0.08612143742255267 0.41009463722397477 0.03345724907063197
2 0.5646687697160884 0.10780669144981413 0.38801261829652994 0.030978934324659233
2 0.5867507886435331 0.17224287484510534 0.41324921135646686 0.03345724907063197
2 0.5899053627760252 0.19330855018587362 0.4227129337539432 0.03345724907063197
2 0.6072555205047319 0.2137546468401487 0.38485804416403785 0.030978934324659233
2 0.5977917981072555 0.23543990086741015 0.3911671924290221 0.03841387856257745
2 0.6025236593059937 0.2558859975216852 0.3753943217665615 0.03345724907063197
2 0.6041009463722398 0.27757125154894674 0.3943217665615142 0.0322180916976456
2 0.6072555205047319 0.30545229244114 0.3911671924290221 0.030978934324659233
2 0.6025236593059937 0.32032218091697645 0.4037854889589905 0.0322180916976456
2 0.6072555205047319 0.3451053283767038 0.39747634069400634 0.03593556381660471
2 0.6167192429022083 0.3680297397769517 0.39747634069400634 0.030978934324659233
2 0.610410094637224 0.38599752168525403 0.41324921135646686 0.03345724907063197
2 0.6198738170347003 0.4070631970260223 0.3943217665615142 0.03345724907063197
2 0.6182965299684543 0.4281288723667906 0.39747634069400634 0.03469640644361834
2 0.6230283911671924 0.4485749690210657 0.40063091482649843 0.02973977695167286
2 0.6277602523659306 0.4708798017348203 0.3943217665615142 0.028500619578686492
2 0.6640378548895899 0.5346964064436184 0.35962145110410093 0.026022304832713755
2 0.6766561514195584 0.5545229244114003 0.3753943217665615 0.027261462205700124
2 0.6735015772870663 0.5749690210656754 0.334384858044164 0.026022304832713755
2 0.6829652996845426 0.5966542750929368 0.334384858044164 0.027261462205700124
2 0.6987381703470031 0.6164807930607187 0.3438485804416404 0.027261462205700124
2 0.7050473186119873 0.6350681536555143 0.3470031545741325 0.024783147459727387
2 0.7018927444794952 0.6536555142503098 0.3627760252365931 0.02973977695167286
2 0.7113564668769716 0.6759603469640645 0.3438485804416404 0.026022304832713755
2 0.694006309148265 0.6957868649318464 0.35331230283911674 0.024783147459727387
2 0.7176656151419558 0.8426270136307311 0.30914826498422715 0.022304832713754646
2 0.7113564668769716 0.8643122676579925 0.30914826498422715 0.022304832713754646
2 0.7113564668769716 0.8828996282527881 0.35331230283911674 0.024783147459727387
2 0.7192429022082019 0.9058240396530359 0.3028391167192429 0.024783147459727387
2 0.7255520504731862 0.9244114002478315 0.3659305993690852 0.026022304832713755
2 0.7239747634069401 0.9442379182156134 0.28391167192429023 0.026022304832713755
2 0.2823343848580442 0.838909541511772 0.41324921135646686 0.07806691449814127
2 0.26813880126182965 0.8853779429987608 0.35331230283911674 0.03345724907063197
2 0.2539432176656151 0.9089219330855018 0.3312302839116719 0.026022304832713755
2 0.24605678233438485 0.9275092936802974 0.30914826498422715 0.022304832713754646
2 0.39274447949526814 0.9355638166047088 0.1640378548895899 0.023543990086741014
2 0.15772870662460567 0.949814126394052 0.11041009463722397 0.01982651796778191
3 0.6246056782334385 0.4888475836431227 0.38485804416403785 0.021065675340768277
0 0.7318611987381703 0.9708798017348204 0.3627760252365931 0.030978934324659233