3 0.32876971608832806 0.978091697645601 0.5285804416403785 0.02365551425030969
3 0.3384227129337539 0.9554399008674102 0.48126182965299685 0.02048327137546465
3 0.3438485804416404 0.935266418835192 0.453564668769716 0.017955390334572503
3 0.34596214511041007 0.8657992565055762 0.4717981072555205 0.01893432465923169
3 0.34665615141955836 0.8463816604708798 0.4311356466876971 0.019764560099132647
3 0.3633123028391167 0.27355638166047086 0.41186119873817034 0.018488228004956718
3 0.3662776025236593 0.25483271375464683 0.40028391167192434 0.020706319702602276
3 0.37258675078864356 0.23252788104089217 0.38485804416403785 0.015749690210656798
3 0.3559305993690851 0.21627013630731098 0.43217665615141954 0.020706319702602276
3 0.35927444794952684 0.1921065675340768 0.40028391167192434 0.015340768277571387
3 0.35593059936908517 0.17338289962825273 0.3760883280757098 0.014250309789343246
2 0.34403785488958993 0.9102850061957869 0.46441640378548904 0.021933085501858792
2 0.34911671924290216 0.8885254027261462 0.44302839116719245 0.02028500619578673
2 0.34157728706624607 0.8233457249070633 0.46652996845425865 0.022057001239157315
2 0.34173501577287063 0.8024783147459728 0.47738170347003156 0.022205700123915827
2 0.3291167192429022 0.7814126394052044 0.4381388012618297 0.0208302354399008
2 0.3436593059936908 0.7601363073110285 0.44268138801261825 0.027856257744733603
2 0.344384858044164 0.7395539033457248 0.4300630914826499 0.023035935563816504
2 0.347192429022082 0.7178562577447335 0.4497160883280757 0.021536555142503234
2 0.35050473186119874 0.690185873605948 0.44583596214511045 0.020161090458488205
2 0.35769716088328074 0.6754522924411399 0.4567192429022082 0.021548946716232805
2 0.3580441640378549 0.650817843866171 0.45041009463722387 0.02509293680297398
2 0.354006309148265 0.6277571251548947 0.45287066246056784 0.019727385377942806
2 0.3648895899053628 0.6097149938042131 0.4675709779179811 0.022218091697645537
2 0.36050473186119875 0.5887856257744734 0.4482965299684543 0.022218091697645537
2 0.36574132492113565 0.5674349442379182 0.4517981072555206 0.02360594795539028
2 0.3662776025236593 0.5469888475836432 0.456372239747634 0.019058240396530354
2 0.36662460567823346 0.5244733581164808 0.4500630914826499 0.01700123915737302
2 0.3436593059936908 0.4595786864931846 0.4146372239747634 0.015997521685253986
2 0.3364984227129338 0.4394052044609666 0.43182965299684545 0.01641883519206939
2 0.3435015772870663 0.41957868649318464 0.3897791798107256 0.017521685254027246
2 0.3389274447949527 0.3976084262701363 0.3876656151419558 0.018773234200743467
2 0.32826498422712935 0.3773729863692689 0.3978233438485805 0.01794299876084265
2 0.32561514195583596 0.35822800495662954 0.40309148264984235 0.014919454770755841
2 0.33334384858044164 0.33983890954151175 0.4185173501577287 0.02002478314745983
2 0.32826498422712935 0.3173234200743495 0.3978233438485805 0.016864931846344362
2 0.34946372239747636 0.2985997521685254 0.40870662460567825 0.01576208178438665
2 0.3589274447949527 0.15109045848822794 0.36454258675078866 0.014770755885997612
2 0.37066246056782337 0.12995043370508055 0.3634700315457414 0.014361833952911919
2 0.37435331230283914 0.11101610904584887 0.4094006309148265 0.0150557620817845
2 0.37170347003154575 0.08850061957868645 0.3585804416403785 0.01739776951672858
2 0.36908517350157727 0.06977695167286238 0.4199053627760253 0.01630731102850072
2 0.37558359621451104 0.05001239157372988 0.33965299684542594 0.0186493184634448
2 0.7807570977917981 0.1691449814126394 0.4384858044164038 0.06815365551425032
2 0.805993690851735 0.12329615861214374 0.38801261829652994 0.023543990086741014
2 0.8201892744479495 0.10037174721189591 0.35962145110410093 0.01734820322180917
2 0.831230283911672 0.08178438661710037 0.33753943217665616 0.01486988847583643
2 0.7027760252365931 0.06970260223048327 0.2180126182965301 0.020570012391573616
2 0.9290220820189274 0.06319702602230483 0.14195583596214512 0.01982651796778191
3 0.3725867507886435 0.5069888475836432 0.44094637223974764 0.010669144981412656
0 0.374006309148265 0.02317224287484516 0.4157097791798106 0.021115241635687686