3 0.32876971608832806 0.021908302354399008 0.5317350157728706 0.02861214374225527
3 0.3384227129337539 0.04456009913258984 0.48441640378548895 0.025439900867410162
3 0.3438485804416404 0.06473358116480793 0.4567192429022081 0.02291201982651796
3 0.34596214511041007 0.1342007434944238 0.4749526813880126 0.0238909541511772
3 0.34665615141955836 0.15361833952912018 0.43429022082018925 0.024721189591078052
3 0.3633123028391167 0.7264436183395291 0.4150157728706625 0.023444857496902196
3 0.3662776025236593 0.7451672862453532 0.40343848580441644 0.025662949194547754
3 0.37258675078864356 0.7674721189591078 0.38801261829652994 0.020706319702602276
3 0.3559305993690851 0.783729863692689 0.4353312302839117 0.025662949194547754
3 0.35927444794952684 0.8078934324659232 0.40343848580441644 0.020297397769516865
3 0.35593059936908517 0.8266171003717473 0.3792429022082019 0.019206939281288724
2 0.34403785488958993 0.08971499380421315 0.46757097791798113 0.0268897149938042
2 0.34911671924290216 0.11147459727385377 0.44618296529968454 0.02524163568773235
2 0.34157728706624607 0.1766542750929368 0.46968454258675074 0.027013630731102863
2 0.34173501577287063 0.19752168525402727 0.4805362776025237 0.027162329615861232
2 0.3291167192429022 0.21858736059479555 0.44129337539432184 0.025786864931846346
2 0.3436593059936908 0.23986369268897148 0.44583596214511034 0.03281288723667908
2 0.344384858044164 0.2604460966542751 0.433217665615142 0.02799256505576205
2 0.347192429022082 0.2821437422552664 0.45287066246056784 0.02649318463444857
2 0.35050473186119874 0.3098141263940521 0.44899053627760255 0.025117719950433683
2 0.35769716088328074 0.32454770755886003 0.4598738170347003 0.026505576208178422
2 0.3580441640378549 0.349182156133829 0.453564668769716 0.030049566294919453
2 0.354006309148265 0.3722428748451053 0.45602523659305993 0.024684014869888426
2 0.3648895899053628 0.3902850061957868 0.4707255520504732 0.027174721189591015
2 0.36050473186119875 0.41121437422552665 0.4514511041009464 0.027174721189591015
2 0.36574132492113565 0.43256505576208176 0.4549526813880127 0.028562577447335754
2 0.3662776025236593 0.45301115241635687 0.4595268138801261 0.024014869888475832
2 0.36662460567823346 0.47552664188351923 0.453217665615142 0.021957868649318497
2 0.3436593059936908 0.5404213135068153 0.41779179810725553 0.020954151177199464
2 0.3364984227129338 0.5605947955390335 0.4349842271293376 0.02137546468401487
2 0.3435015772870663 0.5804213135068154 0.39293375394321767 0.02247831474597272
2 0.3389274447949527 0.6023915737298637 0.3908201892744479 0.023729863692688945
2 0.32826498422712935 0.622627013630731 0.4009779179810726 0.022899628252788125
2 0.32561514195583596 0.6417719950433705 0.4062460567823345 0.019876084262701318
2 0.33334384858044164 0.6601610904584883 0.42167192429022077 0.024981412639405304
2 0.32826498422712935 0.6826765799256506 0.4009779179810726 0.02182156133828984
2 0.34946372239747636 0.7014002478314746 0.41186119873817034 0.020718711276332128
2 0.3589274447949527 0.848909541511772 0.36769716088328075 0.01972738537794309
2 0.37066246056782337 0.8700495662949195 0.3666246056782335 0.019318463444857395
2 0.37435331230283914 0.8889838909541511 0.41255520504731863 0.020012391573729978
2 0.37170347003154575 0.9114993804213135 0.36173501577287065 0.022354399008674055
2 0.36908517350157727 0.9302230483271376 0.4230599369085174 0.0212639405204462
2 0.37558359621451104 0.9499876084262702 0.34280757097791803 0.02360594795539028
2 0.7807570977917981 0.8296158612143743 0.4384858044164038 0.07311028500619579
2 0.804416403785489 0.8754646840148699 0.3911671924290221 0.028500619578686492
2 0.8201892744479495 0.8983890954151177 0.35962145110410093 0.022304832713754646
2 0.8296529968454258 0.9169764560099133 0.34069400630914826 0.01982651796778191
2 0.7027760252365931 0.9302973977695167 0.22116719242902222 0.025526641883519094
2 0.9274447949526814 0.9355638166047088 0.14511041009463724 0.024783147459727387
3 0.3725867507886435 0.4930111524163569 0.44410094637223974 0.015625774473358132
0 0.374006309148265 0.9768277571251548 0.41886435331230276 0.026071871127633164