3 0.32876971608832806 0.021908302354399008 0.5064984227129338 0.021177199504337055
3 0.3384227129337539 0.04456009913258984 0.4591798107255521 0.018004956629491947
3 0.3438485804416404 0.06473358116480793 0.4314826498422712 0.015477075588599745
3 0.34596214511041007 0.1342007434944238 0.4497160883280757 0.016456009913258986
3 0.34665615141955836 0.15361833952912018 0.40905362776025234 0.017286245353159837
3 0.3633123028391167 0.7264436183395291 0.3897791798107256 0.01600991325898398
3 0.3662776025236593 0.7451672862453532 0.3782018927444795 0.01822800495662954
3 0.37258675078864356 0.7674721189591078 0.3627760252365931 0.01327137546468406
3 0.3559305993690851 0.783729863692689 0.41009463722397477 0.01822800495662954
3 0.35927444794952684 0.8078934324659232 0.3782018927444795 0.012862453531598648
3 0.35593059936908517 0.8266171003717473 0.354006309148265 0.011771995043370507
2 0.34403785488958993 0.08971499380421315 0.44233438485804427 0.019454770755885982
2 0.34911671924290216 0.11147459727385377 0.4209463722397476 0.017806691449814133
2 0.34157728706624607 0.1766542750929368 0.4444479495268138 0.019578686493184647
2 0.34173501577287063 0.19752168525402727 0.4552996845425868 0.019727385377943017
2 0.3291167192429022 0.21858736059479555 0.4160567823343849 0.01835192069392813
2 0.3436593059936908 0.23986369268897148 0.4205993690851734 0.025377942998760866
2 0.344384858044164 0.2604460966542751 0.4079810725552051 0.020557620817843836
2 0.347192429022082 0.2821437422552664 0.4276340694006309 0.019058240396530354
2 0.35050473186119874 0.3098141263940521 0.42375394321766563 0.017682775712515468
2 0.35769716088328074 0.32454770755886003 0.4346372239747634 0.019070631970260207
2 0.3580441640378549 0.349182156133829 0.4283280757097791 0.022614622057001238
2 0.354006309148265 0.3722428748451053 0.430788643533123 0.01724907063197021
2 0.3648895899053628 0.3902850061957868 0.44548895899053625 0.0197397769516728
2 0.36050473186119875 0.41121437422552665 0.4262145110410095 0.0197397769516728
2 0.36574132492113565 0.43256505576208176 0.4297160883280758 0.02112763320941754
2 0.3662776025236593 0.45301115241635687 0.43429022082018925 0.016579925650557614
2 0.36662460567823346 0.47552664188351923 0.4279810725552051 0.014522924411400281
2 0.3436593059936908 0.5404213135068153 0.3925552050473186 0.013519206939281249
2 0.3364984227129338 0.5605947955390335 0.4097476340694007 0.013940520446096654
2 0.3435015772870663 0.5804213135068154 0.36769716088328075 0.015043370508054507
2 0.3389274447949527 0.6023915737298637 0.365583596214511 0.016294919454770726
2 0.32826498422712935 0.622627013630731 0.3757413249211357 0.01546468401486991
2 0.32561514195583596 0.6417719950433705 0.3810094637223976 0.012441140024783102
2 0.33334384858044164 0.6601610904584883 0.39643533123028385 0.01754646840148709
2 0.32826498422712935 0.6826765799256506 0.3757413249211357 0.014386617100371623
2 0.34946372239747636 0.7014002478314746 0.3866246056782334 0.013283767038413913
2 0.3589274447949527 0.848909541511772 0.34246056782334383 0.012292441140024873
2 0.37066246056782337 0.8700495662949195 0.3413880126182966 0.01188351920693918
2 0.37435331230283914 0.8889838909541511 0.3873186119873817 0.01257744733581176
2 0.37170347003154575 0.9114993804213135 0.33649842271293373 0.014919454770755841
2 0.36908517350157727 0.9302230483271376 0.3978233438485805 0.013828996282527983
2 0.37558359621451104 0.9499876084262702 0.3175709779179811 0.016171003717472064
2 0.7870662460567823 0.8296158612143743 0.42586750788643535 0.06567534076827757
2 0.8107255520504731 0.8754646840148699 0.3785488958990536 0.021065675340768277
2 0.8264984227129337 0.8983890954151177 0.3470031545741325 0.01486988847583643
2 0.8359621451104101 0.9169764560099133 0.3280757097791798 0.012391573729863693
2 0.7027760252365931 0.9302973977695167 0.19593059936908522 0.01809169764560088
2 0.9337539432176656 0.9355638166047088 0.13249211356466878 0.01734820322180917
3 0.3725867507886435 0.4930111524163569 0.4188643533123028 0.008190830235439917
0 0.374006309148265 0.9768277571251548 0.39362776025236584 0.01863692688971495