3 0.32876971608832806 0.978091697645601 0.5254258675078864 0.024894671623296057
3 0.3384227129337539 0.9554399008674102 0.47810725552050476 0.02172242874845102
3 0.3438485804416404 0.935266418835192 0.45041009463722387 0.019194547707558872
3 0.34596214511041007 0.8657992565055762 0.4686435331230284 0.020173482032218058
3 0.34665615141955836 0.8463816604708798 0.427981072555205 0.021003717472119016
3 0.3633123028391167 0.27355638166047086 0.40870662460567825 0.01972738537794309
3 0.3662776025236593 0.25483271375464683 0.39712933753943225 0.021945477075588644
3 0.37258675078864356 0.23252788104089217 0.38170347003154576 0.016988847583643166
3 0.3559305993690851 0.21627013630731098 0.42902208201892744 0.021945477075588644
3 0.35927444794952684 0.1921065675340768 0.39712933753943225 0.016579925650557756
3 0.35593059936908517 0.17338289962825273 0.37293375394321765 0.015489467162329617
2 0.34403785488958993 0.9102850061957869 0.46126182965299695 0.02317224287484516
2 0.34911671924290216 0.8885254027261462 0.4398738170347003 0.0215241635687731
2 0.34157728706624607 0.8233457249070633 0.4633753943217665 0.023296158612143687
2 0.34173501577287063 0.8024783147459728 0.47422712933753947 0.023444857496902196
2 0.3291167192429022 0.7814126394052044 0.4349842271293376 0.022069392812887167
2 0.3436593059936908 0.7601363073110285 0.43952681388012615 0.029095415117719972
2 0.344384858044164 0.7395539033457248 0.4269085173501578 0.024275092936802873
2 0.347192429022082 0.7178562577447335 0.4465615141955836 0.022775712515489602
2 0.35050473186119874 0.690185873605948 0.44268138801261836 0.021400247831474574
2 0.35769716088328074 0.6754522924411399 0.4535646687697161 0.022788104089219174
2 0.3580441640378549 0.650817843866171 0.4472555205047318 0.026332094175960347
2 0.354006309148265 0.6277571251548947 0.4497160883280757 0.020966542750929178
2 0.3648895899053628 0.6097149938042131 0.46441640378548893 0.02345724907063191
2 0.36050473186119875 0.5887856257744734 0.44514195583596217 0.02345724907063191
2 0.36574132492113565 0.5674349442379182 0.44864353312302846 0.024845105328376648
2 0.3662776025236593 0.5469888475836432 0.45321766561514193 0.020297397769516723
2 0.36662460567823346 0.5244733581164808 0.4469085173501578 0.01824039653035939
2 0.3436593059936908 0.4595786864931846 0.4114826498422713 0.017236679058240358
2 0.3364984227129338 0.4394052044609666 0.42867507886435335 0.017657992565055763
2 0.3435015772870663 0.41957868649318464 0.3866246056782334 0.018760842627013614
2 0.3389274447949527 0.3976084262701363 0.3845110410094637 0.020012391573729835
2 0.32826498422712935 0.3773729863692689 0.3946687697160884 0.01918215613382902
2 0.32561514195583596 0.35822800495662954 0.39993690851735025 0.016158612143742212
2 0.33334384858044164 0.33983890954151175 0.4153627760252366 0.0212639405204462
2 0.32826498422712935 0.3173234200743495 0.3946687697160884 0.01810408921933073
2 0.34946372239747636 0.2985997521685254 0.40555205047318615 0.01700123915737302
2 0.3589274447949527 0.15109045848822794 0.36138801261829656 0.01600991325898398
2 0.37066246056782337 0.12995043370508055 0.3603154574132493 0.015600991325898287
2 0.37435331230283914 0.11101610904584887 0.4062460567823344 0.016294919454770868
2 0.37170347003154575 0.08850061957868645 0.3554258675078864 0.01863692688971495
2 0.36908517350157727 0.06977695167286238 0.41675078864353315 0.01754646840148709
2 0.37558359621451104 0.05001239157372988 0.3364984227129338 0.01988847583643117
2 0.7823343848580442 0.1691449814126394 0.4353312302839117 0.06815365551425032
2 0.805993690851735 0.12329615861214374 0.38801261829652994 0.026022304832713755
2 0.8217665615141956 0.10037174721189591 0.35646687697160884 0.01734820322180917
2 0.831230283911672 0.08178438661710037 0.33753943217665616 0.01734820322180917
2 0.7027760252365931 0.06970260223048327 0.21485804416403798 0.021809169764559988
2 0.9290220820189274 0.06319702602230483 0.14195583596214512 0.01982651796778191
3 0.3725867507886435 0.5069888475836432 0.43779179810725555 0.011908302354399025
0 0.374006309148265 0.02317224287484516 0.4125552050473185 0.022354399008674055