3 0.32876971608832806 0.978091697645601 0.5475078864353312 0.02241635687732332
3 0.3384227129337539 0.9554399008674102 0.5001892744479496 0.01924411400247828
3 0.3438485804416404 0.935266418835192 0.4724921135646687 0.01671623296158613
3 0.34596214511041007 0.8657992565055762 0.4907255520504732 0.01769516728624532
3 0.34665615141955836 0.8463816604708798 0.4500630914826498 0.01852540272614628
3 0.3633123028391167 0.27355638166047086 0.430788643533123 0.01724907063197035
3 0.3662776025236593 0.25483271375464683 0.419211356466877 0.019467162329615907
3 0.37258675078864356 0.23252788104089217 0.4037854889589905 0.01451053283767043
3 0.3559305993690851 0.21627013630731098 0.45110410094637227 0.019467162329615907
3 0.35927444794952684 0.1921065675340768 0.419211356466877 0.014101610904585017
3 0.35593059936908517 0.17338289962825273 0.3950157728706625 0.013011152416356878
2 0.34403785488958993 0.9102850061957869 0.4833438485804417 0.020693928128872423
2 0.34911671924290216 0.8885254027261462 0.4619558359621451 0.01904584882280036
2 0.34157728706624607 0.8233457249070633 0.4854574132492113 0.020817843866170947
2 0.34173501577287063 0.8024783147459728 0.4963091482649843 0.02096654275092946
2 0.3291167192429022 0.7814126394052044 0.45706624605678237 0.01959107806691443
2 0.3436593059936908 0.7601363073110285 0.4616088328075709 0.026617100371747235
2 0.344384858044164 0.7395539033457248 0.44899053627760255 0.021796778190830136
2 0.347192429022082 0.7178562577447335 0.4686435331230284 0.020297397769516865
2 0.35050473186119874 0.690185873605948 0.46476340694006313 0.018921933085501837
2 0.35769716088328074 0.6754522924411399 0.4756466876971609 0.020309789343246433
2 0.3580441640378549 0.650817843866171 0.46933753943217654 0.02385377942998761
2 0.354006309148265 0.6277571251548947 0.4717981072555205 0.018488228004956437
2 0.3648895899053628 0.6097149938042131 0.48649842271293375 0.02097893432465917
2 0.36050473186119875 0.5887856257744734 0.467223974763407 0.02097893432465917
2 0.36574132492113565 0.5674349442379182 0.4707255520504733 0.022366790582403907
2 0.3662776025236593 0.5469888475836432 0.4752996845425867 0.017819083023543986
2 0.36662460567823346 0.5244733581164808 0.46899053627760257 0.01576208178438665
2 0.3436593059936908 0.4595786864931846 0.43356466876971606 0.01475836431226762
2 0.3364984227129338 0.4394052044609666 0.4507570977917982 0.015179677819083023
2 0.3435015772870663 0.41957868649318464 0.40870662460567825 0.016282527881040874
2 0.3389274447949527 0.3976084262701363 0.4065930599369085 0.017534076827757098
2 0.32826498422712935 0.3773729863692689 0.41675078864353315 0.01670384138785628
2 0.32561514195583596 0.35822800495662954 0.422018927444795 0.013680297397769471
2 0.33334384858044164 0.33983890954151175 0.43744479495268135 0.018785625774473458
2 0.32826498422712935 0.3173234200743495 0.41675078864353315 0.015625774473357994
2 0.34946372239747636 0.2985997521685254 0.4276340694006309 0.014522924411400281
2 0.3589274447949527 0.15109045848822794 0.38347003154574133 0.013531598513011242
2 0.37066246056782337 0.12995043370508055 0.3823974763406941 0.013122676579925548
2 0.37435331230283914 0.11101610904584887 0.4283280757097792 0.01381660470879813
2 0.37170347003154575 0.08850061957868645 0.3775078864353312 0.016158612143742212
2 0.36908517350157727 0.06977695167286238 0.438832807570978 0.015068153655514352
2 0.37558359621451104 0.05001239157372988 0.3585804416403786 0.017410161090458433
2 0.7760252365930599 0.1691449814126394 0.4479495268138801 0.06567534076827757
2 0.8012618296529969 0.12329615861214374 0.39747634069400634 0.023543990086741014
2 0.8154574132492114 0.10037174721189591 0.36908517350157727 0.01486988847583643
2 0.8264984227129337 0.08178438661710037 0.3470031545741325 0.01486988847583643
2 0.7027760252365931 0.06970260223048327 0.23694006309148277 0.019330855018587247
2 0.9242902208201893 0.06319702602230483 0.15141955835962145 0.01734820322180917
3 0.3725867507886435 0.5069888475836432 0.4598738170347003 0.009429987608426288
0 0.374006309148265 0.02317224287484516 0.43463722397476334 0.019876084262701318