3 0.32876971608832806 0.021908302354399008 0.5443533123028391 0.018698884758364318
3 0.3384227129337539 0.04456009913258984 0.49703470031545743 0.015526641883519208
3 0.3438485804416404 0.06473358116480793 0.46933753943217654 0.012998760842627008
3 0.34596214511041007 0.1342007434944238 0.4875709779179811 0.013977695167286247
3 0.34665615141955836 0.15361833952912018 0.4469085173501577 0.014807930607187098
3 0.3633123028391167 0.7264436183395291 0.4276340694006309 0.013531598513011242
3 0.3662776025236593 0.7451672862453532 0.4160567823343849 0.015749690210656798
3 0.37258675078864356 0.7674721189591078 0.40063091482649843 0.010793060718711322
3 0.3559305993690851 0.783729863692689 0.4479495268138801 0.015749690210656798
3 0.35927444794952684 0.8078934324659232 0.4160567823343849 0.01038413878562591
3 0.35593059936908517 0.8266171003717473 0.3918611987381703 0.00929368029739777
2 0.34403785488958993 0.08971499380421315 0.4801892744479496 0.016976456009913245
2 0.34911671924290216 0.11147459727385377 0.458801261829653 0.015328376703841394
2 0.34157728706624607 0.1766542750929368 0.4823028391167192 0.01710037174721191
2 0.34173501577287063 0.19752168525402727 0.49315457413249214 0.01724907063197028
2 0.3291167192429022 0.21858736059479555 0.45391167192429027 0.015873605947955394
2 0.3436593059936908 0.23986369268897148 0.45845425867507883 0.022899628252788125
2 0.344384858044164 0.2604460966542751 0.44583596214511045 0.018079306071871096
2 0.347192429022082 0.2821437422552664 0.4654889589905363 0.016579925650557614
2 0.35050473186119874 0.3098141263940521 0.46160883280757103 0.015204460966542729
2 0.35769716088328074 0.32454770755886003 0.47249211356466875 0.01659231722428747
2 0.3580441640378549 0.349182156133829 0.46618296529968445 0.0201363073110285
2 0.354006309148265 0.3722428748451053 0.4686435331230284 0.014770755885997472
2 0.3648895899053628 0.3902850061957868 0.48334384858044166 0.017261462205700063
2 0.36050473186119875 0.41121437422552665 0.4640694006309149 0.017261462205700063
2 0.36574132492113565 0.43256505576208176 0.46757097791798113 0.0186493184634448
2 0.3662776025236593 0.45301115241635687 0.4721451104100946 0.014101610904584876
2 0.36662460567823346 0.47552664188351923 0.46583596214511047 0.012044609665427542
2 0.3436593059936908 0.5404213135068153 0.43041009463722396 0.01104089219330851
2 0.3364984227129338 0.5605947955390335 0.44760252365930603 0.011462205700123915
2 0.3435015772870663 0.5804213135068154 0.40555205047318615 0.012565055762081768
2 0.3389274447949527 0.6023915737298637 0.4034384858044164 0.013816604708797989
2 0.32826498422712935 0.622627013630731 0.41359621451104106 0.012986369268897173
2 0.32561514195583596 0.6417719950433705 0.41886435331230293 0.009962825278810363
2 0.33334384858044164 0.6601610904584883 0.43429022082018925 0.015068153655514352
2 0.32826498422712935 0.6826765799256506 0.41359621451104106 0.011908302354398884
2 0.34946372239747636 0.7014002478314746 0.42447949526813883 0.010805452292441174
2 0.3589274447949527 0.848909541511772 0.38031545741324924 0.009814126394052134
2 0.37066246056782337 0.8700495662949195 0.379242902208202 0.00940520446096644
2 0.37435331230283914 0.8889838909541511 0.42517350157728706 0.010099132589839022
2 0.37170347003154575 0.9114993804213135 0.3743533123028391 0.012441140024783102
2 0.36908517350157727 0.9302230483271376 0.43567823343848583 0.011350681536555244
2 0.37558359621451104 0.9499876084262702 0.35542586750788646 0.013692688971499323
2 0.777602523659306 0.8296158612143743 0.444794952681388 0.06319702602230483
2 0.8012618296529969 0.8754646840148699 0.39747634069400634 0.01858736059479554
2 0.8170347003154574 0.8983890954151177 0.3659305993690852 0.012391573729863693
2 0.8264984227129337 0.9169764560099133 0.3470031545741325 0.009913258983890954
2 0.7027760252365931 0.9302973977695167 0.23378548895899068 0.01561338289962814
2 0.9242902208201893 0.9355638166047088 0.15141955835962145 0.01486988847583643
3 0.3725867507886435 0.4930111524163569 0.4567192429022082 0.005712515489467179
0 0.374006309148265 0.9768277571251548 0.4314826498422712 0.016158612143742212