3 0.30757097791798105 0.02292441140024783 0.47318611987381703 0.024783147459727387
3 0.3186119873817035 0.04584882280049566 0.42586750788643535 0.021065675340768277
3 0.3249211356466877 0.06567534076827757 0.39747634069400634 0.01858736059479554
3 0.32965299684542587 0.13506815365551425 0.416403785488959 0.01982651796778191
3 0.3312302839116719 0.15489467162329615 0.3753943217665615 0.01982651796778191
3 0.37381703470031546 0.7273853779429987 0.35646687697160884 0.01858736059479554
3 0.37697160883280756 0.7459727385377943 0.3438485804416404 0.021065675340768277
3 0.38485804416403785 0.7682775712515489 0.3280757097791798 0.0161090458488228
3 0.36908517350157727 0.7843866171003717 0.3753943217665615 0.021065675340768277
3 0.3722397476340694 0.8085501858736059 0.3438485804416404 0.01486988847583643
3 0.37066246056782337 0.8277571251548946 0.3186119873817035 0.013630731102850062
2 0.3264984227129338 0.09107806691449814 0.4069400630914827 0.022304832713754646
2 0.3312302839116719 0.1127633209417596 0.38801261829652994 0.021065675340768277
2 0.3264984227129338 0.177819083023544 0.41009463722397477 0.022304832713754646
2 0.3280757097791798 0.19888475836431227 0.4227129337539432 0.022304832713754646
2 0.31703470031545744 0.21995043370508055 0.38170347003154576 0.021065675340768277
2 0.33280757097791797 0.24101610904584883 0.38801261829652994 0.028500619578686492
2 0.334384858044164 0.2614622057001239 0.3753943217665615 0.023543990086741014
2 0.33753943217665616 0.28314745972738536 0.3943217665615142 0.022304832713754646
2 0.3422712933753943 0.3110285006195787 0.3911671924290221 0.01982651796778191
2 0.3501577287066246 0.3252788104089219 0.40063091482649843 0.022304832713754646
2 0.35173501577287064 0.3500619578686493 0.3943217665615142 0.024783147459727387
2 0.34858044164037855 0.37298636926889717 0.39747634069400634 0.01982651796778191
2 0.35962145110410093 0.3909541511771995 0.41009463722397477 0.022304832713754646
2 0.35646687697160884 0.41201982651796776 0.3911671924290221 0.022304832713754646
2 0.3627760252365931 0.43370508054522927 0.3943217665615142 0.023543990086741014
2 0.3643533123028391 0.4541511771995043 0.40063091482649843 0.01982651796778191
2 0.3659305993690852 0.476456009913259 0.3943217665615142 0.01734820322180917
2 0.34542586750788645 0.5415117719950434 0.35962145110410093 0.0161090458488228
2 0.3391167192429022 0.5619578686493185 0.3753943217665615 0.0161090458488228
2 0.3470031545741325 0.5817843866171004 0.334384858044164 0.01734820322180917
2 0.3438485804416404 0.6034696406443618 0.3312302839116719 0.01858736059479554
2 0.334384858044164 0.6239157372986369 0.34069400630914826 0.01734820322180917
2 0.3312302839116719 0.6431226765799256 0.3470031545741325 0.01486988847583643
2 0.34069400630914826 0.661090458488228 0.3627760252365931 0.01982651796778191
2 0.3359621451104101 0.6840148698884758 0.34069400630914826 0.0161090458488228
2 0.3580441640378549 0.7026022304832714 0.35331230283911674 0.0161090458488228
2 0.37381703470031546 0.8500619578686494 0.30914826498422715 0.01486988847583643
2 0.3864353312302839 0.8711276332094176 0.305993690851735 0.013630731102850062
2 0.3911671924290221 0.8897149938042132 0.35331230283911674 0.01486988847583643
2 0.38958990536277605 0.9120198265179678 0.3028391167192429 0.01734820322180917
2 0.38801261829652994 0.9312267657992565 0.3627760252365931 0.0161090458488228
2 0.39589905362776023 0.9510532837670385 0.28391167192429023 0.01858736059479554
2 0.8028391167192429 0.8283767038413878 0.3943217665615142 0.06815365551425032
2 0.8280757097791798 0.8742255266418835 0.3438485804416404 0.023543990086741014
2 0.8438485804416404 0.895910780669145 0.31230283911671924 0.01734820322180917
2 0.8548895899053628 0.9144981412639405 0.2902208201892745 0.01486988847583643
2 0.722397476340694 0.9287484510532837 0.1608832807570978 0.01858736059479554
2 0.9526813880126183 0.9330855018587361 0.0946372239747634 0.01734820322180917
3 0.3722397476340694 0.49380421313506817 0.38485804416403785 0.011152416356877323
0 0.39589905362776023 0.9776951672862454 0.35962145110410093 0.021065675340768277