3 0.32876971608832806 0.978091697645601 0.48441640378548895 0.021177199504336948
3 0.3384227129337539 0.9554399008674102 0.43709779179810726 0.018004956629491913
3 0.3438485804416404 0.935266418835192 0.4094006309148264 0.015477075588599764
3 0.34596214511041007 0.8657992565055762 0.4276340694006309 0.01645600991325895
3 0.34665615141955836 0.8463816604708798 0.3869716088328075 0.017286245353159906
3 0.3633123028391167 0.27355638166047086 0.36769716088328075 0.01600991325898398
3 0.3662776025236593 0.25483271375464683 0.35611987381703475 0.01822800495662954
3 0.37258675078864356 0.23252788104089217 0.34069400630914826 0.01327137546468406
3 0.3559305993690851 0.21627013630731098 0.38801261829652994 0.01822800495662954
3 0.35927444794952684 0.1921065675340768 0.35611987381703475 0.012862453531598648
3 0.35593059936908517 0.17338289962825273 0.3319242902208202 0.011771995043370507
2 0.34403785488958993 0.9102850061957869 0.42025236593059945 0.019454770755886055
2 0.34911671924290216 0.8885254027261462 0.39886435331230286 0.01780669144981399
2 0.34157728706624607 0.8233457249070633 0.42236593059936905 0.019578686493184578
2 0.34173501577287063 0.8024783147459728 0.433217665615142 0.01972738537794309
2 0.3291167192429022 0.7814126394052044 0.3939747634069401 0.01835192069392806
2 0.3436593059936908 0.7601363073110285 0.39851735015772866 0.025377942998760866
2 0.344384858044164 0.7395539033457248 0.3858990536277603 0.020557620817843764
2 0.347192429022082 0.7178562577447335 0.40555205047318615 0.019058240396530493
2 0.35050473186119874 0.690185873605948 0.40167192429022086 0.017682775712515468
2 0.35769716088328074 0.6754522924411399 0.41255520504731863 0.019070631970260064
2 0.3580441640378549 0.650817843866171 0.4062460567823343 0.022614622057001238
2 0.354006309148265 0.6277571251548947 0.40870662460567825 0.01724907063197007
2 0.3648895899053628 0.6097149938042131 0.4234069400630915 0.0197397769516728
2 0.36050473186119875 0.5887856257744734 0.4041324921135647 0.0197397769516728
2 0.36574132492113565 0.5674349442379182 0.407634069400631 0.02112763320941754
2 0.3662776025236593 0.5469888475836432 0.41220820189274443 0.016579925650557614
2 0.36662460567823346 0.5244733581164808 0.4058990536277603 0.014522924411400281
2 0.3436593059936908 0.4595786864931846 0.3704731861198738 0.013519206939281249
2 0.3364984227129338 0.4394052044609666 0.38766561514195585 0.013940520446096654
2 0.3435015772870663 0.41957868649318464 0.345615141955836 0.015043370508054507
2 0.3389274447949527 0.3976084262701363 0.3435015772870662 0.016294919454770726
2 0.32826498422712935 0.3773729863692689 0.3536593059936909 0.01546468401486991
2 0.32561514195583596 0.35822800495662954 0.35892744479495275 0.012441140024783102
2 0.33334384858044164 0.33983890954151175 0.3743533123028391 0.01754646840148709
2 0.32826498422712935 0.3173234200743495 0.3536593059936909 0.014386617100371623
2 0.34946372239747636 0.2985997521685254 0.36454258675078866 0.013283767038413913
2 0.3589274447949527 0.15109045848822794 0.32037854889589906 0.012292441140024873
2 0.37066246056782337 0.12995043370508055 0.31930599369085183 0.01188351920693918
2 0.37435331230283914 0.11101610904584887 0.3652365930599369 0.01257744733581176
2 0.37170347003154575 0.08850061957868645 0.3144164037854889 0.014919454770755841
2 0.36908517350157727 0.06977695167286238 0.3757413249211357 0.013828996282527983
2 0.37558359621451104 0.05001239157372988 0.29548895899053634 0.016171003717472064
2 0.7928391167192429 0.16975216852540273 0.41429022082018924 0.06503097893432468
2 0.8168454258675079 0.12375464684014871 0.3634700315457414 0.0215241635687731
2 0.831230283911672 0.10037174721189591 0.33753943217665616 0.01486988847583643
2 0.8422712933753943 0.08178438661710037 0.31545741324921134 0.012391573729863693
2 0.7027760252365931 0.06970260223048327 0.17384858044164042 0.01809169764560088
2 0.9400630914826499 0.06319702602230483 0.11987381703470032 0.01734820322180917
3 0.3725867507886435 0.5069888475836432 0.39678233438485805 0.008190830235439917
0 0.374006309148265 0.02317224287484516 0.3715457413249211 0.01863692688971495