2 0.2799154749619146 0.02476780185758514 0.5598309499238292 0.04953560371517028
2 0.2924959457467197 0.07894736842105264 0.5849918914934394 0.046439628482972145
2 0.2924959457467197 0.14705882352941177 0.5849918914934394 0.04643962848297213
2 0.3050764165315249 0.1842105263157895 0.6101528330630498 0.04643962848297212
2 0.3019312988353236 0.24458204334365327 0.6038625976706472 0.055727554179566596
2 0.3019312988353236 0.30340557275541796 0.6038625976706472 0.04334365325077394
2 0.31765688731633 0.34674922600619196 0.63531377463266 0.049535603715170295
2 0.3050764165315249 0.3993808049535604 0.6101528330630498 0.049535603715170295
2 0.3113666519239275 0.4535603715170279 0.622733303847855 0.052631578947368474
2 0.3145117696201288 0.5046439628482973 0.6290235392402576 0.04334365325077405
2 0.3113666519239275 0.5603715170278638 0.622733303847855 0.037151702786377694
2 0.2704801218733108 0.7229102167182663 0.5409602437466215 0.034055727554179516
2 0.273625239569512 0.7739938080495357 0.547250479139024 0.037151702786377694
2 0.25789965108850554 0.823529411764706 0.5157993021770111 0.037151702786377694
2 0.251609415696103 0.8777089783281734 0.503218831392206 0.04024767801857587
2 0.24846429799990175 0.9287925696594428 0.4969285959998035 0.037151702786377694
2 0.24846429799990175 0.9752321981424149 0.4969285959998035 0.030959752321981338
3 0.3145117696201288 0.6052631578947368 0.6290235392402576 0.021671826625387025