3 0.7092274678111588 0.9898648648648649 0.5772532188841202 0.02027027027027027
3 0.7119527896995708 0.9491351351351351 0.5718025751072963 0.04581081081081093
3 0.7060085836909872 0.897972972972973 0.5879828326180258 0.0472972972972973
3 0.7093133047210299 0.8474594594594594 0.5770815450643778 0.04209459459459441
3 0.699892703862661 0.7969324324324325 0.5925965665236052 0.04252702702702706
3 0.6997424892703862 0.7512027027027027 0.5764377682403433 0.04583783783783794
3 0.7139270386266094 0.7047297297297297 0.5414377682403435 0.04605405405405403
3 0.6992489270386266 0.657108108108108 0.5278969957081545 0.043986486486486426
3 0.6868669527896996 0.6106486486486487 0.5163519313304721 0.04251351351351356
3 0.6928111587982831 0.5701081081081081 0.4648497854077253 0.03295945945945944
3 0.7040343347639486 0.5315405405405405 0.41598712446351915 0.0473243243243243
3 0.681587982832618 0.48874324324324325 0.42126609442060076 0.03144594594594592
3 0.7101287553648068 0.453081081081081 0.4598927038626609 0.03000000000000006
3 0.6744849785407725 0.4091081081081081 0.5047854077253219 0.03687837837837833
3 0.6862017167381974 0.36575675675675684 0.4516309012875537 0.030027027027027062
3 0.6941201716738198 0.32843243243243236 0.4093776824034335 0.040216216216216204
3 0.6784334763948497 0.2847702702702703 0.3780042918454937 0.027756756756756706
3 0.6898283261802576 0.25254054054054054 0.45096566523605164 0.04648648648648661
3 0.6678755364806868 0.213554054054054 0.43875536480686694 0.026743243243243193
3 0.6802575107296137 0.18008108108108106 0.39748927038626614 0.03132432432432441
3 0.6621030042918455 0.1347702702702703 0.45360515021459225 0.02714864864864854
2 0.25635193133047207 0.6293648648648649 0.22845493562231767 0.04333783783783791
2 0.26742489270386266 0.5913243243243244 0.24266094420600867 0.0321351351351351
2 0.2748497854077253 0.5548243243243243 0.20467811158798283 0.02901351351351355
2 0.26345493562231753 0.5207297297297298 0.2109656652360514 0.025702702702702678
2 0.2570171673819742 0.4901621621621622 0.22714592274678116 0.026121621621621675
2 0.2624678111587983 0.4575135135135135 0.19313304721030042 0.032378378378378425
2 0.259656652360515 0.4262297297297298 0.1954506437768241 0.026351351351351353
2 0.2593347639484979 0.400472972972973 0.18950643776824022 0.037945945945946004
2 0.2679184549356224 0.36616216216216213 0.18553648068669537 0.02921621621621622
2 0.2779828326180258 0.337472972972973 0.23472103004291844 0.02340540540540532
2 0.26261802575107296 0.31002702702702695 0.19609442060085835 0.025081081081081008
2 0.2687339055793992 0.2744594594594595 0.2003862660944206 0.03881081081081085