3 0.25965250965250963 0.057715674362089915 0.5193050193050193 0.08626974483596597
3 0.2644787644787645 0.10510328068043742 0.5193050193050193 0.08626974483596597
3 0.277992277992278 0.15066828675577157 0.5366795366795367 0.08869987849331713
3 0.28667953667953666 0.19562575941676794 0.5231660231660231 0.08262454434993925
3 0.305019305019305 0.2393681652490887 0.5366795366795367 0.0850546780072904
3 0.31467181467181465 0.2800729040097205 0.5231660231660231 0.08626974483596597
3 0.3108108108108108 0.32260024301336576 0.4922779922779923 0.08383961117861483
3 0.333011583011583 0.36391251518833534 0.47876447876447875 0.08019441069258809
3 0.3532818532818533 0.4046172539489672 0.4691119691119691 0.07897934386391252
3 0.3561776061776062 0.44106925880923453 0.42084942084942084 0.06561360874848117
3 0.35424710424710426 0.47630619684082626 0.3803088803088803 0.07533414337788578
3 0.38223938223938225 0.5127582017010935 0.38223938223938225 0.060753341433778855
3 0.3638996138996139 0.5467800729040098 0.41505791505791506 0.06318347509113001
3 0.40444015444015446 0.583232077764277 0.4575289575289575 0.07290400972053462
3 0.4034749034749035 0.6227217496962333 0.4092664092664093 0.061968408262454436
3 0.4034749034749035 0.6561360874848117 0.37258687258687256 0.06804374240583232
3 0.42567567567567566 0.6938031591737546 0.3416988416988417 0.054678007290400975
3 0.42277992277992277 0.7235722964763062 0.4111969111969112 0.07654921020656136
3 0.4498069498069498 0.7563791008505468 0.39575289575289574 0.0583232077764277
3 0.444980694980695 0.787363304981774 0.361003861003861 0.05953827460510328
3 0.4700772200772201 0.8262454434993924 0.4092664092664093 0.05953827460510328
2 0.7335907335907336 0.35419198055893075 0.21235521235521235 0.05710814094775213
2 0.7316602316602316 0.3888213851761847 0.222007722007722 0.04738760631834751
2 0.7316602316602316 0.42162818955042525 0.18725868725868725 0.0425273390036452
2 0.749034749034749 0.4513973268529769 0.19305019305019305 0.040097205346294046
2 0.7606177606177607 0.4781287970838396 0.2084942084942085 0.041312272174969626
2 0.7625482625482626 0.5072904009720535 0.1776061776061776 0.04374240583232078
2 0.7712355212355212 0.5352369380315918 0.17953667953667954 0.038882138517618466
2 0.7760617760617761 0.5577156743620899 0.17567567567567569 0.04860267314702309
2 0.7760617760617761 0.5893074119076549 0.1718146718146718 0.040097205346294046
2 0.7722007722007722 0.6154313487241798 0.21428571428571427 0.038882138517618466
2 0.7915057915057915 0.6385176184690158 0.17953667953667954 0.03766707168894289
2 0.7934362934362934 0.6707168894289186 0.18532818532818532 0.04981773997569866