3 0.153125 0.0265625 0.210625 0.02578125
3 0.151875 0.058203125 0.20875 0.02578125
3 0.15375 0.088671875 0.204375 0.024609375
3 0.153125 0.118359375 0.201875 0.022265625
3 0.156875 0.1484375 0.218125 0.023828125
3 0.156875 0.175390625 0.193125 0.023046875
3 0.15125 0.203125 0.195 0.02578125
3 0.156875 0.23125 0.198125 0.025
3 0.161875 0.258984375 0.180625 0.022265625
3 0.159375 0.2828125 0.16125 0.016796875
3 0.155 0.305859375 0.155 0.026953125
3 0.16375 0.33125 0.15875 0.0171875
3 0.1525 0.35234375 0.15875 0.015234375
3 0.166875 0.378515625 0.19375 0.021484375
3 0.161875 0.40390625 0.171875 0.016796875
3 0.15875 0.426171875 0.15 0.022265625
3 0.165 0.451953125 0.12875 0.013671875
3 0.160625 0.47109375 0.165 0.02578125
3 0.169375 0.494140625 0.155625 0.014453125
3 0.164375 0.5140625 0.145 0.0171875
3 0.17125 0.541015625 0.151875 0.013671875
2 0.328125 0.24765625 0.088125 0.025
2 0.32375 0.2703125 0.081875 0.016015625
2 0.32125 0.291796875 0.075 0.015625
2 0.325625 0.312109375 0.07625 0.0140625
2 0.328125 0.33046875 0.085625 0.0140625
2 0.32625 0.349609375 0.065625 0.016796875
2 0.326875 0.368359375 0.066875 0.01328125
2 0.3275 0.38359375 0.065 0.019921875
2 0.32375 0.40390625 0.063125 0.015234375
2 0.32 0.420703125 0.07875 0.01171875
2 0.325625 0.437109375 0.06625 0.012890625
2 0.32375 0.458203125 0.07625 0.021875
3 0.6475 0.638671875 0.295 0.04140625
2 0.130625 0.8375 0.26125 0.0625
2 0.13125 0.89453125 0.2625 0.034375
2 0.12625 0.929296875 0.2525 0.02734375
2 0.13 0.9640625 0.26 0.01875
2 0.10375 0.990234375 0.2075 0.01015625