3 0.3566988416988417 0.9595990279465371 0.5338610038610039 0.041178614823815435
3 0.3537258687258687 0.9117375455650061 0.5279150579150579 0.041190765492102176
3 0.3572972972972973 0.865273390036452 0.546930501930502 0.04251518833535846
3 0.35610038610038613 0.8203159173754556 0.5326640926640926 0.03784933171324406
3 0.3645752895752895 0.7748845686512759 0.5466216216216215 0.03823815309842045
3 0.36471042471042475 0.7337667071688942 0.5320849420849421 0.041215066828675664
3 0.35194980694980693 0.6919805589307412 0.5005984555984557 0.04140947752126358
3 0.3651544401544401 0.6491616038882139 0.48841698841698844 0.039550425273389984
3 0.3762934362934363 0.6073876063183475 0.47803088803088806 0.0382260024301337
3 0.370945945945946 0.5709356014580802 0.4316988416988417 0.02963547995139731
3 0.36084942084942084 0.5362575941676792 0.3877413127413127 0.04255164034021869
3 0.381042471042471 0.4977764277035237 0.3924903474903474 0.02827460510328066
3 0.3553667953667954 0.46571081409477516 0.42723938223938224 0.02697448359659787
3 0.3874324324324324 0.42617253948967193 0.46762548262548265 0.03315917375455646
3 0.3768918918918919 0.3871931956257595 0.41980694980694977 0.026998784933171358
3 0.3697683397683397 0.3536330498177399 0.38179536679536685 0.03616038882138516
3 0.3838803088803089 0.3143742405832321 0.35357142857142865 0.02495747266099631
3 0.37362934362934364 0.28539489671931956 0.41920849420849426 0.04179829890643996
3 0.3933783783783784 0.2503402187120291 0.4082239382239382 0.024046172539489628
3 0.38223938223938225 0.2202430133657351 0.37110038610038615 0.028165249088699957
3 0.3985714285714285 0.17950182260024303 0.4215830115830116 0.024410692588092246
2 0.7635907335907336 0.6242162818955043 0.2190347490347491 0.03896719319562596
2 0.7536293436293436 0.5900121506682867 0.23181467181467189 0.02889428918590519
2 0.746949806949807 0.5571931956257594 0.19764478764478763 0.026087484811664674
2 0.7572007722007722 0.5265370595382746 0.2033011583011582 0.023110571081409455
2 0.762992277992278 0.49905224787363306 0.2178571428571429 0.023487241798298957
2 0.7580888030888031 0.4696962332928311 0.18725868725868725 0.029113001215066873
2 0.7606177606177607 0.4415674362089915 0.18934362934362942 0.023693803159173753
2 0.7609073359073358 0.418408262454435 0.1839961389961389 0.03411907654921026
2 0.7531853281853281 0.3875577156743621 0.1804247104247105 0.026269744835965985
2 0.7441312741312741 0.3617618469015796 0.22467181467181466 0.02104495747266092
2 0.7579536679536679 0.33708383961117855 0.18992277992277992 0.022551640340218646
2 0.7524517374517374 0.30510328068043746 0.19378378378378378 0.03489671931956261