3 0.35714285714285715 0.040097205346294046 0.5212355212355212 0.041312272174969626
3 0.3532818532818533 0.08809234507897934 0.5135135135135135 0.041312272174969626
3 0.35714285714285715 0.13487241798298907 0.5328185328185329 0.0425273390036452
3 0.3561776061776062 0.1798298906439854 0.5193050193050193 0.03766707168894289
3 0.36486486486486486 0.22539489671931956 0.5328185328185329 0.03766707168894289
3 0.36486486486486486 0.2660996354799514 0.5193050193050193 0.041312272174969626
3 0.35231660231660233 0.3080194410692588 0.4864864864864865 0.041312272174969626
3 0.36486486486486486 0.350546780072904 0.4749034749034749 0.040097205346294046
3 0.3764478764478765 0.39246658566221143 0.46525096525096526 0.03766707168894289
3 0.37065637065637064 0.4289185905224787 0.4189189189189189 0.02916160388821385
3 0.361003861003861 0.46354799513973266 0.3745173745173745 0.0425273390036452
3 0.3812741312741313 0.5024301336573511 0.3783783783783784 0.027946537059538274
3 0.3552123552123552 0.5340218712029161 0.41312741312741313 0.026731470230862697
3 0.38706563706563707 0.5741190765492102 0.45366795366795365 0.032806804374240585
3 0.3764478764478765 0.6130012150668287 0.40540540540540543 0.026731470230862697
3 0.3696911196911197 0.6464155528554071 0.3687258687258687 0.03645200486026731
3 0.3841698841698842 0.6859052247873633 0.33976833976833976 0.02551640340218712
3 0.3735521235521235 0.7144592952612394 0.40540540540540543 0.041312272174969626
3 0.3938223938223938 0.7496962332928311 0.3938223938223938 0.024301336573511544
3 0.38223938223938225 0.7794653705953828 0.35714285714285715 0.027946537059538274
3 0.39864864864864863 0.8207776427703524 0.40733590733590735 0.024301336573511544
2 0.7635135135135135 0.37606318347509116 0.20463320463320464 0.038882138517618466
2 0.7538610038610039 0.41008505467800727 0.21814671814671815 0.02916160388821385
2 0.747104247104247 0.44289185905224787 0.1833976833976834 0.02551640340218712
2 0.7567567567567568 0.4732685297691373 0.1891891891891892 0.023086269744835967
2 0.7625482625482626 0.5012150668286756 0.20463320463320464 0.023086269744835967
2 0.7577220077220077 0.5303766707168894 0.17374517374517376 0.02916160388821385
2 0.7606177606177607 0.5583232077764277 0.17567567567567569 0.024301336573511544
2 0.7606177606177607 0.5814094775212637 0.16988416988416988 0.03402187120291616
2 0.752895752895753 0.6123936816524909 0.16602316602316602 0.026731470230862697
2 0.7442084942084942 0.6385176184690158 0.21042471042471042 0.020656136087484813
2 0.7577220077220077 0.6628189550425273 0.17567567567567569 0.023086269744835967
2 0.752895752895753 0.6950182260024301 0.17953667953667954 0.03523693803159174