3 0.11770833333333333 0.025520833333333333 0.16666666666666666 0.025260416666666667
3 0.11666666666666667 0.05546875 0.15989583333333332 0.024479166666666666
3 0.11770833333333333 0.08489583333333334 0.16614583333333333 0.024739583333333332
3 0.11744791666666667 0.11302083333333333 0.15755208333333334 0.021875
3 0.1203125 0.14166666666666666 0.16223958333333333 0.021875
3 0.1203125 0.16770833333333332 0.15286458333333333 0.022916666666666665
3 0.11614583333333334 0.19401041666666666 0.15208333333333332 0.024479166666666666
3 0.1203125 0.22083333333333333 0.14583333333333334 0.023177083333333334
3 0.12395833333333334 0.24713541666666666 0.13697916666666668 0.02109375
3 0.12239583333333333 0.27005208333333336 0.13125 0.016927083333333332
3 0.11901041666666666 0.29192708333333334 0.11197916666666667 0.02421875
3 0.12552083333333333 0.31614583333333335 0.10833333333333334 0.015104166666666667
3 0.1171875 0.33645833333333336 0.11901041666666666 0.014583333333333334
3 0.12760416666666666 0.3614583333333333 0.14166666666666666 0.01953125
3 0.12421875 0.3859375 0.12421875 0.015364583333333333
3 0.121875 0.40703125 0.11536458333333334 0.021354166666666667
3 0.1265625 0.4317708333333333 0.103125 0.0140625
3 0.12317708333333334 0.45 0.12604166666666666 0.024739583333333332
3 0.1296875 0.47213541666666664 0.11458333333333333 0.013020833333333334
3 0.12604166666666666 0.4908854166666667 0.1046875 0.015104166666666667
3 0.13151041666666666 0.5166666666666667 0.12265625 0.013802083333333333
2 0.2518229166666667 0.23671875 0.06432291666666666 0.022916666666666665
2 0.2484375 0.25807291666666665 0.06536458333333334 0.015885416666666666
2 0.24635416666666668 0.27890625 0.05520833333333333 0.014322916666666666
2 0.24973958333333332 0.2981770833333333 0.05859375 0.01328125
2 0.2515625 0.31536458333333334 0.06302083333333333 0.013541666666666667
2 0.25 0.3338541666666667 0.0546875 0.017708333333333333
2 0.25078125 0.3515625 0.05755208333333333 0.014322916666666666
2 0.25078125 0.36614583333333334 0.05286458333333333 0.020052083333333335
2 0.2484375 0.38567708333333334 0.05416666666666667 0.015885416666666666
2 0.2453125 0.40182291666666664 0.06354166666666666 0.011979166666666667
2 0.25 0.41744791666666664 0.05520833333333333 0.01328125
2 0.24817708333333333 0.4375 0.05260416666666667 0.01875
1 0.6930572916666667 0.20212500000000003 0.28807812499999996 0.03592447916666674
1 0.6986666666666667 0.2870260416666667 0.2894687499999999 0.030312500000000023
1 0.7002291666666667 0.3958125 0.26394791666666667 0.033255208333333286
2 0.7079843750000001 0.025838541666666673 0.3245937499999999 0.045458333333333316
2 0.7114583333333333 0.06872395833333332 0.30584375000000014 0.037825520833333334
2 0.7140052083333333 0.11456249999999998 0.2850703124999999 0.035341145833333344
2 0.7047447916666667 0.15554166666666666 0.2758671875000001 0.04107552083333334
2 0.7104166666666667 0.243265625 0.2964114583333334 0.031515625
0 0.6981458333333334 0.32114583333333335 0.2671875 0.030807291666666594
0 0.7020833333333333 0.35679687499999996 0.27488541666666666 0.029945312499999942
0 0.6992499999999999 0.429375 0.2526041666666667 0.023645833333333262
0 0.6896406250000001 0.4996927083333334 0.24247656250000002 0.018783854166666693
3 0.6915520833333333 0.46496875 0.21435156250000004 0.021218750000000123
3 0.6891770833333334 0.534859375 0.21215364583333335 0.02866406250000016
3 0.7012135416666666 0.5687135416666667 0.22112239583333337 0.025138020833333267
3 0.7041666666666667 0.6013593749999999 0.2071171875 0.02589583333333323
3 0.7588541666666667 0.64921875 0.353125 0.0390625
0 0.7853541666666667 0.7082916666666667 0.365625 0.03224739583333332
0 0.7869166666666667 0.7519843749999999 0.33958333333333335 0.04794791666666664
0 0.7895833333333333 0.80146875 0.3108723958333333 0.043265625000000085
0 0.781578125 0.8450260416666667 0.23450520833333333 0.02992447916666663
2 0.7800156250000001 0.893 0.319921875 0.030888020833333484
2 0.7917343750000001 0.93896875 0.297265625 0.042744791666666754
2 0.7953125 0.98359375 0.253125 0.0328125