3 0.3566988416988417 0.04040097205346294 0.53 0.04239368165249089
3 0.3537258687258687 0.08826245443499392 0.524054054054054 0.04240583232077765
3 0.3572972972972973 0.134726609963548 0.5430694980694981 0.04373025516403403
3 0.35610038610038613 0.17968408262454436 0.5288030888030888 0.03906439854191978
3 0.3645752895752895 0.2251154313487242 0.5427606177606177 0.03945321992709595
3 0.36471042471042475 0.26623329283110575 0.5282239382239382 0.042430133657351175
3 0.35194980694980693 0.3080194410692588 0.4967374517374519 0.04262454434993929
3 0.3651544401544401 0.35083839611178613 0.48455598455598453 0.04076549210206556
3 0.3762934362934363 0.3926123936816525 0.4741698841698842 0.03944106925880928
3 0.370945945945946 0.4290643985419198 0.42783783783783785 0.030850546780072888
3 0.36084942084942084 0.4637424058323208 0.38388030888030883 0.04376670716889427
3 0.381042471042471 0.5022235722964763 0.38862934362934354 0.029489671931956236
3 0.3553667953667954 0.5342891859052248 0.4233783783783784 0.028189550425273446
3 0.3874324324324324 0.5738274605103281 0.4637644787644788 0.03437424058323203
3 0.3768918918918919 0.6128068043742405 0.4159459459459459 0.028213851761846934
3 0.3697683397683397 0.6463669501822601 0.377934362934363 0.03737545565006074
3 0.3838803088803089 0.685625759416768 0.3497104247104248 0.026172539489671888
3 0.37362934362934364 0.7146051032806805 0.4153474903474904 0.04301336573511554
3 0.3933783783783784 0.7496597812879708 0.4043629343629343 0.025261239368165204
3 0.38223938223938225 0.7797569866342648 0.3672393822393823 0.029380315917375534
3 0.3985714285714285 0.820498177399757 0.41772200772200774 0.025625759416767823
2 0.7635907335907336 0.37578371810449573 0.21517374517374524 0.0401822600243014
2 0.7536293436293436 0.4099878493317133 0.22795366795366803 0.030109356014580767
2 0.746949806949807 0.4428068043742406 0.19378378378378378 0.02730255164034025
2 0.7572007722007722 0.47346294046172543 0.19944015444015434 0.024325637910085032
2 0.762992277992278 0.5009477521263669 0.21399613899613903 0.024702308626974534
2 0.7580888030888031 0.5303037667071689 0.1833976833976834 0.03032806804374245
2 0.7606177606177607 0.5584325637910085 0.18548262548262556 0.02490886998784933
2 0.7609073359073358 0.5815917375455649 0.18013513513513502 0.03533414337788583
2 0.7531853281853281 0.612442284325638 0.17656370656370662 0.027484811664641562
2 0.7441312741312741 0.6382381530984204 0.2208108108108108 0.022260024301336497
2 0.7579536679536679 0.6629161603888214 0.18606177606177604 0.023766707168894223
2 0.7524517374517374 0.6948967193195625 0.18992277992277992 0.036111786148238186