3 0.3566988416988417 0.04040097205346294 0.560888030888031 0.04239368165249089
3 0.3537258687258687 0.08826245443499392 0.5549420849420849 0.04240583232077765
3 0.3572972972972973 0.134726609963548 0.5739575289575289 0.04373025516403403
3 0.35610038610038613 0.17968408262454436 0.5596911196911197 0.03906439854191978
3 0.3645752895752895 0.2251154313487242 0.5736486486486486 0.03945321992709595
3 0.36471042471042475 0.26623329283110575 0.5591119691119691 0.042430133657351175
3 0.35194980694980693 0.3080194410692588 0.5276254826254827 0.04262454434993929
3 0.3651544401544401 0.35083839611178613 0.5154440154440154 0.04076549210206556
3 0.3762934362934363 0.3926123936816525 0.5050579150579151 0.03944106925880928
3 0.370945945945946 0.4290643985419198 0.45872586872586874 0.030850546780072888
3 0.36084942084942084 0.4637424058323208 0.4147683397683397 0.04376670716889427
3 0.381042471042471 0.5022235722964763 0.4195173745173744 0.029489671931956236
3 0.3553667953667954 0.5342891859052248 0.45426640926640927 0.028189550425273446
3 0.3874324324324324 0.5738274605103281 0.4946525096525097 0.03437424058323203
3 0.3768918918918919 0.6128068043742405 0.4468339768339768 0.028213851761846934
3 0.3697683397683397 0.6463669501822601 0.4088223938223939 0.03737545565006074
3 0.3838803088803089 0.685625759416768 0.3805984555984557 0.026172539489671888
3 0.37362934362934364 0.7146051032806805 0.4462355212355213 0.04301336573511554
3 0.3933783783783784 0.7496597812879708 0.43525096525096524 0.025261239368165204
3 0.38223938223938225 0.7797569866342648 0.3981274131274132 0.029380315917375534
3 0.3985714285714285 0.820498177399757 0.4486100386100386 0.025625759416767823
2 0.7635907335907336 0.37578371810449573 0.24606177606177612 0.0401822600243014
2 0.7536293436293436 0.4099878493317133 0.25884169884169894 0.030109356014580767
2 0.746949806949807 0.4428068043742406 0.22467181467181466 0.02730255164034025
2 0.7572007722007722 0.47346294046172543 0.23032818532818522 0.024325637910085032
2 0.762992277992278 0.5009477521263669 0.24488416988416992 0.024702308626974534
2 0.7580888030888031 0.5303037667071689 0.21428571428571427 0.03032806804374245
2 0.7606177606177607 0.5584325637910085 0.21637065637065644 0.02490886998784933
2 0.7609073359073358 0.5815917375455649 0.21102316602316593 0.03533414337788583
2 0.7531853281853281 0.612442284325638 0.20745173745173753 0.027484811664641562
2 0.7441312741312741 0.6382381530984204 0.2516988416988417 0.022260024301336497
2 0.7579536679536679 0.6629161603888214 0.21694980694980695 0.023766707168894223
2 0.7524517374517374 0.6948967193195625 0.2208108108108108 0.036111786148238186