3 0.3566988416988417 0.9595990279465371 0.5435135135135135 0.0375334143377887
3 0.3537258687258687 0.9117375455650061 0.5375675675675675 0.03754556500607544
3 0.3572972972972973 0.865273390036452 0.5565830115830116 0.038869987849331725
3 0.35610038610038613 0.8203159173754556 0.5423166023166024 0.034204131227217334
3 0.3645752895752895 0.7748845686512759 0.5562741312741313 0.034592952612393715
3 0.36471042471042475 0.7337667071688942 0.5417374517374517 0.03756986634264894
3 0.35194980694980693 0.6919805589307412 0.5102509652509654 0.03776427703523685
3 0.3651544401544401 0.6491616038882139 0.4980694980694981 0.03590522478736325
3 0.3762934362934363 0.6073876063183475 0.4876833976833977 0.03458080194410697
3 0.370945945945946 0.5709356014580802 0.44135135135135134 0.02599027946537058
3 0.36084942084942084 0.5362575941676792 0.3973938223938223 0.03890643985419196
3 0.381042471042471 0.4977764277035237 0.402142857142857 0.024629404617253926
3 0.3553667953667954 0.46571081409477516 0.43689189189189187 0.02332928311057114
3 0.3874324324324324 0.42617253948967193 0.47727799227799234 0.029513973268529725
3 0.3768918918918919 0.3871931956257595 0.4294594594594594 0.023353584447144627
3 0.3697683397683397 0.3536330498177399 0.39144787644787654 0.032515188335358436
3 0.3838803088803089 0.3143742405832321 0.3632239382239383 0.02131227217496958
3 0.37362934362934364 0.28539489671931956 0.42886100386100395 0.038153098420413235
3 0.3933783783783784 0.2503402187120291 0.41787644787644784 0.020400972053462897
3 0.38223938223938225 0.2202430133657351 0.3807528957528958 0.024520048602673223
3 0.3985714285714285 0.17950182260024303 0.4312355212355212 0.020765492102065516
2 0.7635907335907336 0.6242162818955043 0.22868725868725875 0.03532199270959923
2 0.7536293436293436 0.5900121506682867 0.24146718146718155 0.02524908869987846
2 0.746949806949807 0.5571931956257594 0.2072972972972973 0.022442284325637944
2 0.7572007722007722 0.5265370595382746 0.21295366795366785 0.019465370595382725
2 0.762992277992278 0.49905224787363306 0.22750965250965255 0.019842041312272223
2 0.7580888030888031 0.4696962332928311 0.1969111969111969 0.025467800729040143
2 0.7606177606177607 0.4415674362089915 0.19899613899613908 0.020048602673147023
2 0.7609073359073358 0.418408262454435 0.19364864864864853 0.030473876063183525
2 0.7531853281853281 0.3875577156743621 0.19007722007722014 0.02262454434993925
2 0.7441312741312741 0.3617618469015796 0.23432432432432432 0.017399756986634186
2 0.7579536679536679 0.33708383961117855 0.19957528957528956 0.018906439854191916
2 0.7524517374517374 0.30510328068043746 0.20343629343629344 0.03125151883353588