3 0.14444444444444443 0.017578125 0.28888888888888886 0.02578125
3 0.14444444444444443 0.046484375 0.28888888888888886 0.02265625
3 0.1451388888888889 0.07578125 0.2875 0.021875
3 0.1486111111111111 0.10234375 0.28055555555555556 0.0234375
3 0.14583333333333334 0.12890625 0.2861111111111111 0.025
3 0.14930555555555555 0.156640625 0.2791666666666667 0.02421875
3 0.15694444444444444 0.183203125 0.2638888888888889 0.02265625
3 0.1673611111111111 0.206640625 0.24305555555555555 0.01640625
3 0.17083333333333334 0.22890625 0.2361111111111111 0.0234375
3 0.1701388888888889 0.25390625 0.2375 0.0171875
3 0.16041666666666668 0.27421875 0.2569444444444444 0.015625
3 0.16319444444444445 0.3 0.2513888888888889 0.0203125
3 0.16666666666666666 0.324609375 0.24444444444444444 0.01640625
3 0.16875 0.346484375 0.24027777777777778 0.02265625
3 0.1840277777777778 0.371875 0.20972222222222223 0.0140625
3 0.1638888888888889 0.388671875 0.25 0.02265625
2 0.34097222222222223 0.208203125 0.10416666666666667 0.05546875
2 0.33541666666666664 0.257421875 0.09305555555555556 0.00546875
2 0.3013888888888889 0.301171875 0.025 0.01015625
2 0.31319444444444444 0.31796875 0.04861111111111111 0.009375
2 0.31180555555555556 0.333203125 0.04583333333333333 0.01171875
2 0.31180555555555556 0.35078125 0.04583333333333333 0.015625
2 0.31805555555555554 0.366796875 0.058333333333333334 0.00859375
2 0.3194444444444444 0.3828125 0.06111111111111111 0.0109375
0 0.5452222222222223 0.6839140625000001 0.21836111111111098 0.01516796875000006
0 0.5552916666666666 0.699203125 0.19466666666666663 0.009507812500000056
0 0.5603194444444445 0.711703125 0.21167361111111124 0.00849609375
0 0.5474861111111111 0.7247734375 0.20420138888888886 0.008265625000000032
0 0.562125 0.7381640625 0.1963611111111111 0.012660156250000032
0 0.55875 0.75159375 0.18667361111111122 0.009324218749999957
0 0.5616805555555556 0.764375 0.19418055555555563 0.010843749999999907
1 0.5562361111111112 0.78615625 0.19038888888888877 0.009824218750000035
1 0.5525138888888889 0.7980859375 0.18525 0.008937500000000043
1 0.5478194444444444 0.8120625 0.16854166666666667 0.011453124999999887
1 0.5479722222222222 0.8244843750000002 0.17158333333333337 0.01282812499999988
1 0.5442222222222223 0.83896875 0.18449999999999997 0.008437499999999964
1 0.5499583333333333 0.8508828125000001 0.17575000000000002 0.012621093749999979
1 0.5444444444444444 0.8638046875000001 0.16268749999999998 0.010402343750000043
3 0.5683888888888889 0.8825390625 0.18348611111111113 0.008089843750000015
3 0.5456388888888889 0.8921484375000001 0.17661111111111108 0.010246093750000008
3 0.5516944444444445 0.9066562499999999 0.16816666666666663 0.008980468749999915
3 0.5611111111111111 0.9209765624999999 0.16688888888888884 0.00851953124999998
3 0.5509444444444445 0.9333281249999998 0.15840972222222216 0.012089843750000107
3 0.5467361111111111 0.9456875 0.14286805555555557 0.007527343749999993
3 0.5551805555555555 0.958015625 0.15198611111111104 0.010445312499999915
3 0.5609166666666667 0.97178125 0.1487986111111111 0.007449218750000064
3 0.5565694444444444 0.9836953125000001 0.15705555555555553 0.008316406249999986
2 0.5534722222222223 0.995703125 0.15694444444444444 0.00859375