3 0.16875 0.012109375 0.3375 0.02421875
3 0.16527777777777777 0.038671875 0.33055555555555555 0.02578125
3 0.14583333333333334 0.065625 0.2916666666666667 0.0234375
3 0.15069444444444444 0.093359375 0.3013888888888889 0.02265625
3 0.15763888888888888 0.119921875 0.31527777777777777 0.02265625
3 0.15159722222222227 0.14384375 0.28654166666666675 0.01733984374999995
3 0.1443333333333333 0.16614062500000001 0.2693402777777778 0.027351562499999992
3 0.1588611111111111 0.1908828125 0.27243749999999994 0.017683593749999994
3 0.1403888888888889 0.21150000000000002 0.2752152777777778 0.01570312500000002
3 0.16345833333333332 0.236921875 0.32029861111111113 0.020816406249999985
3 0.15587499999999999 0.26198437499999994 0.2739305555555555 0.01571093749999992
3 0.15075 0.28356250000000005 0.2644236111111112 0.022562500000000086
3 0.1597222222222222 0.305078125 0.22777777777777777 0.00859375
2 0.4340833333333334 0.10958593749999998 0.14198611111111115 0.023464843750000065
2 0.42691666666666667 0.13157812500000002 0.1451944444444444 0.01632031249999999
2 0.42211111111111116 0.1526796875 0.12456944444444436 0.01541796875000001
2 0.4294861111111111 0.17239062500000002 0.1182708333333333 0.012898437499999993
2 0.4336527777777778 0.19006249999999997 0.14295138888888884 0.013800781249999972
2 0.430125 0.2089375 0.12222222222222222 0.017953125000000014
2 0.43194444444444446 0.22702343749999998 0.11741666666666661 0.0138671875
2 0.4321527777777777 0.24191406249999997 0.11271527777777773 0.019562499999999972
2 0.4265972222222222 0.26175000000000004 0.11420833333333336 0.016257812500000045
2 0.4200833333333333 0.27833593749999996 0.14818055555555548 0.013015624999999887
2 0.4300277777777778 0.294203125 0.12318055555555563 0.014281249999999978
2 0.42569444444444443 0.30703125 0.11527777777777778 0.0046875
3 0.8548611111111111 0.10859375 0.2902777777777778 0.0828125
1 0.8685416666666667 0.18502343750000003 0.2484027777777778 0.013460937500000015
2 0.8809722222222222 0.212671875 0.21430555555555564 0.016105468750000095
2 0.8880555555555555 0.23290624999999993 0.22277777777777774 0.011343749999999986
2 0.8887499999999999 0.2526328124999999 0.20263888888888887 0.013105468750000071
2 0.8899305555555556 0.2720546875 0.20034722222222223 0.01611328125
2 0.8890972222222222 0.2897890625 0.17312499999999997 0.008070312499999944
2 0.9034722222222222 0.305078125 0.19305555555555556 0.00859375
2 0.25 0.32890625 0.2326388888888889 0.02109375
2 0.2298611111111111 0.350390625 0.2673611111111111 0.04140625
2 0.2548611111111111 0.387890625 0.2520833333333333 0.025390625
2 0.24444444444444444 0.4125 0.26875 0.03671875
2 0.24097222222222223 0.444921875 0.23958333333333334 0.029296875
2 0.24583333333333332 0.60234375 0.22430555555555556 0.02265625
2 0.2569444444444444 0.5765625 0.24375 0.0171875
2 0.24583333333333332 0.553125 0.18194444444444444 0.013671875
2 0.24861111111111112 0.52734375 0.17430555555555555 0.02421875
2 0.26666666666666666 0.502734375 0.19930555555555557 0.019921875
2 0.2465277777777778 0.476953125 0.18194444444444444 0.020703125
3 0.4875 0.42890625 0.1625 0.130859375