3 0.24180327868852458 0.9775862068965517 0.48360655737704916 0.04482758620689655
3 0.2527322404371585 0.9172413793103448 0.505464480874317 0.05517241379310345
3 0.24863387978142076 0.8586206896551725 0.4972677595628415 0.05862068965517241
3 0.22814207650273224 0.8 0.4562841530054645 0.05862068965517241
3 0.2336065573770492 0.7387931034482759 0.4672131147540984 0.056896551724137934
3 0.23770491803278687 0.6801724137931034 0.47540983606557374 0.05344827586206897
3 0.21721311475409835 0.628448275862069 0.4344262295081967 0.04310344827586207
3 0.19398907103825136 0.5784482758620689 0.3879781420765027 0.0603448275862069
3 0.2103825136612022 0.525 0.4207650273224044 0.039655172413793106
3 0.20491803278688525 0.4793103448275862 0.4098360655737705 0.03793103448275862
3 0.24180327868852458 0.4232758620689655 0.48360655737704916 0.04655172413793104
3 0.21721311475409835 0.36724137931034484 0.4344262295081967 0.03793103448275862
3 0.19808743169398907 0.31982758620689655 0.39617486338797814 0.05
3 0.19808743169398907 0.2637931034482759 0.39617486338797814 0.034482758620689655
3 0.21448087431693988 0.22327586206896552 0.42896174863387976 0.0603448275862069
3 0.22540983606557377 0.17327586206896553 0.45081967213114754 0.032758620689655175
3 0.20355191256830601 0.13017241379310346 0.40710382513661203 0.039655172413793106
3 0.2336065573770492 0.07241379310344828 0.4672131147540984 0.034482758620689655
2 0.695464480874317 0.7029827586206897 0.2908743169398908 0.05529310344827595
2 0.6813661202185792 0.6544482758620689 0.3089617486338799 0.04099999999999995
2 0.671912568306011 0.6078793103448276 0.26060109289617484 0.037017241379310395
2 0.6864207650273224 0.5643793103448276 0.268606557377049 0.03279310344827583
2 0.6946174863387978 0.5253793103448277 0.2892076502732241 0.033327586206896624
2 0.6876775956284152 0.48372413793103447 0.2459016393442623 0.04131034482758627
2 0.6912568306010929 0.44381034482758625 0.24885245901639355 0.03362068965517241
2 0.6916666666666667 0.410948275862069 0.24128415300546432 0.048413793103448344
2 0.6807377049180328 0.3671724137931034 0.23622950819672142 0.03727586206896553
2 0.6679234972677595 0.3305689655172414 0.29885245901639346 0.02986206896551713
2 0.6874863387978142 0.29555172413793096 0.24967213114754097 0.031999999999999904
2 0.6796994535519125 0.2501724137931035 0.2551366120218579 0.04951724137931039