3 0.11388888888888889 0.020572916666666666 0.14965277777777777 0.018489583333333334
3 0.11284722222222222 0.04505208333333333 0.15625 0.019791666666666666
3 0.11423611111111111 0.06875 0.1597222222222222 0.020052083333333335
3 0.11388888888888889 0.09166666666666666 0.14722222222222223 0.0171875
3 0.11631944444444445 0.11484375 0.1597222222222222 0.017708333333333333
3 0.11666666666666667 0.13567708333333334 0.16284722222222223 0.0203125
3 0.1125 0.15703125 0.1451388888888889 0.019791666666666666
3 0.11666666666666667 0.17890625 0.15 0.020052083333333335
3 0.12013888888888889 0.20026041666666666 0.1326388888888889 0.0171875
3 0.11840277777777777 0.21875 0.12777777777777777 0.014322916666666666
3 0.11527777777777778 0.23645833333333333 0.11840277777777777 0.021354166666666667
3 0.121875 0.2559895833333333 0.11354166666666667 0.01328125
3 0.11354166666666667 0.27239583333333334 0.11805555555555555 0.01171875
3 0.12361111111111112 0.29270833333333335 0.1440972222222222 0.01640625
3 0.12048611111111111 0.3125 0.11979166666666667 0.0125
3 0.11805555555555555 0.3296875 0.10868055555555556 0.016666666666666666
3 0.12256944444444444 0.3494791666666667 0.09756944444444444 0.011197916666666667
3 0.11944444444444445 0.36432291666666666 0.12708333333333333 0.020572916666666666
3 0.12569444444444444 0.38229166666666664 0.12291666666666666 0.01171875
3 0.12222222222222222 0.39765625 0.10277777777777777 0.012760416666666666
3 0.12743055555555555 0.41848958333333336 0.128125 0.01171875
2 0.24409722222222222 0.19166666666666668 0.06180555555555556 0.018489583333333334
2 0.240625 0.20911458333333333 0.06631944444444444 0.013541666666666667
2 0.23854166666666668 0.22578125 0.051041666666666666 0.0109375
2 0.2420138888888889 0.24140625 0.057291666666666664 0.0109375
2 0.24375 0.25546875 0.059027777777777776 0.010416666666666666
2 0.2420138888888889 0.2703125 0.05 0.013020833333333334
2 0.24305555555555555 0.28463541666666664 0.051041666666666666 0.010416666666666666
2 0.24305555555555555 0.29661458333333335 0.05138888888888889 0.016145833333333335
2 0.240625 0.31223958333333335 0.04652777777777778 0.01171875
2 0.2378472222222222 0.3255208333333333 0.06701388888888889 0.010416666666666666
2 0.2420138888888889 0.3380208333333333 0.049652777777777775 0.01015625
2 0.24027777777777778 0.35442708333333334 0.05486111111111111 0.01640625
2 0.7516944444444444 0.011380208333333345 0.2655868055555555 0.02139322916666669
2 0.7554027777777778 0.036671874999999986 0.28804166666666664 0.016765625000000027
2 0.7543194444444444 0.06323958333333331 0.24521527777777788 0.017927083333333253
2 0.7513888888888889 0.08805208333333331 0.2722222222222222 0.01670052083333336
2 0.7507708333333334 0.11195833333333335 0.27854861111111107 0.022317708333333287
2 0.7513124999999999 0.14066666666666663 0.25046180555555553 0.014450520833333277
2 0.7347222222222223 0.16364062500000004 0.21257638888888897 0.020414062499999847
1 0.4732638888888889 0.00390625 0.21875 0.0078125
1 0.4727638888888889 0.018776041666666642 0.19051041666666668 0.021841145833333304
1 0.4777777777777778 0.04308333333333335 0.19305555555555556 0.01964583333333335
1 0.4780069444444444 0.06681249999999998 0.17816319444444442 0.01802864583333334
1 0.47893750000000007 0.09083333333333332 0.18333333333333332 0.018205729166666747
1 0.48024999999999995 0.10779166666666669 0.1904305555555555 0.018380208333333314
3 0.9503472222222222 0.19635416666666666 0.09930555555555555 0.06145833333333333