3 0.23502604166666666 0.03125 0.3268229166666667 0.0296875
3 0.23307291666666666 0.06796875 0.3235677083333333 0.0296875
3 0.23567708333333334 0.103515625 0.306640625 0.028515625
3 0.234375 0.13828125 0.3170572916666667 0.0265625
3 0.240234375 0.173046875 0.3509114583333333 0.029296875
3 0.240234375 0.2046875 0.3053385416666667 0.028125
3 0.23177083333333334 0.237109375 0.2890625 0.02890625
3 0.24088541666666666 0.269921875 0.2877604166666667 0.02734375
3 0.248046875 0.301953125 0.2942708333333333 0.027734375
3 0.244140625 0.330078125 0.23958333333333334 0.01875
3 0.23763020833333334 0.35703125 0.21614583333333334 0.028515625
3 0.2513020833333333 0.386328125 0.22916666666666666 0.019140625
3 0.234375 0.411328125 0.24674479166666666 0.01875
3 0.2552083333333333 0.44140625 0.2858072916666667 0.023828125
3 0.248046875 0.471484375 0.24088541666666666 0.01796875
3 0.24348958333333334 0.497265625 0.22916666666666666 0.026171875
3 0.2526041666666667 0.527734375 0.20768229166666666 0.0171875
3 0.24609375 0.55 0.24153645833333334 0.028125
3 0.2591145833333333 0.576953125 0.24609375 0.017578125
3 0.251953125 0.6 0.22591145833333334 0.0203125
3 0.2623697916666667 0.63125 0.23763020833333334 0.016015625
2 0.5032552083333334 0.2890625 0.11979166666666667 0.026171875
2 0.4967447916666667 0.315625 0.13411458333333334 0.0203125
2 0.4921875 0.340625 0.11263020833333333 0.017578125
2 0.4986979166666667 0.364453125 0.11588541666666667 0.01640625
2 0.5026041666666666 0.385546875 0.13216145833333334 0.017578125
2 0.4993489583333333 0.408203125 0.09895833333333333 0.01875
2 0.5013020833333334 0.4296875 0.10611979166666667 0.015625
2 0.5013020833333334 0.44765625 0.10807291666666667 0.025390625
2 0.49609375 0.471484375 0.10872395833333333 0.01953125
2 0.490234375 0.491015625 0.123046875 0.013671875
2 0.4993489583333333 0.51015625 0.10546875 0.015234375
2 0.4954427083333333 0.534765625 0.107421875 0.023828125
3 0.8294270833333334 0.269140625 0.3411458333333333 0.20546875
3 0.8001302083333334 0.42578125 0.2825520833333333 0.0296875
3 0.7532552083333334 0.453515625 0.18880208333333334 0.01328125
2 0.7701822916666666 0.476171875 0.22265625 0.02421875
2 0.7649739583333334 0.506640625 0.21223958333333334 0.02890625
2 0.7408854166666666 0.53125 0.1640625 0.0171875
2 0.7532552083333334 0.55 0.18880208333333334 0.0171875
2 0.7565104166666666 0.56796875 0.1953125 0.0109375
2 0.744140625 0.586328125 0.17057291666666666 0.01640625
2 0.7421875 0.603125 0.16666666666666666 0.009375
2 0.744140625 0.61953125 0.17057291666666666 0.009375
2 0.7415364583333334 0.636328125 0.16536458333333334 0.01171875