3 0.010617760617760617 0.5899149453219927 0.021235521235521235 0.3268529769137303
3 0.0637065637065637 0.5850546780072904 0.059845559845559844 0.3353584447144593
3 0.12837837837837837 0.5850546780072904 0.06563706563706563 0.3268529769137303
3 0.19498069498069498 0.5929526123936817 0.06563706563706563 0.30619684082624543
3 0.2625482625482625 0.5850546780072904 0.0637065637065637 0.29890643985419196
3 0.32915057915057916 0.5777642770352369 0.059845559845559844 0.2928311057108141
3 0.38706563706563707 0.5814094775212637 0.04633204633204633 0.26366950182260024
3 0.4420849420849421 0.5874848116646415 0.06756756756756757 0.23572296476306198
3 0.5038610038610039 0.574726609963548 0.0444015444015444 0.23815309842041313
3 0.5540540540540541 0.5911300121506683 0.04247104247104247 0.2600243013365735
3 0.6177606177606177 0.5710814094775213 0.052123552123552123 0.28554070473876064
3 0.6795366795366795 0.5777642770352369 0.04247104247104247 0.2551640340218712
3 0.7326254826254827 0.5820170109356014 0.05791505791505792 0.23207776427703525
3 0.7953667953667953 0.5729040097205347 0.04054054054054054 0.21385176184690158
3 0.8407335907335908 0.5795868772782503 0.06563706563706563 0.2551640340218712
3 0.8967181467181468 0.5668286755771568 0.03861003861003861 0.24787363304981774
3 0.944015444015444 0.5741190765492102 0.0444015444015444 0.22478736330498178
3 0.9951737451737451 0.56318347509113 0.009652509652509652 0.25637910085054677
2 0.3030888030888031 0.33414337788578374 0.06177606177606178 0.12879708383961117
2 0.35714285714285715 0.3402187120291616 0.04633204633204633 0.13730255164034022
2 0.4092664092664093 0.3444714459295261 0.04054054054054054 0.11543134872417983
2 0.4575289575289575 0.33839611178614826 0.03667953667953668 0.11907654921020656
2 0.5019305019305019 0.3347509113001215 0.03667953667953668 0.12879708383961117
2 0.5482625482625483 0.3377885783718105 0.04633204633204633 0.10935601458080195
2 0.5926640926640927 0.3359659781287971 0.03861003861003861 0.11057108140947752
2 0.6293436293436293 0.3359659781287971 0.05405405405405406 0.10692588092345079
2 0.6785714285714286 0.3408262454434994 0.04247104247104247 0.10449574726609964
2 0.7200772200772201 0.3462940461725395 0.032818532818532815 0.1324422843256379
2 0.7586872586872587 0.3377885783718105 0.03667953667953668 0.11057108140947752
2 0.8098455598455598 0.3408262454434994 0.055984555984555984 0.11300121506682867