3 0.33482142857142855 0.0446927374301676 0.6696428571428571 0.0893854748603352
3 0.328125 0.13966480446927373 0.65625 0.09497206703910614
3 0.29464285714285715 0.2346368715083799 0.5892857142857143 0.09497206703910614
3 0.30357142857142855 0.33379888268156427 0.6071428571428571 0.09217877094972067
3 0.31026785714285715 0.42877094972067037 0.6205357142857143 0.08659217877094973
3 0.2767857142857143 0.5125698324022346 0.5535714285714286 0.06983240223463687
3 0.23883928571428573 0.5935754189944135 0.47767857142857145 0.09776536312849161
3 0.265625 0.6801675977653632 0.53125 0.06424581005586592
3 0.25669642857142855 0.7541899441340782 0.5133928571428571 0.061452513966480445
3 0.3169642857142857 0.8449720670391061 0.6339285714285714 0.07541899441340782
3 0.2767857142857143 0.9357541899441341 0.5535714285714286 0.061452513966480445
2 0.8705357142857143 0.39106145251396646 0.25892857142857145 0.0893854748603352
2 0.8504464285714286 0.4692737430167598 0.29910714285714285 0.0670391061452514
2 0.8638392857142857 0.5446927374301676 0.27232142857142855 0.061452513966480445
2 0.8727678571428571 0.6159217877094972 0.2544642857142857 0.05307262569832402
2 0.8705357142857143 0.6773743016759777 0.25892857142857145 0.05307262569832402
2 0.8816964285714286 0.7458100558659218 0.23660714285714285 0.0670391061452514
2 0.8839285714285714 0.8100558659217877 0.23214285714285715 0.055865921787709494
2 0.8861607142857143 0.8631284916201117 0.22767857142857142 0.0782122905027933
2 0.8794642857142857 0.9343575418994413 0.24107142857142858 0.05865921787709497
2 0.84375 0.9846368715083799 0.3125 0.030726256983240222