3 0.6878048780487804 0.039110429447852764 0.624390243902439 0.05368098159509203
3 0.6939024390243902 0.09585889570552147 0.6121951219512195 0.04754601226993865
3 0.6841463414634147 0.15337423312883436 0.6317073170731707 0.049079754601226995
3 0.6878048780487804 0.20552147239263804 0.624390243902439 0.05214723926380368
3 0.7060975609756097 0.25766871165644173 0.5878048780487805 0.05214723926380368
3 0.7012195121951219 0.3121165644171779 0.5975609756097561 0.05061349693251534
3 0.688 0.3652147239263804 0.5868780487804878 0.04825153374233134
3 0.6947560975609756 0.4112269938650307 0.5283414634146342 0.03740797546012268
3 0.7075121951219513 0.455 0.47280487804878035 0.05371165644171776
3 0.682 0.5035736196319018 0.47880487804878036 0.035690184049079726
3 0.7144390243902438 0.5440490797546013 0.5227073170731706 0.034049079754601294
3 0.6739268292682927 0.5939570552147239 0.5737317073170732 0.04185582822085884
3 0.6872439024390243 0.6431595092024539 0.5133170731707317 0.03407975460122704
3 0.6962439024390245 0.685521472392638 0.4652926829268293 0.04564417177914109
3 0.6784146341463414 0.7350766871165644 0.4296341463414636 0.03150306748466252
3 0.6913658536585366 0.7716564417177915 0.5125609756097562 0.05276073619631916
3 0.6664146341463415 0.8159049079754601 0.4986829268292683 0.030352760736196263
3 0.6804878048780488 0.8538957055214724 0.4517804878048781 0.0355521472392639
3 0.6598536585365854 0.9053220858895705 0.5155609756097561 0.030812883435582698
2 0.19868292682926825 0.3439723926380368 0.2596585365853659 0.04918711656441725
2 0.21126829268292685 0.38714723926380373 0.27580487804878057 0.03647239263803677
2 0.2197073170731707 0.4285736196319018 0.2326341463414634 0.03292944785276078
2 0.20675609756097557 0.4672699386503068 0.23978048780487793 0.029171779141104266
2 0.19943902439024386 0.501963190184049 0.25817073170731714 0.029647239263803745
2 0.20563414634146343 0.5390184049079755 0.21951219512195122 0.03674846625766877
2 0.20243902439024392 0.5745245398773006 0.22214634146341472 0.0299079754601227
2 0.20207317073170739 0.6037576687116564 0.21539024390243888 0.04306748466257675
2 0.21182926829268298 0.6426993865030676 0.21087804878048788 0.033159509202453995
2 0.2232682926829269 0.675260736196319 0.26678048780487806 0.026564417177914013
2 0.20580487804878048 0.7064110429447853 0.22287804878048778 0.028466257668711574
2 0.21275609756097566 0.7467791411042944 0.2277560975609756 0.04404907975460127