3 0.6327644230769232 0.0411631419939577 0.6479326923076922 0.05119335347432024
3 0.6364663461538461 0.10066465256797583 0.6405288461538462 0.05120845921450152
3 0.6320192307692307 0.15842900302114804 0.6642067307692306 0.052854984894259834
3 0.6335096153846153 0.21432024169184288 0.6464423076923078 0.047054380664652534
3 0.6229567307692309 0.2708006042296073 0.6638221153846153 0.04753776435045313
3 0.6227884615384615 0.32191842900302114 0.6457211538461538 0.05123867069486407
3 0.6386778846153847 0.37386706948640486 0.6065144230769233 0.05148036253776441
3 0.622235576923077 0.42709969788519636 0.5913461538461539 0.04916918429003014
3 0.6083653846153846 0.4790332326283988 0.5784134615384615 0.04752265861027196
3 0.6150240384615384 0.5243504531722054 0.5207211538461538 0.03684290030211478
3 0.627596153846154 0.5674622356495469 0.4659855769230768 0.0529003021148036
3 0.6024519230769231 0.6153021148036254 0.47189903846153836 0.03515105740181266
3 0.6344230769230769 0.655166163141994 0.5151682692307692 0.033534743202416985
3 0.5944951923076923 0.7043202416918429 0.5654567307692309 0.041223564954682726
3 0.6076201923076924 0.7527794561933534 0.5059134615384615 0.0335649546827795
3 0.6164903846153847 0.7945015105740182 0.4585817307692308 0.04495468277945618
3 0.5989182692307693 0.8433081570996979 0.4234375000000001 0.03102719033232623
3 0.6116826923076923 0.8793353474320241 0.5051682692307693 0.051963746223565095
3 0.5870913461538462 0.9229154078549849 0.4914903846153846 0.02989425981873106
3 0.6009615384615384 0.9603323262839879 0.4452644230769231 0.035015105740181365
2 0.12740384615384615 0.45770392749244715 0.2548076923076923 0.04833836858006042
2 0.1385096153846154 0.5006344410876133 0.2718269230769232 0.03592145015105736
2 0.14682692307692305 0.5414350453172205 0.22927884615384614 0.03243202416918433
2 0.13406249999999995 0.579546827794562 0.23632211538461526 0.028731117824773385
2 0.12740384615384615 0.6125377643504532 0.2548076923076923 0.028700906344410877
2 0.13295673076923079 0.6502114803625377 0.21634615384615385 0.036193353474320296
2 0.12980769230769232 0.6851812688821752 0.2189423076923078 0.02945619335347432
2 0.12944711538461545 0.7139728096676737 0.21228365384615372 0.04241691842900308
2 0.13906250000000006 0.7523262839879155 0.20783653846153854 0.03265861027190333
2 0.15033653846153852 0.7843957703927492 0.2629326923076923 0.026163141993957608
2 0.133125 0.8150755287009064 0.21966346153846153 0.028036253776434962
2 0.1399759615384616 0.854833836858006 0.22447115384615385 0.04338368580060427