3 0.6433011583011583 0.04040097205346294 0.5203474903474903 0.04117861482381531
3 0.6462741312741312 0.08826245443499392 0.5144015444015445 0.04119076549210207
3 0.6427027027027026 0.134726609963548 0.5334169884169883 0.04251518833535846
3 0.6438996138996138 0.17968408262454436 0.5191505791505793 0.0378493317132442
3 0.6354247104247105 0.2251154313487242 0.533108108108108 0.03823815309842038
3 0.6352895752895753 0.26623329283110575 0.5185714285714286 0.041215066828675595
3 0.6480501930501931 0.3080194410692588 0.4870849420849422 0.04140947752126372
3 0.6348455598455599 0.35083839611178613 0.4749034749034749 0.039550425273389984
3 0.6237065637065636 0.3926123936816525 0.4645173745173745 0.0382260024301337
3 0.629054054054054 0.4290643985419198 0.4181853281853282 0.02963547995139731
3 0.6391505791505793 0.4637424058323208 0.3742277992277991 0.04255164034021869
3 0.618957528957529 0.5022235722964763 0.37897683397683385 0.02827460510328066
3 0.6446332046332045 0.5342891859052248 0.4137258687258687 0.02697448359659787
3 0.6125675675675676 0.5738274605103281 0.45411196911196916 0.03315917375455646
3 0.6231081081081081 0.6128068043742405 0.4062934362934363 0.026998784933171358
3 0.6302316602316603 0.6463669501822601 0.3682818532818533 0.03616038882138516
3 0.6161196911196911 0.685625759416768 0.34005791505791516 0.02495747266099631
3 0.6263706563706565 0.7146051032806805 0.40569498069498083 0.04179829890643996
3 0.6066216216216217 0.7496597812879708 0.3947104247104247 0.024046172539489628
3 0.6177606177606177 0.7797569866342648 0.3575868725868726 0.028165249088699957
3 0.6014285714285714 0.820498177399757 0.40806949806949805 0.024410692588092246
2 0.23640926640926638 0.37578371810449573 0.20552123552123558 0.03896719319562582
2 0.2463706563706564 0.4099878493317133 0.21830115830115837 0.02889428918590519
2 0.253050193050193 0.4428068043742406 0.18413127413127411 0.026087484811664674
2 0.24279922779922777 0.47346294046172543 0.18978764478764468 0.023110571081409455
2 0.23700772200772197 0.5009477521263669 0.20434362934362937 0.023487241798298957
2 0.24191119691119692 0.5303037667071689 0.17374517374517376 0.029113001215066873
2 0.23938223938223938 0.5584325637910085 0.1758301158301159 0.023693803159173753
2 0.23909266409266414 0.5815917375455649 0.17048262548262538 0.03411907654921026
2 0.24681467181467187 0.612442284325638 0.166911196911197 0.026269744835965985
2 0.2558687258687259 0.6382381530984204 0.21115830115830114 0.02104495747266092
2 0.24204633204633202 0.6629161603888214 0.1764092664092664 0.022551640340218646
2 0.2475482625482626 0.6948967193195625 0.18027027027027026 0.03489671931956261