3 0.6666666666666666 0.9853448275862069 0.6666666666666666 0.029310344827586206
3 0.657103825136612 0.9336206896551724 0.6857923497267759 0.0603448275862069
3 0.6639344262295082 0.8698275862068966 0.6721311475409836 0.05344827586206897
3 0.6530054644808743 0.8051724137931034 0.6939890710382514 0.05517241379310345
3 0.657103825136612 0.746551724137931 0.6857923497267759 0.05862068965517241
3 0.6775956284153005 0.6879310344827586 0.644808743169399 0.05862068965517241
3 0.6721311475409836 0.6267241379310344 0.6557377049180327 0.056896551724137934
3 0.6641530054644809 0.5670344827586207 0.6574316939890711 0.05424137931034489
3 0.6717213114754097 0.5153103448275862 0.5918579234972677 0.04205172413793101
3 0.6860109289617486 0.46610344827586203 0.5296448087431693 0.060379310344827554
3 0.6574316939890711 0.41150000000000003 0.5363661202185791 0.04012068965517238
3 0.6937704918032787 0.36599999999999994 0.5855464480874317 0.0382758620689656
3 0.6483879781420765 0.30989655172413794 0.642704918032787 0.04705172413793097
3 0.6633060109289618 0.25458620689655187 0.5750273224043715 0.03831034482758625
3 0.6733879781420765 0.20696551724137924 0.5212295081967214 0.05131034482758619
3 0.6534153005464481 0.1512586206896552 0.48128415300546457 0.035413793103448214
3 0.6679234972677596 0.11013793103448274 0.5741803278688525 0.05931034482758636
3 0.6399726775956284 0.06039655172413788 0.5586338797814208 0.03412068965517235
3 0.657103825136612 0.01896551724137931 0.505464480874317 0.03793103448275862
2 0.13114754098360656 0.5913793103448276 0.26229508196721313 0.05517241379310345
2 0.14344262295081966 0.5431034482758621 0.28688524590163933 0.041379310344827586
2 0.1395628415300546 0.4958103448275862 0.26060109289617484 0.037017241379310395
2 0.12978142076502733 0.4525862068965517 0.25956284153005466 0.032758620689655175
2 0.13114754098360656 0.4146551724137931 0.26229508196721313 0.032758620689655175
2 0.12379781420765028 0.3716551724137931 0.2459016393442623 0.04131034482758627
2 0.12295081967213115 0.33275862068965517 0.2459016393442623 0.034482758620689655
2 0.12158469945355191 0.3 0.24316939890710382 0.04827586206896552
2 0.13073770491803285 0.255103448275862 0.23622950819672142 0.03727586206896553
2 0.14754098360655737 0.21982758620689655 0.29508196721311475 0.029310344827586206
2 0.12568306010928962 0.18448275862068966 0.25136612021857924 0.03103448275862069
2 0.13177595628415306 0.1381034482758621 0.2551366120218579 0.04951724137931039