3 0.296875 0.01904296875 0.40625 0.0302734375
3 0.2934027777777778 0.05517578125 0.4131944444444444 0.0283203125
3 0.2925347222222222 0.09130859375 0.4149305555555556 0.0283203125
3 0.3012152777777778 0.125 0.3975694444444444 0.029296875
3 0.2907986111111111 0.158203125 0.4184027777777778 0.033203125
3 0.3110243055555555 0.19310546875 0.375 0.027612304687499978
3 0.3185763888888889 0.22607421875 0.3628472222222222 0.0263671875
3 0.316232638888889 0.2559765625 0.366857638888889 0.022651367187499938
3 0.3071527777777778 0.28384765625 0.3123697916666667 0.03174804687499999
3 0.3253125 0.314775390625 0.30929687499999997 0.02015136718749999
3 0.3022222222222222 0.340546875 0.3214496527777778 0.018652343750000022
3 0.3229166666666667 0.3720703125 0.3541666666666667 0.0234375
3 0.3215798611111111 0.4036523437499999 0.3510937499999999 0.020615234374999902
3 0.3151736111111111 0.43062500000000004 0.31837673611111117 0.027226562500000107
3 0.32786458333333335 0.462177734375 0.28485243055555554 0.018818359374999982
3 0.3186458333333333 0.48546875 0.35256076388888885 0.031445312500000044
3 0.33640625 0.513642578125 0.3146354166666666 0.016499023437499982
3 0.3263888888888889 0.53783203125 0.2875260416666667 0.020107421875000142
3 0.3359375 0.5703125 0.328125 0.017578125
3 0.25 0.76806640625 0.5 0.1708984375
3 0.25 0.89013671875 0.5 0.0498046875
3 0.2526041666666667 0.9443359375 0.4947916666666667 0.0390625
3 0.2630208333333333 0.99072265625 0.4670138888888889 0.0185546875
2 0.7777777777777778 0.6875 0.4444444444444444 0.029296875
2 0.78125 0.72119140625 0.4375 0.0263671875
2 0.7749999999999999 0.748173828125 0.38611111111111124 0.018486328125000007
2 0.7821180555555556 0.777568359375 0.4053819444444444 0.028354492187500024
2 0.7733159722222223 0.806171875 0.38442708333333325 0.030229492187499984
2 0.7780208333333333 0.8358984375 0.34226562499999996 0.02493164062500003
2 0.7746701388888888 0.8660351562499999 0.34362847222222215 0.026328125000000036
2 0.7760416666666666 0.8943554687499999 0.26587673611111107 0.016704101562500018
2 0.7519791666666666 0.91263671875 0.2894357638888889 0.03205566406249993
2 0.7816145833333334 0.9441015625 0.3032031250000001 0.022221679687499996
2 0.7697222222222222 0.96474609375 0.29401909722222225 0.02808593749999999
2 0.7647569444444444 0.990234375 0.2552083333333333 0.01953125