3 0.3745044683125014 0.04559270516717325 0.7490089366250028 0.0911854103343465
3 0.34539790341774745 0.14285714285714285 0.6907958068354949 0.10334346504559272
3 0.3531596540563485 0.2507598784194529 0.706319308112697 0.10030395136778114
3 0.3589809670352993 0.3541033434650456 0.7179619340705986 0.0942249240121581
3 0.3298744021405453 0.4452887537993921 0.6597488042810906 0.07598784194528874
3 0.2968869619264908 0.5334346504559271 0.5937739238529816 0.1063829787234043
3 0.320172213842294 0.6276595744680851 0.640344427684588 0.06990881458966558
3 0.31241046320369287 0.7082066869300911 0.6248209264073857 0.06686930091185417
3 0.3648022800142501 0.8069908814589666 0.7296045600285002 0.0820668693009119
3 0.3298744021405453 0.9057750759878419 0.6597488042810906 0.06686930091185417
3 0.30270827490544155 0.9726443768996961 0.6054165498108831 0.054711246200607855
2 0.9102244389027432 0.3125 0.17955112219451372 0.09765625
2 0.8927680798004988 0.3974609375 0.2144638403990025 0.072265625
2 0.9052369077306733 0.4794921875 0.18952618453865336 0.068359375
2 0.912718204488778 0.556640625 0.1745635910224439 0.05859375
2 0.9102244389027432 0.6240234375 0.17955112219451372 0.056640625
2 0.9201995012468828 0.6982421875 0.1596009975062344 0.072265625
2 0.9226932668329177 0.7685546875 0.1546134663341646 0.060546875
2 0.9239401496259352 0.826171875 0.15211970074812967 0.0859375
2 0.9189526184538653 0.9033203125 0.16209476309226933 0.064453125
2 0.8877805486284289 0.966796875 0.22443890274314215 0.05078125