3 0.6428571428571429 0.959902794653706 0.5212355212355212 0.041312272174969626
3 0.6467181467181468 0.9119076549210207 0.5135135135135135 0.041312272174969626
3 0.6428571428571429 0.8651275820170109 0.5328185328185329 0.0425273390036452
3 0.6438223938223938 0.8201701093560145 0.5193050193050193 0.03766707168894289
3 0.6351351351351351 0.7746051032806804 0.5328185328185329 0.03766707168894289
3 0.6351351351351351 0.7339003645200486 0.5193050193050193 0.041312272174969626
3 0.6476833976833977 0.6919805589307412 0.4864864864864865 0.041312272174969626
3 0.6351351351351351 0.649453219927096 0.4749034749034749 0.040097205346294046
3 0.6235521235521235 0.6075334143377886 0.46525096525096526 0.03766707168894289
3 0.6293436293436293 0.5710814094775213 0.4189189189189189 0.02916160388821385
3 0.638996138996139 0.5364520048602673 0.3745173745173745 0.0425273390036452
3 0.6187258687258688 0.4975698663426488 0.3783783783783784 0.027946537059538274
3 0.6447876447876448 0.46597812879708383 0.41312741312741313 0.026731470230862697
3 0.612934362934363 0.4258809234507898 0.45366795366795365 0.032806804374240585
3 0.6235521235521235 0.3869987849331713 0.40540540540540543 0.026731470230862697
3 0.6303088803088803 0.353584447144593 0.3687258687258687 0.03645200486026731
3 0.6158301158301158 0.3140947752126367 0.33976833976833976 0.02551640340218712
3 0.6264478764478765 0.28554070473876064 0.40540540540540543 0.041312272174969626
3 0.6061776061776062 0.2503037667071689 0.3938223938223938 0.024301336573511544
3 0.6177606177606177 0.22053462940461727 0.35714285714285715 0.027946537059538274
3 0.6013513513513513 0.17922235722964763 0.40733590733590735 0.024301336573511544
2 0.23648648648648649 0.6239368165249088 0.20463320463320464 0.038882138517618466
2 0.24613899613899615 0.5899149453219927 0.21814671814671815 0.02916160388821385
2 0.2528957528957529 0.5571081409477521 0.1833976833976834 0.02551640340218712
2 0.24324324324324326 0.5267314702308628 0.1891891891891892 0.023086269744835967
2 0.23745173745173745 0.49878493317132444 0.20463320463320464 0.023086269744835967
2 0.24227799227799227 0.46962332928311057 0.17374517374517376 0.02916160388821385
2 0.23938223938223938 0.4416767922235723 0.17567567567567569 0.024301336573511544
2 0.23938223938223938 0.41859052247873635 0.16988416988416988 0.03402187120291616
2 0.2471042471042471 0.38760631834750914 0.16602316602316602 0.026731470230862697
2 0.2557915057915058 0.3614823815309842 0.21042471042471042 0.020656136087484813
2 0.24227799227799227 0.33718104495747264 0.17567567567567569 0.023086269744835967
2 0.2471042471042471 0.30498177399756987 0.17953667953667954 0.03523693803159174