3 0.17118055555555556 0.02421875 0.2361111111111111 0.023177083333333334
3 0.16979166666666667 0.05286458333333333 0.23541666666666666 0.023177083333333334
3 0.17152777777777778 0.08072916666666667 0.234375 0.022916666666666665
3 0.17083333333333334 0.1078125 0.23402777777777778 0.020833333333333332
3 0.175 0.13515625 0.23819444444444443 0.020833333333333332
3 0.175 0.15963541666666667 0.23194444444444445 0.02265625
3 0.16875 0.18489583333333334 0.2204861111111111 0.0234375
3 0.1753472222222222 0.21041666666666667 0.209375 0.021354166666666667
3 0.18055555555555555 0.23567708333333334 0.20868055555555556 0.021614583333333333
3 0.178125 0.25755208333333335 0.19756944444444444 0.016927083333333332
3 0.17326388888888888 0.278125 0.175 0.024479166666666666
3 0.1829861111111111 0.30130208333333336 0.17708333333333334 0.015885416666666666
3 0.17048611111111112 0.32057291666666665 0.184375 0.014583333333333334
3 0.1857638888888889 0.34427083333333336 0.20729166666666668 0.01875
3 0.18090277777777777 0.36770833333333336 0.1909722222222222 0.015364583333333333
3 0.17743055555555556 0.38776041666666666 0.16631944444444444 0.0203125
3 0.184375 0.4114583333333333 0.1527777777777778 0.0140625
3 0.17916666666666667 0.42864583333333334 0.17222222222222222 0.022135416666666668
3 0.18888888888888888 0.44973958333333336 0.1798611111111111 0.013802083333333333
3 0.18333333333333332 0.46796875 0.16006944444444443 0.015104166666666667
3 0.19131944444444443 0.4921875 0.1829861111111111 0.01328125
2 0.3663194444444444 0.22552083333333334 0.09375 0.021875
2 0.36180555555555555 0.24609375 0.09513888888888888 0.015104166666666667
2 0.35833333333333334 0.265625 0.07951388888888888 0.013541666666666667
2 0.36319444444444443 0.28411458333333334 0.08645833333333333 0.012760416666666666
2 0.3659722222222222 0.30052083333333335 0.0954861111111111 0.013541666666666667
2 0.3638888888888889 0.3182291666666667 0.08159722222222222 0.016666666666666666
2 0.36493055555555554 0.33515625 0.07847222222222222 0.013020833333333334
2 0.36527777777777776 0.3489583333333333 0.078125 0.019010416666666665
2 0.3614583333333333 0.36744791666666665 0.078125 0.015104166666666667
2 0.35694444444444445 0.38307291666666665 0.09513888888888888 0.011458333333333333
2 0.36354166666666665 0.39765625 0.07673611111111112 0.011979166666666667
2 0.3611111111111111 0.41692708333333334 0.07743055555555556 0.018489583333333334