3 0.3566988416988417 0.9595990279465371 0.5435135135135135 0.04239368165249101
3 0.3537258687258687 0.9117375455650061 0.5375675675675675 0.042405832320777756
3 0.3572972972972973 0.865273390036452 0.5565830115830116 0.04373025516403403
3 0.35610038610038613 0.8203159173754556 0.5423166023166024 0.03906439854191964
3 0.3645752895752895 0.7748845686512759 0.5562741312741313 0.03945321992709602
3 0.36471042471042475 0.7337667071688942 0.5417374517374517 0.042430133657351245
3 0.35194980694980693 0.6919805589307412 0.5102509652509654 0.04262454434993916
3 0.3651544401544401 0.6491616038882139 0.4980694980694981 0.04076549210206556
3 0.3762934362934363 0.6073876063183475 0.4876833976833977 0.03944106925880928
3 0.370945945945946 0.5709356014580802 0.44135135135135134 0.030850546780072888
3 0.36084942084942084 0.5362575941676792 0.3973938223938223 0.04376670716889427
3 0.381042471042471 0.4977764277035237 0.402142857142857 0.029489671931956236
3 0.3553667953667954 0.46571081409477516 0.43689189189189187 0.028189550425273446
3 0.3874324324324324 0.42617253948967193 0.47727799227799234 0.03437424058323203
3 0.3768918918918919 0.3871931956257595 0.4294594594594594 0.028213851761846934
3 0.3697683397683397 0.3536330498177399 0.39144787644787654 0.03737545565006074
3 0.3838803088803089 0.3143742405832321 0.3632239382239383 0.026172539489671888
3 0.37362934362934364 0.28539489671931956 0.42886100386100395 0.04301336573511554
3 0.3933783783783784 0.2503402187120291 0.41787644787644784 0.025261239368165204
3 0.38223938223938225 0.2202430133657351 0.3807528957528958 0.029380315917375534
3 0.3985714285714285 0.17950182260024303 0.4312355212355212 0.025625759416767823
2 0.7635907335907336 0.6242162818955043 0.22868725868725875 0.04018226002430154
2 0.7536293436293436 0.5900121506682867 0.24146718146718155 0.030109356014580767
2 0.746949806949807 0.5571931956257594 0.2072972972972973 0.02730255164034025
2 0.7572007722007722 0.5265370595382746 0.21295366795366785 0.024325637910085032
2 0.762992277992278 0.49905224787363306 0.22750965250965255 0.024702308626974534
2 0.7580888030888031 0.4696962332928311 0.1969111969111969 0.03032806804374245
2 0.7606177606177607 0.4415674362089915 0.19899613899613908 0.02490886998784933
2 0.7609073359073358 0.418408262454435 0.19364864864864853 0.03533414337788583
2 0.7531853281853281 0.3875577156743621 0.19007722007722014 0.027484811664641562
2 0.7441312741312741 0.3617618469015796 0.23432432432432432 0.022260024301336497
2 0.7579536679536679 0.33708383961117855 0.19957528957528956 0.023766707168894223
2 0.7524517374517374 0.30510328068043746 0.20343629343629344 0.036111786148238186