3 0.3566988416988417 0.04040097205346294 0.5377220077220077 0.03996354799513974
3 0.3537258687258687 0.08826245443499392 0.5317760617760617 0.0399756986634265
3 0.3572972972972973 0.134726609963548 0.5507915057915058 0.04130012150668288
3 0.35610038610038613 0.17968408262454436 0.5365250965250965 0.036634264884568626
3 0.3645752895752895 0.2251154313487242 0.5504826254826254 0.0370230862697448
3 0.36471042471042475 0.26623329283110575 0.5359459459459459 0.04000000000000002
3 0.35194980694980693 0.3080194410692588 0.5044594594594596 0.04019441069258814
3 0.3651544401544401 0.35083839611178613 0.4922779922779923 0.038335358444714404
3 0.3762934362934363 0.3926123936816525 0.4818918918918919 0.03701093560145812
3 0.370945945945946 0.4290643985419198 0.43555984555984556 0.028420413122721734
3 0.36084942084942084 0.4637424058323208 0.39160231660231654 0.041336573511543115
3 0.381042471042471 0.5022235722964763 0.39635135135135124 0.027059538274605083
3 0.3553667953667954 0.5342891859052248 0.4311003861003861 0.025759416767922292
3 0.3874324324324324 0.5738274605103281 0.4714864864864865 0.03194410692588088
3 0.3768918918918919 0.6128068043742405 0.4236679536679536 0.02578371810449578
3 0.3697683397683397 0.6463669501822601 0.3856563706563707 0.03494532199270959
3 0.3838803088803089 0.685625759416768 0.3574324324324325 0.023742405832320734
3 0.37362934362934364 0.7146051032806805 0.4230694980694981 0.04058323207776439
3 0.3933783783783784 0.7496597812879708 0.41208494208494206 0.02283110571081405
3 0.38223938223938225 0.7797569866342648 0.37496138996139 0.02695018226002438
3 0.3985714285714285 0.820498177399757 0.42544401544401544 0.02319562575941667
2 0.7635907335907336 0.37578371810449573 0.22289575289575297 0.037752126366950245
2 0.7536293436293436 0.4099878493317133 0.23567567567567577 0.027679222357229614
2 0.746949806949807 0.4428068043742406 0.2015057915057915 0.024872417982989097
2 0.7572007722007722 0.47346294046172543 0.20716216216216204 0.02189550425273388
2 0.762992277992278 0.5009477521263669 0.22171814671814677 0.02227217496962338
2 0.7580888030888031 0.5303037667071689 0.19111969111969113 0.027897934386391297
2 0.7606177606177607 0.5584325637910085 0.1932046332046333 0.022478736330498177
2 0.7609073359073358 0.5815917375455649 0.18785714285714275 0.03290400972053468
2 0.7531853281853281 0.612442284325638 0.18428571428571436 0.025054678007290408
2 0.7441312741312741 0.6382381530984204 0.2285328185328185 0.019829890643985344
2 0.7579536679536679 0.6629161603888214 0.19378378378378378 0.02133657351154307
2 0.7524517374517374 0.6948967193195625 0.19764478764478763 0.03368165249088703