3 0.647239263803681 0.9778846153846154 0.7055214723926381 0.04423076923076923
3 0.6349693251533742 0.9134615384615384 0.7300613496932515 0.06153846153846154
3 0.6395705521472392 0.8480769230769231 0.7208588957055214 0.06538461538461539
3 0.6625766871165644 0.7826923076923077 0.6748466257668712 0.06538461538461539
3 0.656441717791411 0.7144230769230769 0.6871165644171779 0.06346153846153846
3 0.651840490797546 0.6490384615384616 0.696319018404908 0.05961538461538462
3 0.6748466257668712 0.5913461538461539 0.6503067484662577 0.04807692307692308
3 0.6965644171779142 0.5352692307692307 0.5946319018404906 0.0673461538461538
3 0.6644785276073619 0.47436538461538463 0.6021779141104293 0.04474999999999996
3 0.6886503067484663 0.425 0.6226993865030674 0.04230769230769231
3 0.647239263803681 0.3625 0.7055214723926381 0.051923076923076926
3 0.6710736196319018 0.299346153846154 0.6455828220858895 0.04273076923076928
3 0.6823926380368098 0.24623076923076917 0.5851840490797547 0.05723076923076921
3 0.6599693251533743 0.18409615384615388 0.5403374233128836 0.03949999999999993
3 0.6762576687116565 0.1382307692307692 0.6446319018404909 0.06615384615384633
3 0.6448773006134969 0.08274999999999995 0.6271779141104293 0.03805769230769224
3 0.6625766871165644 0.0351153846153846 0.5681901840490798 0.0445769230769232
2 0.11042944785276074 0.675 0.22085889570552147 0.06153846153846154
2 0.12423312883435583 0.6211538461538462 0.24846625766871167 0.046153846153846156
2 0.11503067484662577 0.5692307692307692 0.23006134969325154 0.04230769230769231
2 0.10889570552147239 0.5201923076923077 0.21779141104294478 0.03653846153846154
2 0.11042944785276074 0.4778846153846154 0.22085889570552147 0.03653846153846154
2 0.10276073619631902 0.4307692307692308 0.20552147239263804 0.046153846153846156
2 0.10122699386503067 0.38653846153846155 0.20245398773006135 0.038461538461538464
2 0.09969325153374232 0.35 0.19938650306748465 0.05384615384615385
2 0.10429447852760736 0.30096153846153845 0.2085889570552147 0.04038461538461539
2 0.12883435582822086 0.2605769230769231 0.25766871165644173 0.032692307692307694
2 0.10429447852760736 0.22115384615384615 0.2085889570552147 0.03461538461538462
2 0.10889570552147239 0.1701923076923077 0.21779141104294478 0.05576923076923077