3 0.3566988416988417 0.04040097205346294 0.5473745173745174 0.038748481166464156
3 0.3537258687258687 0.08826245443499392 0.5414285714285714 0.03876063183475092
3 0.3572972972972973 0.134726609963548 0.5604440154440155 0.0400850546780073
3 0.35610038610038613 0.17968408262454436 0.5461776061776062 0.035419198055893046
3 0.3645752895752895 0.2251154313487242 0.5601351351351351 0.035808019441069226
3 0.36471042471042475 0.26623329283110575 0.5455984555984557 0.03878493317132444
3 0.35194980694980693 0.3080194410692588 0.5141119691119692 0.038979343863912566
3 0.3651544401544401 0.35083839611178613 0.5019305019305019 0.037120291616038824
3 0.3762934362934363 0.3926123936816525 0.49154440154440154 0.03579586877278255
3 0.370945945945946 0.4290643985419198 0.44521235521235525 0.027205346294046157
3 0.36084942084942084 0.4637424058323208 0.40125482625482617 0.040121506682867535
3 0.381042471042471 0.5022235722964763 0.4060038610038609 0.025844471445929502
3 0.3553667953667954 0.5342891859052248 0.4407528957528958 0.024544349939246715
3 0.3874324324324324 0.5738274605103281 0.4811389961389962 0.030729040097205302
3 0.3768918918918919 0.6128068043742405 0.43332046332046326 0.024568651275820204
3 0.3697683397683397 0.6463669501822601 0.3953088803088804 0.03373025516403401
3 0.3838803088803089 0.685625759416768 0.36708494208494213 0.022527339003645157
3 0.37362934362934364 0.7146051032806805 0.4327220077220078 0.03936816524908881
3 0.3933783783783784 0.7496597812879708 0.4217374517374517 0.021616038882138474
3 0.38223938223938225 0.7797569866342648 0.38461389961389963 0.0257351154313488
3 0.3985714285714285 0.820498177399757 0.4350965250965251 0.021980558930741093
2 0.7635907335907336 0.37578371810449573 0.2325482625482626 0.036537059538274665
2 0.7536293436293436 0.4099878493317133 0.2453281853281854 0.026464155528554037
2 0.746949806949807 0.4428068043742406 0.21115830115830114 0.02365735115431352
2 0.7572007722007722 0.47346294046172543 0.2168146718146717 0.020680437424058302
2 0.762992277992278 0.5009477521263669 0.2313706563706564 0.021057108140947804
2 0.7580888030888031 0.5303037667071689 0.20077220077220076 0.02668286755771572
2 0.7606177606177607 0.5584325637910085 0.20285714285714293 0.0212636695018226
2 0.7609073359073358 0.5815917375455649 0.1975096525096524 0.031688942891859105
2 0.7531853281853281 0.612442284325638 0.19393822393822402 0.023839611178614828
2 0.7441312741312741 0.6382381530984204 0.23818532818532817 0.018614823815309763
2 0.7579536679536679 0.6629161603888214 0.20343629343629344 0.020121506682867493
2 0.7524517374517374 0.6948967193195625 0.2072972972972973 0.03246658566221145