3 0.3740648379052369 0.0458984375 0.7481296758104738 0.091796875
3 0.34538653366583544 0.142578125 0.6907730673316709 0.103515625
3 0.35286783042394015 0.2509765625 0.7057356608478803 0.099609375
3 0.35910224438902744 0.3544921875 0.7182044887780549 0.09375
3 0.33042394014962595 0.4453125 0.6608478802992519 0.076171875
3 0.2967581047381546 0.533203125 0.5935162094763092 0.10546875
3 0.3204488778054863 0.6279296875 0.6408977556109726 0.0703125
3 0.31296758104738154 0.7080078125 0.6259351620947631 0.06640625
3 0.3653366583541147 0.806640625 0.7306733167082294 0.08203125
3 0.33042394014962595 0.90625 0.6608478802992519 0.06640625
3 0.3029925187032419 0.97265625 0.6059850374064838 0.0546875
2 0.9102244389027432 0.3125 0.17955112219451372 0.09765625
2 0.8927680798004988 0.3974609375 0.2144638403990025 0.072265625
2 0.9052369077306733 0.4794921875 0.18952618453865336 0.068359375
2 0.912718204488778 0.556640625 0.1745635910224439 0.05859375
2 0.9102244389027432 0.6240234375 0.17955112219451372 0.056640625
2 0.9201995012468828 0.6982421875 0.1596009975062344 0.072265625
2 0.9226932668329177 0.7685546875 0.1546134663341646 0.060546875
2 0.9239401496259352 0.826171875 0.15211970074812967 0.0859375
2 0.9189526184538653 0.9033203125 0.16209476309226933 0.064453125
2 0.8877805486284289 0.966796875 0.22443890274314215 0.05078125