3 0.4749034749034749 0.044349939246658567 0.5212355212355212 0.08869987849331713
3 0.4951737451737452 0.07837181044957472 0.5154440154440154 0.11300121506682867
3 0.5086872586872587 0.12393681652490887 0.5347490347490348 0.1166464155528554
3 0.5260617760617761 0.16767922235722965 0.5193050193050193 0.11057108140947752
3 0.5337837837837838 0.2132442284325638 0.5328185328185329 0.11300121506682867
3 0.5482625482625483 0.2533414337788578 0.5193050193050193 0.11300121506682867
3 0.5752895752895753 0.29222357229647633 0.49034749034749037 0.10935601458080195
3 0.5781853281853282 0.3353584447144593 0.4768339768339768 0.10571081409477522
3 0.582046332046332 0.3778857837181045 0.4671814671814672 0.10328068043742406
3 0.6003861003861004 0.41251518833535844 0.4189189189189189 0.08748481166464156
3 0.6225868725868726 0.44471445929526127 0.3803088803088803 0.09477521263669501
3 0.6167953667953668 0.48541919805589306 0.3803088803088803 0.08140947752126367
3 0.6534749034749034 0.5127582017010935 0.41312741312741313 0.0850546780072904
3 0.6361003861003861 0.5558930741190765 0.45366795366795365 0.09720534629404617
3 0.6602316602316602 0.5923450789793439 0.40540540540540543 0.08383961117861483
3 0.6795366795366795 0.6239368165249088 0.37258687258687256 0.08748481166464156
3 0.6795366795366795 0.6646415552855407 0.33976833976833976 0.07290400972053462
3 0.6998069498069498 0.6913730255164034 0.4111969111969112 0.09842041312272175
3 0.693050193050193 0.7284325637910085 0.3938223938223938 0.07897934386391252
3 0.7142857142857143 0.755771567436209 0.3590733590733591 0.07776427703523693
3 0.7133204633204633 0.7976913730255164 0.40540540540540543 0.08140947752126367
2 0.19884169884169883 0.4161603888213852 0.21428571428571427 0.06682867557715674
2 0.22104247104247104 0.44835965978128794 0.22393822393822393 0.05953827460510328
2 0.23938223938223938 0.4793438639125152 0.1891891891891892 0.05103280680437424
2 0.24034749034749034 0.5103280680437424 0.19305019305019305 0.04981773997569866
2 0.24420849420849422 0.5382746051032807 0.20656370656370657 0.05224787363304982
2 0.25965250965250963 0.5662211421628189 0.17953667953667954 0.053462940461725394
2 0.2673745173745174 0.5935601458080194 0.17953667953667954 0.04738760631834751
2 0.2750965250965251 0.6166464155528554 0.1776061776061776 0.05710814094775213
2 0.29343629343629346 0.6452004860267315 0.1718146718146718 0.04981773997569866
2 0.31177606177606176 0.669501822600243 0.21235521235521235 0.04981773997569866
2 0.30694980694980695 0.6950182260024301 0.17953667953667954 0.04738760631834751
2 0.3233590733590734 0.7253948967193196 0.18725868725868725 0.05953827460510328