3 0.13541666666666666 0.016666666666666666 0.17291666666666666 0.014322916666666666
3 0.134375 0.03619791666666667 0.18645833333333334 0.015885416666666666
3 0.13567708333333334 0.05520833333333333 0.18984375 0.016145833333333335
3 0.13515625 0.07369791666666667 0.1703125 0.01328125
3 0.13854166666666667 0.0921875 0.19427083333333334 0.01484375
3 0.13854166666666667 0.10911458333333333 0.18932291666666667 0.015885416666666666
3 0.13359375 0.12630208333333334 0.18333333333333332 0.016927083333333332
3 0.13854166666666667 0.14375 0.15755208333333334 0.0140625
3 0.14296875 0.1609375 0.15859375 0.013802083333333333
3 0.14088541666666668 0.17578125 0.15338541666666666 0.011458333333333333
3 0.13697916666666668 0.19010416666666666 0.12526041666666668 0.015104166666666667
3 0.14479166666666668 0.20572916666666666 0.13932291666666666 0.010677083333333334
3 0.13489583333333333 0.21901041666666668 0.15703125 0.0109375
3 0.14713541666666666 0.23515625 0.16536458333333334 0.012760416666666666
3 0.14322916666666666 0.2513020833333333 0.13359375 0.009635416666666667
3 0.14036458333333332 0.26484375 0.13723958333333333 0.014322916666666666
3 0.14583333333333334 0.28098958333333335 0.11875 0.009114583333333334
3 0.14192708333333334 0.29296875 0.14739583333333334 0.016145833333333335
3 0.14947916666666666 0.3072916666666667 0.13567708333333334 0.008854166666666666
3 0.14505208333333333 0.31953125 0.13177083333333334 0.010677083333333334
3 0.15130208333333334 0.33619791666666665 0.14192708333333334 0.009114583333333334
2 0.28984375 0.15390625 0.07708333333333334 0.015364583333333333
2 0.28619791666666666 0.16796875 0.07161458333333333 0.009895833333333333
2 0.28359375 0.18151041666666667 0.06432291666666666 0.009375
2 0.2875 0.19401041666666666 0.06614583333333333 0.00859375
2 0.28958333333333336 0.20520833333333333 0.07317708333333334 0.008854166666666666
2 0.2877604166666667 0.21744791666666666 0.05859375 0.010416666666666666
2 0.28880208333333335 0.22890625 0.06276041666666667 0.008854166666666666
2 0.28880208333333335 0.23828125 0.06302083333333333 0.013541666666666667
2 0.2859375 0.25104166666666666 0.06328125 0.0109375
2 0.2825520833333333 0.26171875 0.078125 0.008333333333333333
2 0.2877604166666667 0.2716145833333333 0.06640625 0.009114583333333334
2 0.28567708333333336 0.28489583333333335 0.065625 0.013541666666666667
1 0.46848958333333335 0.07942708333333333 0.17760416666666667 0.022395833333333334
2 0.45807291666666666 0.005729166666666666 0.15677083333333333 0.011458333333333333
3 0.4752604166666667 0.026041666666666668 0.19114583333333332 0.019791666666666666
0 0.46803645833333335 0.04911979166666664 0.17259114583333332 0.01747916666666664
0 0.46536458333333336 0.1085052083333333 0.16223958333333333 0.020611979166666572
2 0.10260416666666666 0.42083333333333334 0.20520833333333333 0.021875
2 0.06484375 0.47291666666666665 0.1296875 0.03958333333333333
2 0.0625 0.5236979166666667 0.125 0.0234375
2 0.06901041666666667 0.5575520833333333 0.13802083333333334 0.030729166666666665
2 0.06484375 0.5984375 0.1296875 0.025
2 0.07630208333333334 0.6388020833333333 0.15260416666666668 0.0234375
2 0.06302083333333333 0.6671875 0.12604166666666666 0.0125
2 0.19934375000000001 0.5460885416666666 0.075 0.16714322916666666
2 0.5765625 0.41432291666666665 0.1875 0.008854166666666666
2 0.596515625 0.4469166666666667 0.19345312499999995 0.02355208333333335
2 0.5872916666666667 0.47526562499999997 0.15959895833333337 0.012171874999999943