3 0.9893822393822393 0.4088699878493317 0.021235521235521235 0.3268529769137303
3 0.9362934362934363 0.4149453219927096 0.059845559845559844 0.3353584447144593
3 0.8716216216216216 0.4149453219927096 0.06563706563706563 0.3268529769137303
3 0.805019305019305 0.40704738760631837 0.06563706563706563 0.30619684082624543
3 0.7374517374517374 0.4149453219927096 0.0637065637065637 0.29890643985419196
3 0.6708494208494209 0.4222357229647631 0.059845559845559844 0.2928311057108141
3 0.612934362934363 0.41859052247873635 0.04633204633204633 0.26366950182260024
3 0.5579150579150579 0.41251518833535844 0.06756756756756757 0.23572296476306198
3 0.49613899613899615 0.425273390036452 0.0444015444015444 0.23815309842041313
3 0.44594594594594594 0.4088699878493317 0.04247104247104247 0.2600243013365735
3 0.38223938223938225 0.4289185905224787 0.052123552123552123 0.28554070473876064
3 0.3204633204633205 0.4222357229647631 0.04247104247104247 0.2551640340218712
3 0.2673745173745174 0.41798298906439857 0.05791505791505792 0.23207776427703525
3 0.20463320463320464 0.4270959902794654 0.04054054054054054 0.21385176184690158
3 0.15926640926640925 0.4204131227217497 0.06563706563706563 0.2551640340218712
3 0.10328185328185328 0.43317132442284323 0.03861003861003861 0.24787363304981774
3 0.055984555984555984 0.4258809234507898 0.0444015444015444 0.22478736330498178
3 0.004826254826254826 0.4356014580801944 0.009652509652509652 0.25637910085054677
2 0.696911196911197 0.6658566221142163 0.06177606177606178 0.12879708383961117
2 0.6428571428571429 0.6597812879708383 0.04633204633204633 0.13730255164034022
2 0.5907335907335908 0.6555285540704738 0.04054054054054054 0.11543134872417983
2 0.5424710424710425 0.6616038882138517 0.03667953667953668 0.11907654921020656
2 0.4980694980694981 0.6652490886998785 0.03667953667953668 0.12879708383961117
2 0.4517374517374517 0.6622114216281896 0.04633204633204633 0.10935601458080195
2 0.40733590733590735 0.6640340218712029 0.03861003861003861 0.11057108140947752
2 0.37065637065637064 0.6640340218712029 0.05405405405405406 0.10692588092345079
2 0.32142857142857145 0.6591737545565006 0.04247104247104247 0.10449574726609964
2 0.2799227799227799 0.6537059538274606 0.032818532818532815 0.1324422843256379
2 0.2413127413127413 0.6622114216281896 0.03667953667953668 0.11057108140947752
2 0.19015444015444016 0.6591737545565006 0.055984555984555984 0.11300121506682867