3 0.9451371571072319 0.3779296875 0.10972568578553615 0.541015625
3 0.8179551122194514 0.384765625 0.12718204488778054 0.552734375
3 0.685785536159601 0.3896484375 0.11970074812967581 0.5625
3 0.5698254364089775 0.3671875 0.09725685785536159 0.517578125
3 0.45760598503740646 0.3408203125 0.13466334164588528 0.46484375
3 0.33665835411471323 0.359375 0.08977556109725686 0.501953125
3 0.2344139650872818 0.353515625 0.08478802992518704 0.490234375
3 0.1084788029925187 0.39453125 0.10473815461346633 0.572265625
3 0.011221945137157107 0.3662109375 0.022443890274314215 0.517578125
2 0.7394014962593516 0.8212890625 0.12468827930174564 0.140625
2 0.6309226932668329 0.8076171875 0.09226932668329177 0.16796875
2 0.5261845386533666 0.8173828125 0.08728179551122195 0.1484375
2 0.42768079800498754 0.8232421875 0.07481296758104738 0.13671875
2 0.341645885286783 0.8212890625 0.07231920199501247 0.140625
2 0.24688279301745636 0.8291015625 0.09226932668329177 0.125
2 0.1571072319201995 0.8310546875 0.0773067331670823 0.12109375
2 0.08354114713216958 0.83203125 0.10972568578553615 0.119140625
2 0.012468827930174564 0.8271484375 0.02493765586034913 0.126953125