3 0.3566988416988417 0.04040097205346294 0.5531660231660233 0.036318347509113
3 0.3537258687258687 0.08826245443499392 0.5472200772200772 0.036330498177399764
3 0.3572972972972973 0.134726609963548 0.5662355212355212 0.037654921020656144
3 0.35610038610038613 0.17968408262454436 0.551969111969112 0.03298906439854189
3 0.3645752895752895 0.2251154313487242 0.5659266409266409 0.033377885783718066
3 0.36471042471042475 0.26623329283110575 0.5513899613899614 0.03635479951397329
3 0.35194980694980693 0.3080194410692588 0.519903474903475 0.03654921020656141
3 0.3651544401544401 0.35083839611178613 0.5077220077220077 0.03469015795868767
3 0.3762934362934363 0.3926123936816525 0.4973359073359073 0.033365735115431394
3 0.370945945945946 0.4290643985419198 0.45100386100386103 0.024775212636695
3 0.36084942084942084 0.4637424058323208 0.407046332046332 0.03769137302551638
3 0.381042471042471 0.5022235722964763 0.4117953667953667 0.02341433778857835
3 0.3553667953667954 0.5342891859052248 0.44654440154440156 0.022114216281895558
3 0.3874324324324324 0.5738274605103281 0.48693050193050197 0.02829890643985415
3 0.3768918918918919 0.6128068043742405 0.4391119691119691 0.02213851761846905
3 0.3697683397683397 0.6463669501822601 0.4011003861003862 0.031300121506682856
3 0.3838803088803089 0.685625759416768 0.37287644787644797 0.020097205346294
3 0.37362934362934364 0.7146051032806805 0.4385135135135136 0.036938031591737655
3 0.3933783783783784 0.7496597812879708 0.4275289575289575 0.01918590522478732
3 0.38223938223938225 0.7797569866342648 0.3904054054054054 0.023304981773997646
3 0.3985714285714285 0.820498177399757 0.44088803088803086 0.019550425273389935
2 0.7635907335907336 0.37578371810449573 0.23833976833976842 0.03410692588092351
2 0.7536293436293436 0.4099878493317133 0.2511196911196912 0.024034021871202883
2 0.746949806949807 0.4428068043742406 0.21694980694980695 0.021227217496962367
2 0.7572007722007722 0.47346294046172543 0.2226061776061775 0.018250303766707148
2 0.762992277992278 0.5009477521263669 0.2371621621621622 0.018626974483596646
2 0.7580888030888031 0.5303037667071689 0.20656370656370657 0.024252733900364563
2 0.7606177606177607 0.5584325637910085 0.20864864864864874 0.018833535844471446
2 0.7609073359073358 0.5815917375455649 0.2033011583011582 0.029258809234507948
2 0.7531853281853281 0.612442284325638 0.1997297297297298 0.021409477521263674
2 0.7441312741312741 0.6382381530984204 0.24397683397683398 0.01618469015795861
2 0.7579536679536679 0.6629161603888214 0.20922779922779922 0.017691373025516335
2 0.7524517374517374 0.6948967193195625 0.21308880308880307 0.0300364520048603