3 0.2815972222222222 0.5220572916666667 0.27708333333333335 0.020984374999999982
3 0.27689583333333334 0.4974739583333333 0.24052777777777787 0.019395833333333338
3 0.27455555555555555 0.47261458333333334 0.2169166666666666 0.015140624999999967
3 0.27538194444444447 0.450640625 0.20719444444444446 0.013630208333333371
3 0.2910347222222222 0.4314166666666666 0.21325694444444446 0.016098958333333257
3 0.28206944444444443 0.4118125 0.19785416666666664 0.015531250000000085
0 0.27979861111111115 0.6365312499999999 0.3195694444444444 0.018744791666666552
0 0.28181944444444446 0.61171875 0.3135069444444444 0.019130208333333343
0 0.28030555555555553 0.5893177083333333 0.3104791666666666 0.021312500000000036
0 0.28352083333333333 0.5646458333333333 0.3131319444444445 0.028046874999999954
2 0.28358333333333335 0.38696875000000003 0.2816944444444445 0.01654166666666678
2 0.2716527777777778 0.36660416666666673 0.24393749999999997 0.01598437500000003
2 0.2777777777777778 0.3422656250000001 0.22461805555555558 0.017312499999999887
2 0.26969444444444446 0.3184010416666666 0.20845833333333338 0.01580729166666662
2 0.26742361111111107 0.29420312499999995 0.18876388888888893 0.012119791666666657
2 0.2825763888888889 0.27672916666666664 0.18876388888888893 0.012031249999999953
2 0.27765277777777775 0.2532864583333333 0.1864930555555556 0.014401041666666715
2 0.2737361111111111 0.23349479166666665 0.14583333333333334 0.014218750000000094
2 0.26944444444444443 0.21715625000000002 0.17260416666666664 0.01185416666666678
1 0.2733611111111111 0.19746875000000005 0.2082083333333333 0.02092708333333325
1 0.26035416666666666 0.17417187500000003 0.18977083333333333 0.010703125000000095
1 0.26502777777777775 0.15551041666666662 0.1915416666666666 0.015822916666666725
1 0.26186805555555553 0.13250000000000003 0.1574513888888889 0.01829166666666661