3 0.5739583333333333 0.1845703125 0.06041666666666667 0.306640625
3 0.6385416666666667 0.1630859375 0.05625 0.263671875
3 0.7052083333333333 0.1494140625 0.04375 0.236328125
3 0.7645833333333333 0.1455078125 0.03958333333333333 0.228515625
3 0.815625 0.1630859375 0.04791666666666667 0.263671875
3 0.8677083333333333 0.1474609375 0.04583333333333333 0.232421875
0 0.26875 0.203125 0.05416666666666667 0.34375
0 0.334375 0.2021484375 0.05625 0.341796875
0 0.39479166666666665 0.19921875 0.06041666666666667 0.3359375
0 0.46041666666666664 0.203125 0.07916666666666666 0.34375
2 0.934375 0.1884765625 0.04791666666666667 0.314453125
2 0.9822916666666667 0.1591796875 0.035416666666666666 0.255859375