3 0.16388888888888886 0.5696614583333333 0.3277777777777777 0.05598958333333326
3 0.14027777777777778 0.6302083333333333 0.28055555555555556 0.05208333333333326
3 0.12638888888888888 0.6927083333333333 0.25277777777777777 0.04166666666666674
3 0.12222222222222222 0.748046875 0.24444444444444444 0.03776041666666674
3 0.1409722222222222 0.7955729166666666 0.2819444444444444 0.04427083333333326
3 0.12430555555555554 0.8444010416666666 0.2486111111111111 0.04296875
0 0.18333333333333332 0.283203125 0.36666666666666664 0.05078125
0 0.18194444444444444 0.3450520833333333 0.3638888888888889 0.05208333333333337
0 0.17916666666666667 0.40104166666666663 0.35833333333333334 0.05729166666666663
0 0.18333333333333332 0.462890625 0.36666666666666664 0.07421875
2 0.16805555555555554 0.9069010416666666 0.3361111111111111 0.04557291666666674
2 0.13680555555555554 0.9576822916666666 0.2736111111111111 0.04296875