3 0.2815972222222222 0.5220572916666667 0.2701388888888889 0.021505208333333314
3 0.27689583333333334 0.4974739583333333 0.23358333333333342 0.019916666666666673
3 0.27455555555555555 0.47261458333333334 0.20997222222222214 0.0156614583333333
3 0.27538194444444447 0.450640625 0.20025 0.014151041666666704
3 0.2910347222222222 0.4314166666666666 0.2063125 0.016619791666666592
3 0.28206944444444443 0.4118125 0.1909097222222222 0.016052083333333418
0 0.27979861111111115 0.6365312499999999 0.312625 0.019265624999999887
0 0.28181944444444446 0.61171875 0.30656249999999996 0.019651041666666678
0 0.28030555555555553 0.5893177083333333 0.30353472222222216 0.02183333333333337
0 0.28352083333333333 0.5646458333333333 0.30618750000000006 0.028567708333333285
2 0.28358333333333335 0.38696875000000003 0.27475000000000005 0.017062500000000112
2 0.2716527777777778 0.36660416666666673 0.23699305555555555 0.01650520833333336
2 0.2777777777777778 0.3422656250000001 0.21767361111111114 0.01783333333333322
2 0.26969444444444446 0.3184010416666666 0.20151388888888894 0.016328124999999954
2 0.26742361111111107 0.29420312499999995 0.18181944444444448 0.01264062499999999
2 0.2825763888888889 0.27672916666666664 0.18181944444444448 0.012552083333333287
2 0.27765277777777775 0.2532864583333333 0.17954861111111114 0.014921875000000048
2 0.2737361111111111 0.23349479166666665 0.1388888888888889 0.014739583333333427
2 0.26944444444444443 0.21715625000000002 0.1656597222222222 0.012375000000000113
1 0.2733611111111111 0.19746875000000005 0.20126388888888885 0.02144791666666658
1 0.26035416666666666 0.17417187500000003 0.18282638888888889 0.011223958333333428
1 0.26502777777777775 0.15551041666666662 0.1845972222222222 0.016343750000000056
1 0.26186805555555553 0.13250000000000003 0.15050694444444446 0.018812499999999944