3 0.2815972222222222 0.4779427083333333 0.26944444444444443 0.021505208333333314
3 0.27689583333333334 0.5025260416666667 0.23288888888888898 0.019916666666666673
3 0.27455555555555555 0.5273854166666667 0.2092777777777777 0.0156614583333333
3 0.27538194444444447 0.549359375 0.19955555555555557 0.014151041666666704
3 0.2910347222222222 0.5685833333333333 0.20561805555555557 0.016619791666666592
3 0.28206944444444443 0.5881875 0.19021527777777775 0.016052083333333418
0 0.27979861111111115 0.36346875 0.31193055555555554 0.019265625000000005
0 0.28181944444444446 0.38828125 0.3058680555555555 0.019651041666666678
0 0.28030555555555553 0.41068229166666664 0.3028402777777777 0.02183333333333337
0 0.28352083333333333 0.43535416666666665 0.3054930555555556 0.028567708333333285
2 0.28358333333333335 0.61303125 0.2740555555555556 0.017062500000000112
2 0.2716527777777778 0.6333958333333333 0.2362986111111111 0.01650520833333336
2 0.2777777777777778 0.657734375 0.2169791666666667 0.01783333333333322
2 0.26969444444444446 0.6815989583333334 0.2008194444444445 0.016328124999999954
2 0.26742361111111107 0.7057968750000001 0.18112500000000004 0.01264062499999999
2 0.2825763888888889 0.7232708333333334 0.18112500000000004 0.012552083333333287
2 0.27765277777777775 0.7467135416666667 0.1788541666666667 0.014921875000000048
2 0.2737361111111111 0.7665052083333334 0.13819444444444445 0.014739583333333427
2 0.26944444444444443 0.78284375 0.16496527777777775 0.012375000000000113
1 0.2733611111111111 0.8025312499999999 0.2005694444444444 0.02144791666666658
1 0.26035416666666666 0.8258281249999999 0.18213194444444444 0.011223958333333428
1 0.26502777777777775 0.8444895833333333 0.18390277777777772 0.016343750000000056
1 0.26186805555555553 0.8674999999999999 0.14981250000000002 0.018812499999999944