3 0.42604166666666665 0.8154296875 0.06041666666666667 0.306640625
3 0.3614583333333333 0.8369140625 0.05625 0.263671875
3 0.2947916666666667 0.8505859375 0.04375 0.236328125
3 0.23541666666666666 0.8544921875 0.03958333333333333 0.228515625
3 0.184375 0.8369140625 0.04791666666666667 0.263671875
3 0.13229166666666667 0.8525390625 0.04583333333333333 0.232421875
0 0.73125 0.796875 0.05416666666666667 0.34375
0 0.665625 0.7978515625 0.05625 0.341796875
0 0.6052083333333333 0.80078125 0.06041666666666667 0.3359375
0 0.5395833333333333 0.796875 0.07916666666666666 0.34375
2 0.065625 0.8115234375 0.04791666666666667 0.314453125
2 0.016666666666666666 0.8408203125 0.03333333333333333 0.255859375