3 0.2815972222222222 0.4779427083333333 0.26666666666666666 0.02254687499999998
3 0.27689583333333334 0.5025260416666667 0.2301111111111112 0.02095833333333334
3 0.27455555555555555 0.5273854166666667 0.20649999999999993 0.016703124999999968
3 0.27538194444444447 0.549359375 0.19677777777777777 0.01519270833333337
3 0.2910347222222222 0.5685833333333333 0.2028402777777778 0.017661458333333258
3 0.28206944444444443 0.5881875 0.18743749999999998 0.017093750000000085
0 0.27979861111111115 0.36346875 0.3091527777777777 0.02030729166666667
0 0.28181944444444446 0.38828125 0.30309027777777775 0.020692708333333344
0 0.28030555555555553 0.41068229166666664 0.30006249999999995 0.022875000000000038
0 0.28352083333333333 0.43535416666666665 0.30271527777777785 0.02960937499999995
2 0.28358333333333335 0.61303125 0.27127777777777784 0.01810416666666678
2 0.2716527777777778 0.6333958333333333 0.23352083333333332 0.017546875000000028
2 0.2777777777777778 0.657734375 0.21420138888888893 0.018874999999999885
2 0.26969444444444446 0.6815989583333334 0.1980416666666667 0.01736979166666662
2 0.26742361111111107 0.7057968750000001 0.17834722222222227 0.013682291666666657
2 0.2825763888888889 0.7232708333333334 0.17834722222222227 0.013593749999999953
2 0.27765277777777775 0.7467135416666667 0.17607638888888894 0.015963541666666713
2 0.2737361111111111 0.7665052083333334 0.13541666666666666 0.015781250000000094
2 0.26944444444444443 0.78284375 0.16218749999999996 0.01341666666666678
1 0.2733611111111111 0.8025312499999999 0.19779166666666662 0.022489583333333247
1 0.26035416666666666 0.8258281249999999 0.17935416666666665 0.012265625000000094
1 0.26502777777777775 0.8444895833333333 0.18112499999999995 0.017385416666666723
1 0.26186805555555553 0.8674999999999999 0.14703472222222225 0.01985416666666661