3 0.2815972222222222 0.5220572916666667 0.26805555555555555 0.02202604166666665
3 0.27689583333333334 0.4974739583333333 0.2315000000000001 0.020437500000000004
3 0.27455555555555555 0.47261458333333334 0.20788888888888882 0.016182291666666633
3 0.27538194444444447 0.450640625 0.19816666666666669 0.014671875000000037
3 0.2910347222222222 0.4314166666666666 0.20422916666666668 0.017140624999999923
3 0.28206944444444443 0.4118125 0.18882638888888886 0.016572916666666753
0 0.27979861111111115 0.6365312499999999 0.3105416666666666 0.01978645833333322
0 0.28181944444444446 0.61171875 0.30447916666666663 0.02017187500000001
0 0.28030555555555553 0.5893177083333333 0.30145138888888884 0.022354166666666706
0 0.28352083333333333 0.5646458333333333 0.30410416666666673 0.02908854166666662
2 0.28358333333333335 0.38696875000000003 0.2726666666666667 0.017583333333333447
2 0.2716527777777778 0.36660416666666673 0.2349097222222222 0.017026041666666696
2 0.2777777777777778 0.3422656250000001 0.2155902777777778 0.018354166666666553
2 0.26969444444444446 0.3184010416666666 0.1994305555555556 0.016848958333333285
2 0.26742361111111107 0.29420312499999995 0.17973611111111115 0.013161458333333324
2 0.2825763888888889 0.27672916666666664 0.17973611111111115 0.01307291666666662
2 0.27765277777777775 0.2532864583333333 0.17746527777777782 0.015442708333333381
2 0.2737361111111111 0.23349479166666665 0.13680555555555557 0.01526041666666676
2 0.26944444444444443 0.21715625000000002 0.16357638888888887 0.012895833333333447
1 0.2733611111111111 0.19746875000000005 0.1991805555555555 0.021968749999999915
1 0.26035416666666666 0.17417187500000003 0.18074305555555553 0.011744791666666761
1 0.26502777777777775 0.15551041666666662 0.18251388888888884 0.01686458333333339
1 0.26186805555555553 0.13250000000000003 0.14842361111111113 0.019333333333333275