2 0.6466041666666666 0.5344479166666667 0.39961111111111114 0.03741145833333329
2 0.6465277777777778 0.5859010416666667 0.3701388888888889 0.03267708333333322
2 0.6435972222222222 0.6294791666666666 0.3056319444444445 0.026093749999999954
2 0.6574861111111111 0.76884375 0.2902013888888888 0.025187500000000067
2 0.6543194444444445 0.7973750000000001 0.25455555555555553 0.02276562500000002
2 0.6630416666666666 0.8682604166666666 0.2581041666666667 0.024489583333333325
2 0.6810208333333334 0.9043229166666666 0.27399999999999997 0.028317708333333278
1 0.6641180555555557 0.6638593749999999 0.25717361111111103 0.027718749999999896
1 0.6780833333333334 0.7377135416666667 0.3020833333333333 0.031906250000000115
3 0.6657430555555556 0.6992760416666666 0.28973611111111114 0.029104166666666723
3 0.6586388888888889 0.8363229166666667 0.2570208333333334 0.03005208333333324