2 0.6466041666666666 0.5344479166666667 0.39961111111111114 0.03689062499999996
2 0.6465277777777778 0.5859010416666667 0.3701388888888889 0.032156249999999886
2 0.6435972222222222 0.6294791666666666 0.3056319444444445 0.02557291666666662
2 0.6574861111111111 0.76884375 0.2902013888888888 0.024666666666666733
2 0.6543194444444445 0.7973750000000001 0.25455555555555553 0.022244791666666687
2 0.6630416666666666 0.8682604166666666 0.2581041666666667 0.02396874999999999
2 0.6810208333333334 0.9043229166666666 0.27399999999999997 0.027796874999999943
1 0.6641180555555557 0.6638593749999999 0.25717361111111103 0.02719791666666656
1 0.6780833333333334 0.7377135416666667 0.3020833333333333 0.031385416666666784
3 0.6657430555555556 0.6992760416666666 0.28973611111111114 0.02858333333333339
3 0.6586388888888889 0.8363229166666667 0.2570208333333334 0.029531249999999905