2 0.36875 0.5598958333333334 0.3923611111111111 0.10729166666666666
2 0.3854166666666667 0.6098958333333333 0.3625 0.09739583333333333
2 0.40243055555555557 0.6515625 0.2972222222222222 0.07916666666666666
2 0.4340277777777778 0.7893229166666667 0.2826388888888889 0.07552083333333333
2 0.4461805555555556 0.8166666666666667 0.24722222222222223 0.06666666666666667
2 0.46041666666666664 0.8869791666666667 0.25069444444444444 0.06927083333333334
2 0.4548611111111111 0.9252604166666667 0.2673611111111111 0.07604166666666666
1 0.39375 0.6888020833333334 0.2513888888888889 0.07239583333333334
1 0.40381944444444445 0.7630208333333334 0.29583333333333334 0.084375
3 0.40347222222222223 0.7234375 0.2833333333333333 0.07916666666666666
3 0.4545138888888889 0.8552083333333333 0.2513888888888889 0.07447916666666667