2 0.6466041666666666 0.46555208333333326 0.4065555555555556 0.03636979166666663
2 0.6465277777777778 0.4140989583333333 0.3770833333333333 0.031635416666666555
2 0.6435972222222222 0.37052083333333335 0.312576388888889 0.025052083333333287
2 0.6574861111111111 0.23115624999999998 0.2971458333333332 0.0241458333333334
2 0.6543194444444445 0.20262499999999997 0.26149999999999995 0.021723958333333352
2 0.6630416666666666 0.13173958333333335 0.26504861111111117 0.02344791666666666
2 0.6810208333333334 0.09567708333333336 0.2809444444444444 0.027276041666666608
1 0.6641180555555557 0.336140625 0.2641180555555555 0.02667708333333323
1 0.6780833333333334 0.2622864583333333 0.3090277777777778 0.03086458333333345
3 0.6657430555555556 0.3007239583333334 0.29668055555555556 0.028062500000000056
3 0.6586388888888889 0.16367708333333333 0.26396527777777784 0.029010416666666573