2 0.6466041666666666 0.5344479166666667 0.3926666666666667 0.03741145833333329
2 0.6465277777777778 0.5859010416666667 0.36319444444444443 0.03267708333333322
2 0.6435972222222222 0.6294791666666666 0.2986875000000001 0.026093749999999954
2 0.6574861111111111 0.76884375 0.2832569444444444 0.025187500000000067
2 0.6543194444444445 0.7973750000000001 0.24761111111111106 0.02276562500000002
2 0.6630416666666666 0.8682604166666666 0.25115972222222227 0.024489583333333325
2 0.6810208333333334 0.9043229166666666 0.2670555555555555 0.028317708333333278
1 0.6641180555555557 0.6638593749999999 0.2502291666666666 0.027718749999999896
1 0.6780833333333334 0.7377135416666667 0.2951388888888889 0.031906250000000115
3 0.6657430555555556 0.6992760416666666 0.28279166666666666 0.029104166666666723
3 0.6586388888888889 0.8363229166666667 0.250076388888889 0.03005208333333324