2 0.6466041666666666 0.5344479166666667 0.40516666666666673 0.040015624999999964
2 0.6465277777777778 0.5859010416666667 0.37569444444444444 0.03528124999999989
2 0.6435972222222222 0.6294791666666666 0.31118750000000006 0.028697916666666618
2 0.6574861111111111 0.76884375 0.29575694444444434 0.027791666666666732
2 0.6543194444444445 0.7973750000000001 0.26011111111111107 0.025369791666666686
2 0.6630416666666666 0.8682604166666666 0.2636597222222223 0.02709374999999999
2 0.6810208333333334 0.9043229166666666 0.2795555555555555 0.030921874999999942
1 0.6641180555555557 0.6638593749999999 0.2627291666666666 0.030322916666666564
1 0.6780833333333334 0.7377135416666667 0.3076388888888889 0.03451041666666678
3 0.6657430555555556 0.6992760416666666 0.2952916666666667 0.03170833333333339
3 0.6586388888888889 0.8363229166666667 0.26257638888888896 0.03265624999999991