2 0.6466041666666666 0.46555208333333326 0.39336111111111116 0.03741145833333329
2 0.6465277777777778 0.4140989583333333 0.3638888888888889 0.03267708333333322
2 0.6435972222222222 0.37052083333333335 0.29938194444444455 0.026093749999999954
2 0.6574861111111111 0.23115624999999998 0.2839513888888888 0.025187500000000067
2 0.6543194444444445 0.20262499999999997 0.24830555555555553 0.02276562500000002
2 0.6630416666666666 0.13173958333333335 0.2518541666666667 0.024489583333333325
2 0.6810208333333334 0.09567708333333336 0.26775 0.028317708333333278
1 0.6641180555555557 0.336140625 0.25092361111111106 0.027718749999999896
1 0.6780833333333334 0.2622864583333333 0.29583333333333334 0.031906250000000115
3 0.6657430555555556 0.3007239583333334 0.2834861111111111 0.029104166666666723
3 0.6586388888888889 0.16367708333333333 0.25077083333333344 0.03005208333333324