1 0.5143541666666667 0.7306875 0.4064027777777778 0.03747395833333324
1 0.5218333333333334 0.6457864583333333 0.4198333333333333 0.03250000000000005
1 0.5239166666666667 0.537 0.3823333333333333 0.03526041666666657
2 0.5342569444444446 0.9069739583333333 0.4801666666666667 0.049249999999999974
2 0.5388888888888889 0.8640885416666666 0.45238888888888895 0.041276041666666666
2 0.5422847222222222 0.81825 0.43449305555555545 0.03943229166666669
2 0.5299375000000001 0.7772708333333334 0.397451388888889 0.04360937500000001
2 0.5375 0.6895468749999999 0.43418055555555574 0.03386458333333332
0 0.5211388888888889 0.6116666666666667 0.4076388888888889 0.0345312500000001
0 0.5263888888888889 0.576015625 0.39344444444444443 0.031765625000000124
0 0.522611111111111 0.5034375 0.38125 0.02645833333333331
0 0.5097986111111111 0.43311979166666664 0.38340972222222214 0.02194270833333339
3 0.5123472222222222 0.46784375 0.33757638888888897 0.024729166666666677
3 0.5091805555555555 0.39795312499999996 0.30810416666666673 0.030244791666666753
3 0.5252291666666667 0.3640989583333333 0.3278541666666666 0.027359375000000106
3 0.5291666666666667 0.33145312500000007 0.3002291666666666 0.027833333333333363
3 0.5318680555555555 0.2960312500000001 0.2701388888888889 0.024598958333333344
3 0.5359583333333333 0.27195833333333336 0.23973611111111112 0.020906249999999935
3 0.5246111111111111 0.20580208333333339 0.2834097222222223 0.021036458333333268
2 0.5320972222222222 0.23590625000000004 0.24745138888888885 0.021010416666666743
2 0.5224513888888889 0.17542187499999998 0.22970833333333332 0.015817708333333277
2 0.5171319444444444 0.14659895833333333 0.2206041666666667 0.020223958333333295
2 0.5246944444444444 0.11424479166666662 0.2079444444444445 0.02127604166666662