1 0.5143541666666667 0.2693125 0.41126388888888893 0.04007812500000003
1 0.5218333333333334 0.3542135416666667 0.42469444444444443 0.035104166666666714
1 0.5239166666666667 0.463 0.3871944444444444 0.037864583333333354
2 0.5342569444444446 0.09302604166666667 0.48502777777777784 0.051854166666666666
2 0.5388888888888889 0.13591145833333332 0.45725000000000005 0.04388020833333333
2 0.5422847222222222 0.18175 0.43935416666666655 0.04203645833333335
2 0.5299375000000001 0.22272916666666667 0.40231250000000013 0.04621354166666668
2 0.5375 0.31045312500000005 0.43904166666666683 0.03646874999999999
0 0.5211388888888889 0.38833333333333336 0.4125 0.03713541666666664
0 0.5263888888888889 0.42398437499999997 0.3983055555555555 0.03436979166666667
0 0.522611111111111 0.49656249999999996 0.3861111111111111 0.029062499999999977
0 0.5097986111111111 0.5668802083333334 0.3882708333333333 0.024546875000000058
3 0.5123472222222222 0.53215625 0.34243750000000006 0.02733333333333334
3 0.5091805555555555 0.602046875 0.31296527777777783 0.03284895833333342
3 0.5252291666666667 0.6359010416666667 0.3327152777777777 0.02996354166666677
3 0.5291666666666667 0.668546875 0.30509027777777775 0.030437500000000027
3 0.5318680555555555 0.7039687499999999 0.275 0.02720312500000001
3 0.5359583333333333 0.7280416666666666 0.24459722222222224 0.0235104166666666
3 0.5246111111111111 0.7941979166666666 0.2882708333333334 0.023640624999999933
2 0.5320972222222222 0.76409375 0.25231249999999994 0.023614583333333408
2 0.5224513888888889 0.824578125 0.2345694444444444 0.018421874999999942
2 0.5171319444444444 0.8534010416666666 0.22546527777777783 0.022828124999999963
2 0.5246944444444444 0.8857552083333334 0.21280555555555558 0.023880208333333285