1 0.4708333333333333 0.0478515625 0.7916666666666666 0.09375
1 0.45625 0.2607421875 0.81875 0.08203125
1 0.45208333333333334 0.5322265625 0.74375 0.087890625
2 0.425 0.1513671875 0.8479166666666667 0.083984375
0 0.45729166666666665 0.345703125 0.79375 0.0859375
0 0.446875 0.4345703125 0.7666666666666667 0.080078125
0 0.4552083333333333 0.6162109375 0.7416666666666667 0.06640625
0 0.48020833333333335 0.7919921875 0.7458333333333333 0.0546875
3 0.475 0.705078125 0.6541666666666667 0.0625
3 0.48125 0.8798828125 0.5958333333333333 0.076171875
3 0.45 0.96484375 0.6354166666666666 0.068359375