1 0.5143541666666667 0.2693125 0.3966805555555556 0.037473958333333356
1 0.5218333333333334 0.3542135416666667 0.4101111111111111 0.03250000000000005
1 0.5239166666666667 0.463 0.37261111111111106 0.03526041666666669
2 0.5342569444444446 0.09302604166666667 0.4704444444444445 0.04925
2 0.5388888888888889 0.13591145833333332 0.4426666666666667 0.041276041666666666
2 0.5422847222222222 0.18175 0.4247708333333332 0.03943229166666669
2 0.5299375000000001 0.22272916666666667 0.3877291666666668 0.04360937500000001
2 0.5375 0.31045312500000005 0.4244583333333335 0.03386458333333332
0 0.5211388888888889 0.38833333333333336 0.39791666666666664 0.03453124999999998
0 0.5263888888888889 0.42398437499999997 0.3837222222222222 0.031765625000000006
0 0.522611111111111 0.49656249999999996 0.3715277777777778 0.02645833333333331
0 0.5097986111111111 0.5668802083333334 0.37368749999999995 0.02194270833333339
3 0.5123472222222222 0.53215625 0.3278541666666668 0.024729166666666677
3 0.5091805555555555 0.602046875 0.2983819444444445 0.030244791666666753
3 0.5252291666666667 0.6359010416666667 0.31813194444444437 0.027359375000000106
3 0.5291666666666667 0.668546875 0.2905069444444444 0.027833333333333363
3 0.5318680555555555 0.7039687499999999 0.2604166666666667 0.024598958333333344
3 0.5359583333333333 0.7280416666666666 0.2300138888888889 0.020906249999999935
3 0.5246111111111111 0.7941979166666666 0.2736875000000001 0.021036458333333268
2 0.5320972222222222 0.76409375 0.2377291666666666 0.021010416666666743
2 0.5224513888888889 0.824578125 0.2199861111111111 0.015817708333333277
2 0.5171319444444444 0.8534010416666666 0.2108819444444445 0.020223958333333295
2 0.5246944444444444 0.8857552083333334 0.19822222222222227 0.02127604166666662