1 0.5143541666666667 0.7306875 0.40918055555555555 0.035390624999999905
1 0.5218333333333334 0.6457864583333333 0.42261111111111105 0.030416666666666713
1 0.5239166666666667 0.537 0.38511111111111107 0.03317708333333324
2 0.5342569444444446 0.9069739583333333 0.4829444444444445 0.04716666666666664
2 0.5388888888888889 0.8640885416666666 0.4551666666666667 0.03919270833333333
2 0.5422847222222222 0.81825 0.4372708333333332 0.037348958333333356
2 0.5299375000000001 0.7772708333333334 0.40022916666666675 0.04152604166666667
2 0.5375 0.6895468749999999 0.4369583333333335 0.03178124999999999
0 0.5211388888888889 0.6116666666666667 0.41041666666666665 0.032447916666666764
0 0.5263888888888889 0.576015625 0.3962222222222222 0.02968229166666679
0 0.522611111111111 0.5034375 0.3840277777777778 0.024374999999999977
0 0.5097986111111111 0.43311979166666664 0.3861874999999999 0.019859375000000058
3 0.5123472222222222 0.46784375 0.34035416666666674 0.022645833333333344
3 0.5091805555555555 0.39795312499999996 0.3108819444444445 0.02816145833333342
3 0.5252291666666667 0.3640989583333333 0.3306319444444444 0.02527604166666677
3 0.5291666666666667 0.33145312500000007 0.30300694444444437 0.02575000000000003
3 0.5318680555555555 0.2960312500000001 0.27291666666666664 0.022515625000000008
3 0.5359583333333333 0.27195833333333336 0.24251388888888892 0.0188229166666666
3 0.5246111111111111 0.20580208333333339 0.2861875000000001 0.018953124999999935
2 0.5320972222222222 0.23590625000000004 0.2502291666666666 0.01892708333333341
2 0.5224513888888889 0.17542187499999998 0.2324861111111111 0.013734374999999943
2 0.5171319444444444 0.14659895833333333 0.2233819444444445 0.018140624999999962
2 0.5246944444444444 0.11424479166666662 0.21072222222222226 0.019192708333333287