1 0.5143541666666667 0.2693125 0.4015416666666667 0.036953125000000024
1 0.5218333333333334 0.3542135416666667 0.4149722222222222 0.03197916666666671
1 0.5239166666666667 0.463 0.3774722222222222 0.03473958333333336
2 0.5342569444444446 0.09302604166666667 0.4753055555555556 0.04872916666666667
2 0.5388888888888889 0.13591145833333332 0.4475277777777778 0.040755208333333334
2 0.5422847222222222 0.18175 0.42963194444444436 0.03891145833333335
2 0.5299375000000001 0.22272916666666667 0.3925902777777779 0.043088541666666674
2 0.5375 0.31045312500000005 0.42931944444444464 0.03334374999999999
0 0.5211388888888889 0.38833333333333336 0.4027777777777778 0.03401041666666664
0 0.5263888888888889 0.42398437499999997 0.3885833333333333 0.03124479166666667
0 0.522611111111111 0.49656249999999996 0.3763888888888889 0.025937499999999978
0 0.5097986111111111 0.5668802083333334 0.37854861111111104 0.021421875000000055
3 0.5123472222222222 0.53215625 0.3327152777777779 0.024208333333333342
3 0.5091805555555555 0.602046875 0.3032430555555556 0.029723958333333418
3 0.5252291666666667 0.6359010416666667 0.32299305555555546 0.02683854166666677
3 0.5291666666666667 0.668546875 0.2953680555555555 0.027312500000000028
3 0.5318680555555555 0.7039687499999999 0.2652777777777778 0.02407812500000001
3 0.5359583333333333 0.7280416666666666 0.23487500000000003 0.0203854166666666
3 0.5246111111111111 0.7941979166666666 0.2785486111111112 0.020515624999999933
2 0.5320972222222222 0.76409375 0.24259027777777772 0.020489583333333408
2 0.5224513888888889 0.824578125 0.2248472222222222 0.015296874999999942
2 0.5171319444444444 0.8534010416666666 0.21574305555555562 0.019703124999999964
2 0.5246944444444444 0.8857552083333334 0.20308333333333337 0.020755208333333285