1 0.5143541666666667 0.7306875 0.41126388888888893 0.03434895833333324
1 0.5218333333333334 0.6457864583333333 0.42469444444444443 0.029375000000000047
1 0.5239166666666667 0.537 0.3871944444444444 0.03213541666666657
2 0.5342569444444446 0.9069739583333333 0.48502777777777784 0.04612499999999997
2 0.5388888888888889 0.8640885416666666 0.45725000000000005 0.03815104166666667
2 0.5422847222222222 0.81825 0.43935416666666655 0.036307291666666686
2 0.5299375000000001 0.7772708333333334 0.40231250000000013 0.04048437500000001
2 0.5375 0.6895468749999999 0.43904166666666683 0.030739583333333324
0 0.5211388888888889 0.6116666666666667 0.4125 0.031406250000000094
0 0.5263888888888889 0.576015625 0.3983055555555555 0.028640625000000124
0 0.522611111111111 0.5034375 0.3861111111111111 0.02333333333333331
0 0.5097986111111111 0.43311979166666664 0.3882708333333333 0.01881770833333339
3 0.5123472222222222 0.46784375 0.34243750000000006 0.021604166666666678
3 0.5091805555555555 0.39795312499999996 0.31296527777777783 0.02711979166666675
3 0.5252291666666667 0.3640989583333333 0.3327152777777777 0.024234375000000103
3 0.5291666666666667 0.33145312500000007 0.30509027777777775 0.024708333333333363
3 0.5318680555555555 0.2960312500000001 0.275 0.02147395833333334
3 0.5359583333333333 0.27195833333333336 0.24459722222222224 0.017781249999999933
3 0.5246111111111111 0.20580208333333339 0.2882708333333334 0.017911458333333265
2 0.5320972222222222 0.23590625000000004 0.25231249999999994 0.017885416666666744
2 0.5224513888888889 0.17542187499999998 0.2345694444444444 0.012692708333333276
2 0.5171319444444444 0.14659895833333333 0.22546527777777783 0.017098958333333296
2 0.5246944444444444 0.11424479166666662 0.21280555555555558 0.01815104166666662