1 0.565625 0.27447916666666666 0.3951388888888889 0.11302083333333333
1 0.5291666666666667 0.35494791666666664 0.40694444444444444 0.1109375
1 0.4895833333333333 0.4596354166666667 0.3715277777777778 0.10625
2 0.6072916666666667 0.10026041666666667 0.4708333333333333 0.13854166666666667
2 0.5881944444444445 0.14088541666666668 0.4409722222222222 0.12552083333333333
2 0.5690972222222223 0.184375 0.42291666666666666 0.1203125
2 0.5666666666666667 0.22630208333333332 0.3888888888888889 0.1171875
2 0.5291666666666667 0.30963541666666666 0.42083333333333334 0.11510416666666666
0 0.5180555555555556 0.3880208333333333 0.3958333333333333 0.11041666666666666
0 0.5006944444444444 0.42135416666666664 0.38125 0.10520833333333333
0 0.4795138888888889 0.4921875 0.36736111111111114 0.09739583333333333
0 0.4673611111111111 0.5627604166666667 0.3680555555555556 0.09375
3 0.47708333333333336 0.5286458333333334 0.32430555555555557 0.0875
3 0.45590277777777777 0.596875 0.29791666666666666 0.08697916666666666
3 0.4288194444444444 0.6263020833333334 0.3159722222222222 0.08802083333333334
3 0.41354166666666664 0.65703125 0.28958333333333336 0.08333333333333333
3 0.39895833333333336 0.6908854166666667 0.2590277777777778 0.07395833333333333
3 0.38645833333333335 0.71328125 0.22847222222222222 0.06458333333333334
3 0.3746527777777778 0.7794270833333333 0.2708333333333333 0.0734375
2 0.37777777777777777 0.7489583333333333 0.2361111111111111 0.06614583333333333
2 0.3663194444444444 0.8091145833333333 0.21736111111111112 0.0578125
2 0.3614583333333333 0.8380208333333333 0.20972222222222223 0.06041666666666667
2 0.34305555555555556 0.8677083333333333 0.19791666666666666 0.058854166666666666