1 0.5143541666666667 0.7306875 0.4050138888888889 0.03851562499999991
1 0.5218333333333334 0.6457864583333333 0.4184444444444444 0.03354166666666671
1 0.5239166666666667 0.537 0.3809444444444444 0.03630208333333324
2 0.5342569444444446 0.9069739583333333 0.4787777777777778 0.05029166666666664
2 0.5388888888888889 0.8640885416666666 0.451 0.042317708333333336
2 0.5422847222222222 0.81825 0.43310416666666657 0.04047395833333335
2 0.5299375000000001 0.7772708333333334 0.3960625000000001 0.044651041666666676
2 0.5375 0.6895468749999999 0.43279166666666685 0.03490624999999999
0 0.5211388888888889 0.6116666666666667 0.40625 0.03557291666666676
0 0.5263888888888889 0.576015625 0.3920555555555555 0.03280729166666679
0 0.522611111111111 0.5034375 0.3798611111111111 0.027499999999999976
0 0.5097986111111111 0.43311979166666664 0.38202083333333325 0.022984375000000057
3 0.5123472222222222 0.46784375 0.3361875000000001 0.025770833333333344
3 0.5091805555555555 0.39795312499999996 0.30671527777777785 0.03128645833333342
3 0.5252291666666667 0.3640989583333333 0.32646527777777773 0.028401041666666772
3 0.5291666666666667 0.33145312500000007 0.2988402777777777 0.02887500000000003
3 0.5318680555555555 0.2960312500000001 0.26875 0.02564062500000001
3 0.5359583333333333 0.27195833333333336 0.23834722222222224 0.021947916666666602
3 0.5246111111111111 0.20580208333333339 0.28202083333333344 0.022078124999999935
2 0.5320972222222222 0.23590625000000004 0.24606249999999996 0.02205208333333341
2 0.5224513888888889 0.17542187499999998 0.22831944444444444 0.016859374999999944
2 0.5171319444444444 0.14659895833333333 0.21921527777777783 0.02126562499999996
2 0.5246944444444444 0.11424479166666662 0.2065555555555556 0.022317708333333287