1 0.5143541666666667 0.2693125 0.4126527777777778 0.03799479166666669
1 0.5218333333333334 0.3542135416666667 0.4260833333333333 0.03302083333333338
1 0.5239166666666667 0.463 0.3885833333333333 0.03578125000000002
2 0.5342569444444446 0.09302604166666667 0.4864166666666667 0.049770833333333334
2 0.5388888888888889 0.13591145833333332 0.45863888888888893 0.041796875
2 0.5422847222222222 0.18175 0.44074305555555543 0.03995312500000002
2 0.5299375000000001 0.22272916666666667 0.403701388888889 0.044130208333333344
2 0.5375 0.31045312500000005 0.4404305555555557 0.034385416666666654
0 0.5211388888888889 0.38833333333333336 0.41388888888888886 0.03505208333333331
0 0.5263888888888889 0.42398437499999997 0.3996944444444444 0.03228645833333334
0 0.522611111111111 0.49656249999999996 0.3875 0.026979166666666644
0 0.5097986111111111 0.5668802083333334 0.38965972222222217 0.022463541666666722
3 0.5123472222222222 0.53215625 0.343826388888889 0.02525000000000001
3 0.5091805555555555 0.602046875 0.3143541666666667 0.030765625000000085
3 0.5252291666666667 0.6359010416666667 0.3341041666666666 0.027880208333333437
3 0.5291666666666667 0.668546875 0.30647916666666664 0.028354166666666694
3 0.5318680555555555 0.7039687499999999 0.2763888888888889 0.025119791666666676
3 0.5359583333333333 0.7280416666666666 0.24598611111111113 0.021427083333333267
3 0.5246111111111111 0.7941979166666666 0.2896597222222223 0.0215572916666666
2 0.5320972222222222 0.76409375 0.2537013888888888 0.021531250000000075
2 0.5224513888888889 0.824578125 0.23595833333333333 0.01633854166666661
2 0.5171319444444444 0.8534010416666666 0.22685416666666672 0.02074479166666663
2 0.5246944444444444 0.8857552083333334 0.2141944444444445 0.02179687499999995