1 0.5357638888888889 0.27057291666666666 0.39861111111111114 0.058333333333333334
1 0.5354166666666667 0.35572916666666665 0.4111111111111111 0.05364583333333333
1 0.5274305555555555 0.46432291666666664 0.37430555555555556 0.0546875
2 0.571875 0.09583333333333334 0.47291666666666665 0.07395833333333333
2 0.5725694444444445 0.13880208333333333 0.4444444444444444 0.0640625
2 0.571875 0.18463541666666666 0.4263888888888889 0.06145833333333333
2 0.5555555555555556 0.225 0.3902777777777778 0.06354166666666666
2 0.5552083333333333 0.31276041666666665 0.42569444444444443 0.05572916666666667
0 0.5315972222222223 0.38958333333333334 0.3993055555555556 0.05520833333333333
0 0.5333333333333333 0.42552083333333335 0.38472222222222224 0.0515625
0 0.5229166666666667 0.49765625 0.37222222222222223 0.04583333333333333
0 0.5034722222222222 0.5671875 0.37430555555555556 0.04114583333333333
3 0.509375 0.5328125 0.3284722222222222 0.041666666666666664
3 0.4996527777777778 0.60234375 0.3 0.04583333333333333
3 0.5125 0.6369791666666667 0.3194444444444444 0.04375
3 0.5135416666666667 0.6697916666666667 0.2916666666666667 0.042708333333333334
3 0.5128472222222222 0.7052083333333333 0.2611111111111111 0.03802083333333333
3 0.5145833333333333 0.7294270833333333 0.23055555555555557 0.0328125
3 0.49722222222222223 0.7947916666666667 0.2743055555555556 0.035416666666666666
2 0.5072916666666667 0.7651041666666667 0.23819444444444443 0.03333333333333333
2 0.49236111111111114 0.825 0.22013888888888888 0.027083333333333334
2 0.484375 0.8533854166666667 0.21180555555555555 0.03125
2 0.4888888888888889 0.8861979166666667 0.19930555555555557 0.03177083333333333