1 0.5177083333333333 0.26953125 0.3993055555555556 0.06822916666666666
1 0.4986111111111111 0.3533854166666667 0.41180555555555554 0.06458333333333334
1 0.48125 0.46119791666666665 0.375 0.0640625
2 0.5225694444444444 0.09244791666666667 0.47430555555555554 0.0859375
2 0.5121527777777778 0.13489583333333333 0.44513888888888886 0.07552083333333333
2 0.5024305555555556 0.18020833333333333 0.4270833333333333 0.07239583333333334
2 0.5090277777777777 0.221875 0.3909722222222222 0.07395833333333333
2 0.4892361111111111 0.30859375 0.4263888888888889 0.06666666666666667
0 0.49444444444444446 0.38723958333333336 0.4 0.065625
0 0.484375 0.42239583333333336 0.3854166666666667 0.06145833333333333
0 0.478125 0.4947916666666667 0.37222222222222223 0.05520833333333333
0 0.4809027777777778 0.565625 0.37430555555555556 0.051041666666666666
3 0.48333333333333334 0.5309895833333333 0.3284722222222222 0.05
3 0.47673611111111114 0.60078125 0.3 0.05364583333333333
3 0.45590277777777777 0.6330729166666667 0.3194444444444444 0.052083333333333336
3 0.44756944444444446 0.6653645833333334 0.2923611111111111 0.050520833333333334
3 0.43993055555555555 0.7002604166666667 0.26180555555555557 0.04479166666666667
3 0.4322916666666667 0.7239583333333334 0.23125 0.03854166666666667
3 0.434375 0.790625 0.2743055555555556 0.0421875
2 0.43125 0.76015625 0.2388888888888889 0.03958333333333333
2 0.4322916666666667 0.82109375 0.22013888888888888 0.0328125
2 0.43368055555555557 0.85 0.21180555555555555 0.036458333333333336
2 0.4215277777777778 0.8817708333333333 0.19930555555555557 0.036458333333333336