1 0.5287083333333332 0.04828125000000005 0.7919722222222222 0.09368489583333339
1 0.5436666666666667 0.2605338541666667 0.8188333333333333 0.08125000000000013
1 0.5478333333333334 0.5325 0.7438333333333332 0.08815104166666671
2 0.575 0.15113281250000005 0.8475277777777781 0.08466145833333329
0 0.5422777777777779 0.3458333333333333 0.7944444444444445 0.08632812499999998
0 0.5527777777777777 0.4349609374999999 0.7660555555555554 0.07941406250000005
0 0.545222222222222 0.6164062499999999 0.7416666666666667 0.06614583333333335
0 0.5195972222222222 0.7922005208333334 0.745986111111111 0.0548567708333334
3 0.5246944444444444 0.7053906249999999 0.6543194444444446 0.061822916666666616
3 0.5183611111111112 0.8801171875 0.5953750000000002 0.07561197916666695
3 0.5504583333333334 0.9647526041666667 0.6348749999999997 0.06839843750000019