1 0.44479166666666664 0.27291666666666664 0.3972222222222222 0.103125
1 0.4774305555555556 0.3541666666666667 0.4083333333333333 0.10052083333333334
1 0.5121527777777778 0.45989583333333334 0.3729166666666667 0.096875
2 0.4114583333333333 0.09765625 0.4722222222222222 0.12708333333333333
2 0.4288194444444444 0.13880208333333333 0.44305555555555554 0.11458333333333333
2 0.44583333333333336 0.1828125 0.425 0.10989583333333333
2 0.4461805555555556 0.22473958333333333 0.3902777777777778 0.1078125
2 0.4795138888888889 0.30911458333333336 0.42291666666666666 0.1046875
0 0.48715277777777777 0.3875 0.3972222222222222 0.10052083333333334
0 0.5027777777777778 0.42135416666666664 0.38263888888888886 0.09583333333333334
0 0.5208333333333334 0.49270833333333336 0.36944444444444446 0.08854166666666667
0 0.5295138888888888 0.5635416666666667 0.3701388888888889 0.084375
3 0.5215277777777778 0.5291666666666667 0.3263888888888889 0.07916666666666666
3 0.5395833333333333 0.5979166666666667 0.29930555555555555 0.0796875
3 0.5652777777777778 0.628125 0.3173611111111111 0.08020833333333334
3 0.5788194444444444 0.659375 0.29097222222222224 0.07604166666666666
3 0.5923611111111111 0.6934895833333333 0.2604166666666667 0.06770833333333333
3 0.6034722222222222 0.7161458333333334 0.2298611111111111 0.058854166666666666
3 0.6121527777777778 0.7825520833333334 0.2722222222222222 0.06666666666666667
2 0.6104166666666667 0.7518229166666667 0.2375 0.06041666666666667
2 0.6190972222222222 0.8125 0.21875 0.05260416666666667
2 0.6225694444444444 0.84140625 0.2111111111111111 0.05520833333333333
2 0.6399305555555556 0.8716145833333333 0.1986111111111111 0.05416666666666667