3 0.49722222222222223 0.43125 0.6590277777777778 0.06354166666666666
3 0.48020833333333335 0.478125 0.6347222222222222 0.07447916666666667
3 0.49166666666666664 0.540625 0.5722222222222222 0.0921875
0 0.4965277777777778 0.28020833333333334 0.7618055555555555 0.11614583333333334
1 0.496875 0.36171875 0.7479166666666667 0.1
2 0.5149305555555556 0.6158854166666666 0.6777777777777778 0.10364583333333334
2 0.5118055555555555 0.6830729166666667 0.5826388888888889 0.07239583333333334
2 0.5392361111111111 0.7421875 0.6034722222222222 0.0828125
2 0.515625 0.8065104166666667 0.5541666666666667 0.08229166666666667
2 0.5347222222222222 0.86796875 0.5270833333333333 0.08229166666666667
2 0.5510416666666667 0.9328125 0.5104166666666666 0.084375