3 0.5020833333333333 0.43121875000000004 0.6638888888888889 0.036906249999999946
3 0.4818611111111112 0.4774479166666667 0.6390625 0.04864583333333338
3 0.4888888888888889 0.5402812499999999 0.575 0.06884895833333336
0 0.5119791666666667 0.2803645833333333 0.7635416666666667 0.08546354166666663
1 0.5065138888888889 0.3616770833333333 0.7508680555555556 0.06971354166666661
2 0.5069444444444444 0.6162291666666667 0.6805555555555556 0.07620312499999997
2 0.4990486111111112 0.6831614583333334 0.5866319444444444 0.04861458333333341
2 0.5222222222222223 0.743390625 0.6069444444444444 0.05839583333333328
2 0.49409722222222224 0.8066822916666666 0.5576388888888889 0.05997395833333338
2 0.5091180555555557 0.8688645833333334 0.5303819444444444 0.060645833333333364
2 0.5208333333333334 0.9341041666666666 0.5138888888888888 0.06352604166666656