3 0.5020833333333333 0.56878125 0.6680555555555555 0.0363854166666665
3 0.4818611111111112 0.5225520833333334 0.6432291666666666 0.04812500000000005
3 0.4888888888888889 0.45971875000000006 0.5791666666666667 0.06832812500000003
0 0.5119791666666667 0.7196354166666666 0.7677083333333333 0.08494270833333341
1 0.5065138888888889 0.6383229166666666 0.7550347222222222 0.06919270833333328
2 0.5069444444444444 0.3837708333333333 0.6847222222222222 0.07568229166666664
2 0.4990486111111112 0.31683854166666664 0.5907986111111111 0.048093750000000074
2 0.5222222222222223 0.25660937500000003 0.6111111111111112 0.05787499999999994
2 0.49409722222222224 0.19331770833333337 0.5618055555555556 0.059453125000000044
2 0.5091180555555557 0.13113541666666664 0.5345486111111111 0.060125000000000026
2 0.5208333333333334 0.06589583333333332 0.5180555555555556 0.06300520833333323