3 0.5020833333333333 0.43121875000000004 0.6666666666666666 0.03586458333333328
3 0.4818611111111112 0.4774479166666667 0.6418402777777777 0.04760416666666671
3 0.4888888888888889 0.5402812499999999 0.5777777777777777 0.0678072916666667
0 0.5119791666666667 0.2803645833333333 0.7663194444444444 0.08442187499999995
1 0.5065138888888889 0.3616770833333333 0.7536458333333333 0.06867187499999995
2 0.5069444444444444 0.6162291666666667 0.6833333333333333 0.0751614583333333
2 0.4990486111111112 0.6831614583333334 0.5894097222222222 0.04757291666666674
2 0.5222222222222223 0.743390625 0.6097222222222223 0.05735416666666661
2 0.49409722222222224 0.8066822916666666 0.5604166666666667 0.05893229166666671
2 0.5091180555555557 0.8688645833333334 0.5331597222222222 0.059604166666666694
2 0.5208333333333334 0.9341041666666666 0.5166666666666667 0.0624843749999999