3 0.5020833333333333 0.43121875000000004 0.6590277777777778 0.037947916666666616
3 0.4818611111111112 0.4774479166666667 0.6342013888888889 0.049687500000000044
3 0.4888888888888889 0.5402812499999999 0.5701388888888889 0.06989062500000003
0 0.5119791666666667 0.2803645833333333 0.7586805555555556 0.08650520833333329
1 0.5065138888888889 0.3616770833333333 0.7460069444444445 0.07075520833333329
2 0.5069444444444444 0.6162291666666667 0.6756944444444445 0.07724479166666663
2 0.4990486111111112 0.6831614583333334 0.5817708333333333 0.049656250000000075
2 0.5222222222222223 0.743390625 0.6020833333333333 0.05943749999999994
2 0.49409722222222224 0.8066822916666666 0.5527777777777778 0.061015625000000046
2 0.5091180555555557 0.8688645833333334 0.5255208333333333 0.06168750000000003
2 0.5208333333333334 0.9341041666666666 0.5090277777777777 0.06456770833333322