3 0.5010416666666667 0.43125 0.6583333333333333 0.05520833333333333
3 0.5190972222222222 0.4778645833333333 0.6340277777777777 0.06614583333333333
3 0.509375 0.540625 0.5708333333333333 0.08489583333333334
0 0.4982638888888889 0.28020833333333334 0.7604166666666666 0.10625
1 0.5 0.36171875 0.7465277777777778 0.09010416666666667
2 0.4875 0.6158854166666666 0.6770833333333334 0.09479166666666666
2 0.49236111111111114 0.6830729166666667 0.5819444444444445 0.06458333333333334
2 0.46631944444444445 0.7427083333333333 0.6020833333333333 0.075
2 0.49166666666666664 0.8067708333333333 0.5534722222222223 0.07552083333333333
2 0.4736111111111111 0.8684895833333334 0.5256944444444445 0.07552083333333333
2 0.45902777777777776 0.9333333333333333 0.5097222222222222 0.07760416666666667