3 0.48506944444444444 0.43203125 0.6576388888888889 0.10625
3 0.5138888888888888 0.47578125 0.6354166666666666 0.11510416666666666
3 0.5184027777777778 0.5388020833333333 0.5756944444444444 0.12864583333333332
0 0.44722222222222224 0.2838541666666667 0.7652777777777777 0.16458333333333333
1 0.46770833333333334 0.36380208333333336 0.75 0.14791666666666667
2 0.5145833333333333 0.6158854166666666 0.68125 0.146875
2 0.5350694444444445 0.68125 0.5833333333333334 0.10989583333333333
2 0.5232638888888889 0.7432291666666667 0.6048611111111111 0.12135416666666667
2 0.5628472222222223 0.803125 0.5569444444444445 0.11770833333333333
2 0.559375 0.8661458333333333 0.5298611111111111 0.115625
2 0.5600694444444444 0.93203125 0.5138888888888888 0.11666666666666667