3 0.5020833333333333 0.43121875000000004 0.6652777777777777 0.03846874999999995
3 0.4818611111111112 0.4774479166666667 0.6404513888888889 0.05020833333333338
3 0.4888888888888889 0.5402812499999999 0.5763888888888888 0.07041145833333336
0 0.5119791666666667 0.2803645833333333 0.7649305555555556 0.08702604166666662
1 0.5065138888888889 0.3616770833333333 0.7522569444444445 0.07127604166666662
2 0.5069444444444444 0.6162291666666667 0.6819444444444445 0.07776562499999998
2 0.4990486111111112 0.6831614583333334 0.5880208333333333 0.05017708333333341
2 0.5222222222222223 0.743390625 0.6083333333333333 0.05995833333333327
2 0.49409722222222224 0.8066822916666666 0.5590277777777778 0.061536458333333384
2 0.5091180555555557 0.8688645833333334 0.5317708333333333 0.06220833333333336
2 0.5208333333333334 0.9341041666666666 0.5152777777777777 0.06508854166666657