2 0.5587222222222222 0.7271822916666667 0.3368055555555556 0.03845833333333341
2 0.5626527777777778 0.6927447916666668 0.31535416666666677 0.025156250000000095
2 0.5623472222222222 0.6651979166666666 0.314736111111111 0.02007291666666665
2 0.5632708333333334 0.6366041666666666 0.3165902777777779 0.01938541666666656
2 0.5586388888888889 0.6082447916666667 0.3073333333333333 0.018234375000000115
2 0.5622708333333334 0.5805781250000001 0.30995138888888885 0.020322916666666656
2 0.5586388888888889 0.553203125 0.2888124999999999 0.022994791666666715
2 0.5623472222222222 0.5279114583333334 0.29622222222222216 0.01686458333333339
2 0.5612638888888889 0.50134375 0.278625 0.020229166666666624
2 0.5583333333333333 0.47653125 0.2881944444444444 0.017776041666666725
2 0.5577152777777777 0.452625 0.28695833333333337 0.02276041666666657
2 0.5582569444444444 0.4239166666666667 0.27106249999999993 0.015359374999999887
2 0.5416666666666666 0.4009427083333333 0.24251388888888892 0.0231197916666666
1 0.28063194444444445 0.5684375 0.2250763888888888 0.023770833333333505
1 0.27970833333333334 0.5458072916666666 0.2108819444444445 0.023890624999999943
1 0.2847222222222222 0.5215 0.21319444444444444 0.02158333333333336
1 0.2849513888888889 0.49777083333333333 0.20285416666666667 0.020432291666666675
1 0.2858819444444445 0.47375 0.19236111111111112 0.018703125000000043
1 0.2871944444444444 0.45679166666666665 0.19961111111111107 0.019052083333333296
3 0.8061736111111112 0.36796875 0.22214583333333324 0.06822916666666666
3 0.8836805555555556 0.29635416666666664 0.2326388888888889 0.03854166666666667
3 0.9170138888888889 0.25833333333333336 0.16597222222222222 0.029166666666666667