2 0.38229166666666664 0.056640625 0.6645833333333333 0.095703125
2 0.375 0.1435546875 0.6208333333333333 0.0625
2 0.375 0.2119140625 0.61875 0.05078125
2 0.37395833333333334 0.283203125 0.6229166666666667 0.048828125
2 0.38229166666666664 0.3544921875 0.6041666666666666 0.044921875
2 0.375 0.423828125 0.6104166666666667 0.05078125
2 0.38229166666666664 0.4921875 0.56875 0.056640625
2 0.375 0.5556640625 0.5833333333333334 0.04296875
2 0.3770833333333333 0.6220703125 0.5479166666666667 0.05078125
2 0.38333333333333336 0.68359375 0.5666666666666667 0.044921875
2 0.384375 0.7431640625 0.5645833333333333 0.056640625
2 0.38333333333333336 0.8154296875 0.5333333333333333 0.0390625
2 0.4166666666666667 0.873046875 0.475 0.05859375
1 0.859375 0.453125 0.28125 0.060546875
1 0.8677083333333333 0.509765625 0.26458333333333334 0.05859375
1 0.8614583333333333 0.5712890625 0.27708333333333335 0.052734375
1 0.8666666666666667 0.6298828125 0.26666666666666666 0.05078125
1 0.8708333333333333 0.6904296875 0.25833333333333336 0.046875
1 0.865625 0.732421875 0.26875 0.048828125