2 0.5587222222222222 0.2728177083333333 0.33958333333333335 0.03949999999999996
2 0.5626527777777778 0.3072552083333333 0.31813194444444454 0.026197916666666644
2 0.5623472222222222 0.33480208333333333 0.31751388888888876 0.021114583333333315
2 0.5632708333333334 0.36339583333333336 0.31936805555555564 0.02042708333333335
2 0.5586388888888889 0.3917552083333333 0.31011111111111106 0.019276041666666664
2 0.5622708333333334 0.419421875 0.3127291666666666 0.021364583333333322
2 0.5586388888888889 0.44679687500000004 0.2915902777777777 0.024036458333333382
2 0.5623472222222222 0.47208854166666664 0.299 0.017906250000000058
2 0.5612638888888889 0.49865624999999997 0.2814027777777778 0.02127083333333329
2 0.5583333333333333 0.5234687499999999 0.29097222222222224 0.01881770833333339
2 0.5577152777777777 0.5473750000000001 0.28973611111111114 0.023802083333333238
2 0.5582569444444444 0.5760833333333333 0.27384027777777775 0.016401041666666553
2 0.5416666666666666 0.5990572916666667 0.24529166666666669 0.024161458333333267
1 0.28063194444444445 0.4315625 0.2278541666666666 0.024812500000000053
1 0.27970833333333334 0.4541927083333333 0.21365972222222226 0.02493229166666661
1 0.2847222222222222 0.47850000000000004 0.21597222222222223 0.022625000000000027
1 0.2849513888888889 0.5022291666666666 0.20563194444444446 0.02147395833333334
1 0.2858819444444445 0.52625 0.1951388888888889 0.01974479166666671
1 0.2871944444444444 0.5432083333333334 0.20238888888888884 0.020093749999999962
3 0.8061736111111112 0.63203125 0.22492361111111103 0.06927083333333334
3 0.8829861111111111 0.703125 0.23402777777777778 0.03958333333333333
3 0.9163194444444445 0.7411458333333333 0.1673611111111111 0.030208333333333334