2 0.9604166666666667 0.6103515625 0.07916666666666666 0.623046875
2 0.8802083333333334 0.6171875 0.06666666666666667 0.58203125
2 0.8072916666666666 0.6171875 0.05416666666666667 0.580078125
2 0.73125 0.6181640625 0.052083333333333336 0.583984375
2 0.6552083333333333 0.6103515625 0.04791666666666667 0.56640625
2 0.58125 0.6171875 0.05416666666666667 0.572265625
2 0.5083333333333333 0.6103515625 0.06041666666666667 0.533203125
2 0.440625 0.6171875 0.04583333333333333 0.546875
2 0.3697916666666667 0.615234375 0.05416666666666667 0.513671875
2 0.30416666666666664 0.609375 0.04791666666666667 0.53125
2 0.240625 0.6083984375 0.06041666666666667 0.529296875
2 0.16354166666666667 0.609375 0.041666666666666664 0.5
2 0.10208333333333333 0.578125 0.0625 0.4453125
1 0.55 0.1630859375 0.06458333333333334 0.263671875
1 0.4895833333333333 0.1552734375 0.0625 0.248046875
1 0.4239583333333333 0.1611328125 0.05625 0.259765625
1 0.3614583333333333 0.15625 0.05416666666666667 0.25
1 0.296875 0.15234375 0.05 0.2421875
1 0.2520833333333333 0.1572265625 0.052083333333333336 0.251953125