2 0.4732638888888889 0.26953125 0.33541666666666664 0.0640625
2 0.46458333333333335 0.3033854166666667 0.3125 0.049479166666666664
2 0.46111111111111114 0.3307291666666667 0.3111111111111111 0.044270833333333336
2 0.45625 0.35911458333333335 0.3125 0.04375
2 0.4565972222222222 0.38776041666666666 0.3034722222222222 0.041666666666666664
2 0.44930555555555557 0.41510416666666666 0.30625 0.044270833333333336
2 0.44895833333333335 0.44244791666666666 0.28541666666666665 0.0453125
2 0.4420138888888889 0.4674479166666667 0.2923611111111111 0.03958333333333333
2 0.4392361111111111 0.49375 0.275 0.041666666666666664
2 0.4388888888888889 0.51875 0.28402777777777777 0.04010416666666667
2 0.4361111111111111 0.5427083333333333 0.28402777777777777 0.04479166666666667
2 0.43159722222222224 0.57109375 0.26666666666666666 0.0359375
2 0.44479166666666664 0.5953125 0.23958333333333334 0.041666666666666664
1 0.7277777777777777 0.44921875 0.2222222222222222 0.04114583333333333
1 0.7253472222222223 0.47161458333333334 0.20833333333333334 0.04010416666666667
1 0.7170138888888888 0.49557291666666664 0.21041666666666667 0.03802083333333333
1 0.7135416666666666 0.5190104166666667 0.2 0.0359375
1 0.709375 0.54296875 0.18888888888888888 0.03333333333333333
1 0.7055555555555556 0.5596354166666667 0.19652777777777777 0.034375
3 0.17708333333333334 0.6072916666666667 0.22569444444444445 0.08489583333333334
3 0.10277777777777777 0.671875 0.20555555555555555 0.05625
3 0.06631944444444444 0.7072916666666667 0.1326388888888889 0.041666666666666664