2 0.5587222222222222 0.7271822916666667 0.34097222222222223 0.03950000000000008
2 0.5626527777777778 0.6927447916666668 0.3195208333333334 0.02619791666666676
2 0.5623472222222222 0.6651979166666666 0.31890277777777765 0.021114583333333315
2 0.5632708333333334 0.6366041666666666 0.3207569444444445 0.020427083333333228
2 0.5586388888888889 0.6082447916666667 0.31149999999999994 0.01927604166666678
2 0.5622708333333334 0.5805781250000001 0.3141180555555555 0.021364583333333322
2 0.5586388888888889 0.553203125 0.29297916666666657 0.024036458333333382
2 0.5623472222222222 0.5279114583333334 0.30038888888888887 0.017906250000000058
2 0.5612638888888889 0.50134375 0.28279166666666666 0.02127083333333329
2 0.5583333333333333 0.47653125 0.2923611111111111 0.01881770833333339
2 0.5577152777777777 0.452625 0.291125 0.023802083333333238
2 0.5582569444444444 0.4239166666666667 0.27522916666666664 0.016401041666666553
2 0.5416666666666666 0.4009427083333333 0.24668055555555557 0.024161458333333267
1 0.28063194444444445 0.5684375 0.2292430555555555 0.02481250000000017
1 0.27970833333333334 0.5458072916666666 0.21504861111111115 0.02493229166666661
1 0.2847222222222222 0.5215 0.21736111111111112 0.022625000000000027
1 0.2849513888888889 0.49777083333333333 0.20702083333333335 0.02147395833333334
1 0.2858819444444445 0.47375 0.19652777777777777 0.01974479166666671
1 0.2871944444444444 0.45679166666666665 0.20377777777777772 0.020093749999999962
3 0.8061736111111112 0.36796875 0.22631249999999992 0.06927083333333334
3 0.8826388888888889 0.29635416666666664 0.23472222222222222 0.03958333333333333
3 0.9159722222222222 0.25833333333333336 0.16805555555555557 0.030208333333333334