2 0.6174444444444444 0.05704427083333326 0.6638888888888889 0.09614583333333329
2 0.6253055555555556 0.14313802083333327 0.6209861111111112 0.06289062499999992
2 0.6246944444444443 0.2120052083333334 0.6197499999999998 0.0501822916666666
2 0.6265416666666667 0.28348958333333335 0.6234583333333333 0.048463541666666665
2 0.6172777777777778 0.35438802083333326 0.6049444444444444 0.04558593749999995
2 0.6245416666666668 0.4235546874999999 0.6101805555555555 0.05080729166666664
2 0.6172777777777778 0.49199218749999996 0.5679027777777776 0.05748697916666673
2 0.6246944444444443 0.5552213541666666 0.582722222222222 0.0421614583333334
2 0.6225277777777778 0.621640625 0.547527777777778 0.050572916666666634
2 0.6166666666666667 0.6836718749999999 0.5666666666666667 0.04444010416666688
2 0.6154305555555555 0.7434375 0.5641944444444443 0.05690104166666643
2 0.6165138888888888 0.8152083333333332 0.5324027777777777 0.038398437499999716
2 0.5833333333333334 0.8726432291666667 0.47530555555555554 0.0577994791666665
1 0.14027777777777778 0.453125 0.28055555555555556 0.05989583333333337
1 0.1326388888888889 0.509765625 0.2652777777777778 0.05859375
1 0.13888888888888887 0.5709635416666666 0.27777777777777773 0.05338541666666674
1 0.13333333333333333 0.6295572916666666 0.26666666666666666 0.05078125
1 0.12916666666666668 0.6901041666666666 0.25833333333333336 0.046875
1 0.13402777777777777 0.732421875 0.26805555555555555 0.04817708333333326