1 0.8590277777777777 0.442578125 0.26666666666666666 0.04609375
1 0.8638888888888889 0.467578125 0.26666666666666666 0.0421875
1 0.8784722222222222 0.490234375 0.24305555555555555 0.04609375
1 0.8930555555555556 0.514453125 0.21388888888888888 0.03828125
1 0.9069444444444444 0.53671875 0.18611111111111112 0.0375
1 0.9145833333333333 0.56015625 0.17083333333333334 0.034375
1 0.9180555555555555 0.58203125 0.1638888888888889 0.0359375
1 0.9270833333333334 0.601171875 0.14583333333333334 0.03203125
1 0.9333333333333333 0.62109375 0.13333333333333333 0.034375
1 0.9388888888888889 0.641015625 0.12222222222222222 0.03203125
1 0.9479166666666666 0.6609375 0.10416666666666667 0.0234375
0 0.9638888888888889 0.68203125 0.07222222222222222 0.0328125
0 0.98125 0.704296875 0.0375 0.01953125
0 0.9798611111111111 0.725 0.04027777777777778 0.021875
0 0.9854166666666667 0.74609375 0.029166666666666667 0.0203125
0 0.9708333333333333 0.76796875 0.058333333333333334 0.0234375
0 0.9604166666666667 0.78984375 0.07916666666666666 0.0265625
0 0.9673611111111111 0.812109375 0.06527777777777778 0.02890625
0 0.9701388888888889 0.8296875 0.059722222222222225 0.025
0 0.9729166666666667 0.84765625 0.05416666666666667 0.025
0 0.9777777777777777 0.86640625 0.044444444444444446 0.025
0 0.9722222222222222 0.88359375 0.05555555555555555 0.028125
0 0.9305555555555556 0.90390625 0.11944444444444445 0.0359375