3 0.6839000693962526 0.5018229166666667 0.5780707841776545 0.1859375
3 0.6564885496183206 0.5734375 0.5010409437890354 0.1234375
0 0.6738376127689105 0.6390625 0.5128383067314365 0.1140625
0 0.6637751561415683 0.68203125 0.49479528105482307 0.12760416666666666
0 0.6533657182512145 0.7309895833333333 0.45107564191533656 0.115625
0 0.6308119361554476 0.771875 0.35045107564191535 0.0875
2 0.6155447605829285 0.8184895833333333 0.4476058292852186 0.10208333333333333
2 0.6183206106870229 0.8658854166666666 0.42748091603053434 0.1109375
2 0.6110340041637752 0.9109375 0.37820957668285915 0.09479166666666666
2 0.609646079111728 0.9541666666666667 0.3754337265787647 0.09166666666666666
2 0.5995836224843858 0.9747395833333333 0.3511450381679389 0.050520833333333334
2 0.5860513532269257 0.9859375 0.3532269257460097 0.028125