3 0.45868055555555554 0.7770833333333333 0.3597222222222222 0.04375
3 0.4534722222222222 0.80546875 0.29305555555555557 0.036458333333333336
2 0.5090277777777777 0.14322916666666666 0.4951388888888889 0.08333333333333333
2 0.5045138888888889 0.18567708333333333 0.4701388888888889 0.053125
2 0.4954861111111111 0.278125 0.4513888888888889 0.05
2 0.4864583333333333 0.3106770833333333 0.43333333333333335 0.051041666666666666
2 0.4791666666666667 0.35104166666666664 0.42430555555555555 0.0453125
2 0.47256944444444443 0.3880208333333333 0.42916666666666664 0.0453125
2 0.47847222222222224 0.47708333333333336 0.38472222222222224 0.043229166666666666
2 0.48541666666666666 0.503125 0.3854166666666667 0.043229166666666666
2 0.46493055555555557 0.540625 0.35625 0.04635416666666667
2 0.46805555555555556 0.571875 0.3458333333333333 0.042708333333333334
2 0.46319444444444446 0.6078125 0.325 0.0421875
2 0.45208333333333334 0.64453125 0.3111111111111111 0.03854166666666667
2 0.46111111111111114 0.67578125 0.31319444444444444 0.04010416666666667
2 0.44305555555555554 0.7427083333333333 0.2923611111111111 0.0390625
2 0.43645833333333334 0.8393229166666667 0.2513888888888889 0.0375
2 0.45208333333333334 0.8716145833333333 0.2777777777777778 0.04739583333333333
2 0.43993055555555555 0.9049479166666666 0.2534722222222222 0.044270833333333336
1 0.5024305555555556 0.23619791666666667 0.45416666666666666 0.0609375
1 0.4732638888888889 0.43776041666666665 0.37083333333333335 0.042708333333333334
1 0.4583333333333333 0.7125 0.275 0.034375