2 0.36136111111111113 0.19490104166666666 0.2883819444444444 0.025979166666666664
2 0.3631319444444444 0.22260416666666666 0.2565625 0.019833333333333356
2 0.3621180555555556 0.241640625 0.24949305555555554 0.014343749999999982
2 0.3612986111111111 0.26603125 0.24406250000000004 0.014822916666666686
2 0.35858333333333337 0.29084374999999996 0.23737499999999995 0.022786458333333332
2 0.36054166666666665 0.31499479166666666 0.2375 0.01994791666666664
2 0.3639513888888889 0.335546875 0.2417916666666667 0.02128124999999995
2 0.3657222222222222 0.35766145833333335 0.2554305555555555 0.021005208333333296
2 0.36881250000000004 0.37782812499999996 0.2704513888888889 0.021562500000000047
2 0.3604791666666667 0.4220833333333333 0.24368750000000006 0.02390625000000005
2 0.36685416666666665 0.44140625 0.24507638888888894 0.017093749999999967
2 0.36666666666666664 0.46053645833333334 0.23838194444444444 0.01747395833333331
2 0.3598472222222222 0.503 0.23484722222222226 0.014338541666666652
2 0.36401388888888886 0.5229374999999999 0.23560416666666664 0.015385416666666648
2 0.3590277777777778 0.5407447916666667 0.2243680555555555 0.01690625000000002
2 0.3597222222222222 0.561578125 0.2270208333333334 0.01691145833333323
2 0.34899305555555554 0.5822760416666667 0.19797916666666668 0.023260416666666592
2 0.34842361111111114 0.6491666666666667 0.19305555555555556 0.01594791666666661
2 0.33560416666666665 0.7103958333333333 0.19141666666666662 0.02003645833333323
2 0.3577013888888889 0.7339322916666667 0.21288194444444442 0.009338541666666582
2 0.3528402777777777 0.756234375 0.17916666666666664 0.017015625000000038
2 0.34520138888888885 0.7772135416666667 0.17525000000000002 0.014468750000000105
2 0.3429930555555556 0.79634375 0.1594722222222222 0.014848958333333447
2 0.35265277777777776 0.8359166666666666 0.16237500000000005 0.014442708333333342
2 0.34842361111111114 0.8589791666666666 0.14760416666666665 0.012270833333333305
1 0.34961805555555553 0.4003125 0.2270208333333333 0.018244791666666652
1 0.3434375 0.6727135416666666 0.18686805555555558 0.016640624999999905
3 0.3456458333333333 0.8836979166666666 0.16022916666666667 0.02049479166666662
3 0.3467152777777778 0.8172604166666667 0.15302777777777782 0.01690104166666657
3 0.35681944444444447 0.63 0.18838194444444442 0.01644270833333342
3 0.3537222222222222 0.605375 0.21376388888888884 0.020223958333333295
3 0.35555555555555557 0.4856770833333333 0.22121527777777775 0.019458333333333282
0 0.3566319444444444 0.6899479166666667 0.17663888888888893 0.013223958333333266