3 0.22075694444444444 0.3253697916666667 0.34737500000000004 0.027822916666666704
3 0.21713194444444442 0.5044791666666667 0.30154166666666665 0.035348958333333395
3 0.23171527777777778 0.534921875 0.2797847222222222 0.024473958333333278
3 0.20463194444444446 0.774921875 0.22407638888888887 0.019515624999999894
3 0.2196736111111111 0.8569322916666666 0.23719444444444449 0.02219791666666661
2 0.22044444444444444 0.02549479166666667 0.3405833333333333 0.03686458333333333
2 0.21697222222222218 0.06728125 0.32901388888888883 0.044052083333333325
2 0.23009027777777777 0.10241145833333333 0.3212986111111111 0.04140104166666667
2 0.22754861111111108 0.13916666666666666 0.33626388888888886 0.03735937500000001
2 0.2235347222222222 0.2189583333333333 0.30972222222222223 0.040692708333333334
2 0.227625 0.2580260416666667 0.2916666666666667 0.03665104166666667
2 0.24313194444444444 0.2906666666666667 0.302625 0.03711979166666666
2 0.2358055555555556 0.3624114583333334 0.29876388888888894 0.027833333333333363
2 0.24189583333333337 0.39644270833333334 0.2692916666666667 0.03571354166666663
2 0.22522916666666665 0.4330833333333333 0.25447222222222216 0.02449479166666665
2 0.22854861111111113 0.464796875 0.24413888888888885 0.03237500000000004
2 0.22422916666666665 0.5654114583333333 0.21080555555555552 0.012531249999999971
2 0.17715972222222223 0.6496822916666667 0.1938263888888889 0.03292708333333323
2 0.17160416666666667 0.679140625 0.1827152777777778 0.01661458333333338
2 0.18965972222222224 0.7029270833333333 0.19722222222222222 0.023682291666666563
2 0.18025 0.7294947916666668 0.15061805555555555 0.022411458333333436
2 0.19745138888888888 0.75640625 0.16188194444444445 0.01026562500000002
2 0.2126527777777778 0.8058125 0.18456944444444442 0.018802083333333285
2 0.21944444444444444 0.829078125 0.17345833333333333 0.0167239583333334
1 0.2237638888888889 0.18251041666666667 0.31790277777777776 0.03492187499999998
1 0.21126388888888892 0.5883437499999999 0.28363888888888894 0.021364583333333322
0 0.21002777777777779 0.611953125 0.23179166666666665 0.022281250000000103