3 0.3310810810810811 0.04374240583232078 0.5231660231660231 0.05224787363304982
3 0.3310810810810811 0.09173754556500607 0.5154440154440154 0.05224787363304982
3 0.33687258687258687 0.137910085054678 0.5347490347490348 0.054678007290400975
3 0.3388030888030888 0.18286755771567437 0.5212355212355212 0.04981773997569866
3 0.34942084942084944 0.2284325637910085 0.5347490347490348 0.04981773997569866
3 0.35135135135135137 0.26913730255164037 0.5212355212355212 0.05224787363304982
3 0.3416988416988417 0.31166464155528556 0.48841698841698844 0.05224787363304982
3 0.35714285714285715 0.35419198055893075 0.4768339768339768 0.04981773997569866
3 0.37065637065637064 0.3955042527339004 0.4671814671814672 0.04860267314702309
3 0.3667953667953668 0.43195625759416767 0.4189189189189189 0.038882138517618466
3 0.3590733590733591 0.4665856622114216 0.3764478764478765 0.05103280680437424
3 0.3812741312741313 0.5048602673147023 0.3803088803088803 0.03645200486026731
3 0.35714285714285715 0.5376670716889429 0.41505791505791506 0.03645200486026731
3 0.3918918918918919 0.5765492102065614 0.4555984555984556 0.0425273390036452
3 0.3832046332046332 0.6154313487241798 0.40733590733590735 0.03645200486026731
3 0.3783783783783784 0.6488456865127582 0.37065637065637064 0.04374240583232078
3 0.3938223938223938 0.6883353584447145 0.3416988416988417 0.032806804374240585
3 0.38513513513513514 0.7174969623329283 0.40733590733590735 0.05103280680437424
3 0.40733590733590735 0.7521263669501823 0.39575289575289574 0.032806804374240585
3 0.39768339768339767 0.7818955042527339 0.3590733590733591 0.03645200486026731
3 0.416023166023166 0.8226002430133658 0.4092664092664093 0.032806804374240585
2 0.7567567567567568 0.36998784933171325 0.2084942084942085 0.04374240583232078
2 0.7480694980694981 0.4046172539489672 0.22007722007722008 0.03402187120291616
2 0.7432432432432432 0.4374240583232078 0.18532818532818532 0.030376670716889428
2 0.7557915057915058 0.46780072904009723 0.19111969111969113 0.026731470230862697
2 0.7625482625482626 0.4951397326852977 0.20463320463320464 0.027946537059538274
2 0.7596525096525096 0.5249088699878494 0.17567567567567569 0.032806804374240585
2 0.7635135135135135 0.5528554070473876 0.1776061776061776 0.027946537059538274
2 0.7654440154440154 0.5759416767922235 0.1718146718146718 0.03766707168894289
2 0.7596525096525096 0.6069258809234508 0.16795366795366795 0.030376670716889428
2 0.7519305019305019 0.6330498177399757 0.21235521235521235 0.02551640340218712
2 0.7664092664092664 0.6573511543134872 0.1776061776061776 0.026731470230862697
2 0.7635135135135135 0.6889428918590522 0.18146718146718147 0.038882138517618466