3 0.5366795366795367 0.04556500607533415 0.5212355212355212 0.0911300121506683
3 0.5164092664092664 0.07837181044957472 0.5154440154440154 0.11786148238153099
3 0.5019305019305019 0.12393681652490887 0.5347490347490348 0.1227217496962333
3 0.48359073359073357 0.16707168894289187 0.5173745173745173 0.11543134872417983
3 0.47393822393822393 0.212636695018226 0.5328185328185329 0.11786148238153099
3 0.4584942084942085 0.25273390036452004 0.5193050193050193 0.11907654921020656
3 0.4305019305019305 0.2910085054678007 0.48841698841698844 0.11421628189550426
3 0.4266409266409266 0.3347509113001215 0.4768339768339768 0.11057108140947752
3 0.42084942084942084 0.37667071688942894 0.46525096525096526 0.10814094775212636
3 0.4025096525096525 0.4113001215066829 0.416988416988417 0.09234507897934387
3 0.37934362934362936 0.44349939246658565 0.3803088803088803 0.09842041312272175
3 0.3841698841698842 0.4842041312272175 0.3783783783783784 0.0850546780072904
3 0.3465250965250965 0.511543134872418 0.4111969111969112 0.08869987849331713
3 0.36196911196911197 0.554678007290401 0.45366795366795365 0.10085054678007291
3 0.33687258687258687 0.5905224787363305 0.40540540540540543 0.08748481166464156
3 0.31756756756756754 0.6221142162818954 0.37065637065637064 0.0911300121506683
3 0.3156370656370656 0.6622114216281896 0.33976833976833976 0.07654921020656136
3 0.2953667953667954 0.6889428918590522 0.4092664092664093 0.10206561360874848
3 0.3001930501930502 0.7260024301336574 0.3918918918918919 0.08383961117861483
3 0.277992277992278 0.7533414337788579 0.35714285714285715 0.08140947752126367
3 0.277992277992278 0.7952612393681653 0.40540540540540543 0.08626974483596597
2 0.803088803088803 0.4198055893074119 0.21428571428571427 0.0692588092345079
2 0.7808880308880309 0.4513973268529769 0.222007722007722 0.060753341433778855
2 0.7615830115830116 0.4823815309842041 0.1891891891891892 0.053462940461725394
2 0.7596525096525096 0.5133657351154314 0.19305019305019305 0.05103280680437424
2 0.7548262548262549 0.5407047387606319 0.20656370656370657 0.053462940461725394
2 0.7384169884169884 0.56865127582017 0.17953667953667954 0.054678007290400975
2 0.7306949806949807 0.5965978128797084 0.17953667953667954 0.04981773997569866
2 0.722007722007722 0.6190765492102066 0.1776061776061776 0.05953827460510328
2 0.7027027027027027 0.6476306196840826 0.1718146718146718 0.05103280680437424
2 0.6833976833976834 0.6713244228432563 0.21235521235521235 0.05224787363304982
2 0.6872586872586872 0.6974483596597812 0.17953667953667954 0.04860267314702309
2 0.6698841698841699 0.7278250303766707 0.1891891891891892 0.060753341433778855