3 0.28506944444444443 0.46380208333333334 0.2659722222222222 0.03958333333333333
3 0.27743055555555557 0.48802083333333335 0.2298611111111111 0.0359375
3 0.2722222222222222 0.5125 0.20555555555555555 0.030208333333333334
3 0.2704861111111111 0.534375 0.19583333333333333 0.027604166666666666
3 0.28402777777777777 0.5546875 0.20208333333333334 0.030729166666666665
3 0.2725694444444444 0.5736979166666667 0.18680555555555556 0.029166666666666667
0 0.2965277777777778 0.3494791666666667 0.30833333333333335 0.04010416666666667
0 0.2954861111111111 0.37447916666666664 0.3020833333333333 0.04010416666666667
0 0.2916666666666667 0.3966145833333333 0.29930555555555555 0.0421875
0 0.2920138888888889 0.42135416666666664 0.30277777777777776 0.04895833333333333
2 0.27118055555555554 0.5984375 0.2701388888888889 0.035416666666666666
2 0.2569444444444444 0.61796875 0.2326388888888889 0.0328125
2 0.2604166666666667 0.6427083333333333 0.21319444444444444 0.0328125
2 0.24930555555555556 0.6658854166666667 0.19722222222222222 0.030208333333333334
2 0.24444444444444444 0.68984375 0.17708333333333334 0.025
2 0.25729166666666664 0.7083333333333334 0.17708333333333334 0.025
2 0.25 0.73125 0.175 0.027083333333333334
2 0.24375 0.75078125 0.13472222222222222 0.024479166666666666
2 0.2375 0.7666666666666667 0.16111111111111112 0.023958333333333335
1 0.23923611111111112 0.7864583333333334 0.19791666666666666 0.035416666666666666
1 0.2232638888888889 0.8088541666666667 0.17777777777777778 0.023958333333333335
1 0.22604166666666667 0.8278645833333333 0.18055555555555555 0.029166666666666667
1 0.22013888888888888 0.8505208333333333 0.14652777777777778 0.029166666666666667