2 0.6420138888888889 0.5440104166666667 0.3951388888888889 0.06302083333333333
2 0.6361111111111111 0.5950520833333334 0.3645833333333333 0.05625
2 0.628125 0.63828125 0.3 0.0453125
2 0.6256944444444444 0.778125 0.2847222222222222 0.04375
2 0.6190972222222222 0.80625 0.24861111111111112 0.0390625
2 0.6197916666666666 0.8776041666666666 0.2520833333333333 0.040625
2 0.6333333333333333 0.9145833333333333 0.26875 0.04583333333333333
1 0.6444444444444445 0.6739583333333333 0.2520833333333333 0.04375
1 0.6496527777777777 0.7484375 0.2972222222222222 0.051041666666666666
3 0.6420138888888889 0.709375 0.2847222222222222 0.04739583333333333
3 0.6190972222222222 0.8453125 0.2520833333333333 0.04635416666666667