3 0.7907986111111112 0.37353515625 0.4184027777777778 0.0556640625
3 0.7916666666666666 0.40283203125 0.4166666666666667 0.0458984375
3 0.7855902777777778 0.4326171875 0.4288194444444444 0.048828125
3 0.7795138888888888 0.46337890625 0.40625 0.0576171875
3 0.7534722222222222 0.4892578125 0.3940972222222222 0.0537109375
3 0.7543402777777778 0.521484375 0.4027777777777778 0.0498046875
3 0.7508680555555556 0.5478515625 0.3923611111111111 0.052734375
3 0.7447916666666666 0.57958984375 0.3802083333333333 0.044921875
3 0.7526041666666666 0.60693359375 0.4010416666666667 0.0537109375
3 0.703125 0.63671875 0.2847222222222222 0.046875
2 0.8064236111111112 0.0458984375 0.3871527777777778 0.060546875
2 0.8142361111111112 0.07861328125 0.3715277777777778 0.0595703125
2 0.8315972222222222 0.11279296875 0.3368055555555556 0.0595703125
2 0.8333333333333334 0.14794921875 0.3333333333333333 0.0556640625
2 0.8324652777777778 0.1787109375 0.3350694444444444 0.056640625
2 0.8315972222222222 0.21240234375 0.3368055555555556 0.0517578125
2 0.8298611111111112 0.24365234375 0.3402777777777778 0.0634765625
2 0.8263888888888888 0.27783203125 0.3472222222222222 0.0595703125
2 0.8246527777777778 0.3115234375 0.3506944444444444 0.0546875
2 0.8263888888888888 0.34375 0.3472222222222222 0.0546875
1 0.7230902777777778 0.67041015625 0.3125 0.041015625
1 0.7100694444444444 0.69482421875 0.3784722222222222 0.0546875
1 0.7022569444444444 0.7236328125 0.3350694444444444 0.0439453125
1 0.6979166666666666 0.75244140625 0.3402777777777778 0.0498046875
1 0.6857638888888888 0.7783203125 0.3246527777777778 0.041015625
1 0.6814236111111112 0.80322265625 0.296875 0.041015625
0 0.6875 0.83251953125 0.3489583333333333 0.0439453125
0 0.6753472222222222 0.86083984375 0.3628472222222222 0.048828125
0 0.6501736111111112 0.88916015625 0.3315972222222222 0.046875
0 0.640625 0.91455078125 0.3784722222222222 0.056640625
0 0.6501736111111112 0.9541015625 0.359375 0.0546875
0 0.6388888888888888 0.98095703125 0.3125 0.0380859375
0 0.6284722222222222 0.9912109375 0.3333333333333333 0.017578125