1 0.8685138888888889 0.4674609375 0.26295833333333324 0.028453125000000058
1 0.8685138888888889 0.492671875 0.26295833333333324 0.024710937500000085
1 0.8796250000000001 0.5166796875 0.240736111111111 0.030031250000000044
1 0.8909722222222223 0.54140625 0.21805555555555556 0.0234375
1 0.9027777777777778 0.5653828125 0.19444444444444445 0.024312499999999914
1 0.9076388888888889 0.5890625 0.18472222222222223 0.021875
1 0.9090277777777778 0.6109375 0.18194444444444444 0.0234375
1 0.9152777777777777 0.63065625 0.16944444444444445 0.020476562500000028
1 0.9194444444444444 0.6513359375000001 0.16111111111111112 0.02329687499999995
1 0.9229166666666667 0.67109375 0.15416666666666667 0.021875
1 0.929625 0.692125 0.140736111111111 0.014242187500000014
0 0.943513888888889 0.7143984375 0.11295833333333323 0.025460937499999937
0 0.9583333333333334 0.7379374999999999 0.08333333333333333 0.014210937500000043
0 0.9546250000000001 0.758671875 0.090736111111111 0.016093749999999928
0 0.9574027777777778 0.7796093749999999 0.08518055555555545 0.014226562500000029
0 0.9407361111111112 0.8006015625 0.1185138888888888 0.015585937499999947
0 0.9282361111111112 0.8215937500000001 0.14351388888888877 0.016945312500000042
0 0.9326388888888889 0.844921875 0.13472222222222222 0.01953125
0 0.9333333333333333 0.862640625 0.13333333333333333 0.01570312499999993
0 0.9340277777777778 0.880078125 0.13194444444444445 0.01640625
0 0.9365694444444445 0.899421875 0.1268472222222221 0.016335937499999887
0 0.929625 0.9161953125 0.140736111111111 0.01863281249999993
0 0.8398194444444443 0.9302578125000001 0.11481944444444454 0.0280156250000001