3 0.7473958333333334 0.341796875 0.4375 0.046875
3 0.7612847222222222 0.3701171875 0.4409722222222222 0.0380859375
3 0.7543402777777778 0.40087890625 0.4288194444444444 0.041015625
3 0.7604166666666666 0.431640625 0.40625 0.0498046875
3 0.7439236111111112 0.4599609375 0.3940972222222222 0.0458984375
3 0.7569444444444444 0.4912109375 0.4027777777777778 0.04296875
3 0.7630208333333334 0.517578125 0.3923611111111111 0.044921875
3 0.7690972222222222 0.54931640625 0.3802083333333333 0.037109375
3 0.7873263888888888 0.5751953125 0.4010416666666667 0.0458984375
3 0.7491319444444444 0.60986328125 0.2847222222222222 0.0419921875
2 0.6753472222222222 0.02001953125 0.4756944444444444 0.0400390625
2 0.6979166666666666 0.04541015625 0.4670138888888889 0.05078125
2 0.7230902777777778 0.078125 0.421875 0.05078125
2 0.7361111111111112 0.1123046875 0.4131944444444444 0.046875
2 0.7404513888888888 0.14306640625 0.4027777777777778 0.048828125
2 0.7326388888888888 0.17822265625 0.3645833333333333 0.044921875
2 0.7413194444444444 0.20947265625 0.3680555555555556 0.056640625
2 0.7595486111111112 0.24169921875 0.390625 0.0517578125
2 0.7595486111111112 0.27587890625 0.3715277777777778 0.0478515625
2 0.7725694444444444 0.30810546875 0.3663194444444444 0.0478515625
1 0.78125 0.640625 0.3125 0.03515625
1 0.7777777777777778 0.666015625 0.3767361111111111 0.0478515625
1 0.78125 0.6953125 0.3350694444444444 0.0380859375
1 0.7873263888888888 0.7236328125 0.3385416666666667 0.0439453125
1 0.7847222222222222 0.75048828125 0.3246527777777778 0.03515625
1 0.7899305555555556 0.775390625 0.296875 0.03515625
0 0.8064236111111112 0.8037109375 0.3489583333333333 0.037109375
0 0.8046875 0.83251953125 0.3628472222222222 0.041015625
0 0.7907986111111112 0.86328125 0.3315972222222222 0.0400390625
0 0.7907986111111112 0.88916015625 0.3784722222222222 0.0498046875
0 0.8142361111111112 0.9267578125 0.359375 0.0478515625
0 0.8142361111111112 0.955078125 0.3125 0.033203125
0 0.8125 0.9775390625 0.3333333333333333 0.0341796875