2 0.5483506944444445 0.60267578125 0.3085069444444445 0.15827148437499994
2 0.5185763888888889 0.71568359375 0.19631944444444446 0.013388671875000036
2 0.5217708333333334 0.72869140625 0.1689236111111111 0.007216796875000098
2 0.5278298611111111 0.74205078125 0.16506944444444452 0.009648437500000107
2 0.5213541666666667 0.754775390625 0.13522569444444443 0.004472656249999929
2 0.5579513888888888 0.762138671875 0.11458333333333333 0.005605468750000009
2 0.5696354166666667 0.771982421875 0.08446180555555552 0.009667968750000089
2 0.5916319444444444 0.7804296875 0.07873263888888893 0.009667968750000089
0 0.3335590277777778 0.115107421875 0.36498263888888893 0.13729492187500003
0 0.39776041666666667 0.1977734375 0.11138888888888883 0.023613281250000007
0 0.4242708333333333 0.219423828125 0.11092013888888887 0.017490234375000024
0 0.41151041666666666 0.23974609375 0.0816493055555556 0.010634765624999987
0 0.41385416666666663 0.25462890625 0.09572916666666664 0.011699218750000018
0 0.42267361111111107 0.270625 0.09460069444444441 0.007998046875000053
0 0.4207986111111111 0.2831640625 0.08333333333333333 0.014609375000000036
0 0.4261979166666667 0.305673828125 0.08005208333333336 0.014746093750000022
0 0.41347222222222224 0.322939453125 0.06118055555555557 0.008105468749999956
0 0.40597222222222223 0.338876953125 0.06494791666666672 0.008320312499999982
0 0.4321527777777778 0.36041015625 0.09666666666666668 0.013369140625000053
0 0.4282638888888889 0.378076171875 0.08793402777777774 0.016494140624999987
0 0.42699652777777775 0.393115234375 0.0882118055555556 0.007519531250000044
0 0.42032986111111115 0.408818359375 0.0730034722222222 0.023886718750000036
0 0.42421875 0.422099609375 0.08173611111111108 0.0052539062499999956
0 0.4222916666666667 0.432548828125 0.06756944444444442 0.013906250000000009
0 0.42446180555555557 0.4472265625 0.0625 0.016220703125000013
0 0.43270833333333336 0.462353515625 0.06776041666666661 0.013955078124999964
0 0.4286284722222222 0.475390625 0.05114583333333335 0.02059570312500003
0 0.15225694444444446 0.247275390625 0.3045138888888889 0.14352539062499997
0 0.12664930555555556 0.34708984375 0.2342013888888889 0.020156249999999987
0 0.12161458333333333 0.36720703125 0.22760416666666666 0.013515625000000031
0 0.1323784722222222 0.386640625 0.24913194444444445 0.015283203124999978
0 0.1109375 0.408525390625 0.21145833333333333 0.016064453125000044
0 0.12343749999999999 0.4280078125 0.20868055555555554 0.013046875000000013
0 0.12039930555555554 0.443095703125 0.1800347222222222 0.007089843749999991
0 0.11744791666666668 0.46091796875 0.19149305555555557 0.014423828124999982
0 0.12803819444444445 0.480703125 0.17447916666666666 0.010029296874999982
0 0.12447916666666667 0.49567382812499994 0.15520833333333334 0.009707031249999998
0 0.15225694444444446 0.509150390625 0.19687500000000002 0.009316406249999964
0 0.12387152777777777 0.524970703125 0.13836805555555554 0.013613281250000053
0 0.13645833333333332 0.5409375 0.14791666666666664 0.011376953125000089