3 0.5607638888888888 0.392578125 0.8645833333333334 0.2353515625
3 0.6180555555555556 0.51171875 0.7065972222222222 0.1005859375
3 0.6805555555555556 0.56201171875 0.6128472222222222 0.0869140625
3 0.6848958333333334 0.61669921875 0.5121527777777778 0.0732421875
3 0.7109375 0.65478515625 0.4704861111111111 0.0546875
3 0.6840277777777778 0.693359375 0.3263888888888889 0.05078125
3 0.7048611111111112 0.72802734375 0.3420138888888889 0.048828125
3 0.7074652777777778 0.75732421875 0.3142361111111111 0.041015625
3 0.6883680555555556 0.7802734375 0.2916666666666667 0.0390625
3 0.6866319444444444 0.80322265625 0.2569444444444444 0.03125
3 0.6848958333333334 0.82177734375 0.2725694444444444 0.0400390625
3 0.7152777777777778 0.8408203125 0.2361111111111111 0.0390625