3 0.6061197916666666 0.35791015625 0.7799479166666666 0.3271484375
3 0.5540364583333334 0.55126953125 0.4947916666666667 0.0771484375
3 0.55859375 0.5859375 0.3046875 0.0439453125
2 0.5501302083333334 0.61376953125 0.3723958333333333 0.0625
2 0.54296875 0.6513671875 0.328125 0.0615234375
2 0.5325520833333334 0.681640625 0.2708333333333333 0.0458984375
2 0.53515625 0.705078125 0.3098958333333333 0.0478515625
2 0.544921875 0.728515625 0.2890625 0.0380859375
2 0.5260416666666666 0.75048828125 0.2578125 0.041015625
2 0.537109375 0.7724609375 0.24348958333333334 0.033203125
2 0.541015625 0.79345703125 0.23307291666666666 0.033203125
2 0.5403645833333334 0.814453125 0.20963541666666666 0.033203125