3 0.6714087439278279 0.45 0.5773768216516308 0.17239583333333333
3 0.6818181818181818 0.52421875 0.501734906315059 0.1109375
0 0.7303955586398334 0.5799479166666667 0.5149201943095073 0.10104166666666667
0 0.7425399028452464 0.62265625 0.4961832061068702 0.115625
0 0.7574600971547536 0.67109375 0.45246356696738377 0.1046875
0 0.7571131158917418 0.7153645833333333 0.3511450381679389 0.07864583333333333
2 0.7661346287300486 0.7627604166666667 0.4496877168632894 0.090625
2 0.7886884108258154 0.8059895833333334 0.4226231783483692 0.10052083333333334
2 0.8077723802914643 0.8497395833333333 0.3789035392088827 0.08541666666666667
2 0.8202637057598889 0.890625 0.35947258848022207 0.08333333333333333
2 0.8299791811242193 0.92578125 0.34004163775156143 0.0703125
2 0.8289382373351839 0.9505208333333334 0.3421235253296322 0.07083333333333333