3 0.48452083333333335 0.7784635416666668 0.3579374999999999 0.02506770833333339
3 0.48204166666666665 0.8070364583333334 0.2914652777777778 0.02151041666666676
2 0.47579166666666667 0.14365624999999999 0.4912708333333334 0.05784375000000001
2 0.4752986111111111 0.18627083333333333 0.4684513888888888 0.028500000000000015
2 0.475 0.278984375 0.45 0.026416666666666682
2 0.4689513888888889 0.3119479166666667 0.43194444444444446 0.028359375000000023
2 0.46547916666666667 0.352578125 0.4230138888888888 0.023312499999999996
2 0.46210416666666665 0.3896354166666667 0.4281736111111111 0.023026041666666684
2 0.4764861111111111 0.47816145833333334 0.3835347222222222 0.023281250000000024
2 0.48571527777777773 0.5038333333333334 0.38412500000000005 0.023145833333333362
2 0.4688472222222222 0.542453125 0.3543680555555555 0.028067708333333326
2 0.4747013888888889 0.5734114583333334 0.34424305555555557 0.02449999999999998
2 0.4732152777777777 0.6094270833333333 0.32340972222222225 0.025104166666666573
2 0.46557638888888886 0.6466354166666667 0.3101180555555555 0.022140625000000115
2 0.47738194444444443 0.6772916666666667 0.3119027777777778 0.02393229166666657
2 0.46577083333333336 0.7450572916666667 0.29067361111111106 0.02404166666666659
2 0.46805555555555556 0.8419427083333333 0.2496041666666667 0.024364583333333436
2 0.4869027777777778 0.8731979166666667 0.2753958333333333 0.033302083333333364
2 0.47768055555555555 0.9070572916666666 0.2509930555555556 0.031078125000000036
1 0.4779791666666666 0.23671354166666667 0.4519861111111112 0.037124999999999984
1 0.4675625 0.439328125 0.3696458333333333 0.023588541666666647
1 0.4781736111111111 0.7141822916666667 0.27381249999999996 0.020333333333333314