0 0.7295138888888889 0.4002604166666667 0.22847222222222222 0.0796875
0 0.8958333333333334 0.39609375 0.10069444444444445 0.0609375
0 0.7840277777777778 0.4239583333333333 0.1375 0.051041666666666666
1 0.6472222222222223 0.45598958333333334 0.09444444444444444 0.0375
1 0.7923611111111111 0.46640625 0.1597222222222222 0.058333333333333334
1 0.9315972222222222 0.4544270833333333 0.059722222222222225 0.05260416666666667
1 0.6784722222222223 0.48776041666666664 0.07222222222222222 0.03229166666666667
1 0.8631944444444445 0.484375 0.09444444444444444 0.0390625
3 0.7086805555555555 0.53046875 0.11319444444444444 0.0453125
3 0.8607638888888889 0.51875 0.1451388888888889 0.0484375
3 0.7083333333333334 0.5565104166666667 0.11041666666666666 0.04479166666666667
3 0.8711805555555555 0.5486979166666667 0.16805555555555557 0.05416666666666667
3 0.7152777777777778 0.5833333333333334 0.1284722222222222 0.052083333333333336
3 0.8777777777777778 0.5760416666666667 0.15763888888888888 0.04635416666666667
3 0.696875 0.6098958333333333 0.10416666666666667 0.050520833333333334
3 0.8767361111111112 0.6020833333333333 0.14722222222222223 0.04635416666666667
3 0.7052083333333333 0.6369791666666667 0.1111111111111111 0.04375
3 0.8850694444444445 0.6315104166666666 0.14791666666666667 0.043229166666666666
3 0.6979166666666666 0.6619791666666667 0.12152777777777778 0.05364583333333333
3 0.8625 0.6645833333333333 0.12986111111111112 0.044270833333333336
3 0.8659722222222223 0.6869791666666667 0.12708333333333333 0.04114583333333333
3 0.8649305555555555 0.7119791666666667 0.1326388888888889 0.043229166666666666
3 0.8583333333333333 0.7380208333333333 0.13333333333333333 0.0421875
3 0.8704861111111111 0.75859375 0.10069444444444445 0.036458333333333336
3 0.6118055555555556 0.5466145833333333 0.07013888888888889 0.1046875
3 0.684375 0.7078125 0.15833333333333333 0.08645833333333333
3 0.6791666666666667 0.7651041666666667 0.08541666666666667 0.05
3 0.7597222222222222 0.7484375 0.07569444444444444 0.036458333333333336
2 0.5315972222222223 0.18333333333333332 0.2673611111111111 0.07760416666666667
2 0.5378472222222223 0.22109375 0.15069444444444444 0.05677083333333333
2 0.5788194444444444 0.24765625 0.1597222222222222 0.05677083333333333
2 0.49618055555555557 0.2833333333333333 0.12152777777777778 0.052083333333333336
2 0.5739583333333333 0.30520833333333336 0.13333333333333333 0.057291666666666664
2 0.5229166666666667 0.3546875 0.14166666666666666 0.0609375
2 0.5145833333333333 0.39869791666666665 0.11458333333333333 0.052083333333333336
2 0.5166666666666667 0.43697916666666664 0.0875 0.04375
2 0.5305555555555556 0.4591145833333333 0.06736111111111111 0.028645833333333332
2 0.5291666666666667 0.4822916666666667 0.07916666666666666 0.04010416666666667
2 0.5326388888888889 0.50234375 0.058333333333333334 0.03125
2 0.5420138888888889 0.528125 0.06388888888888888 0.0328125
2 0.5364583333333334 0.5536458333333333 0.05555555555555555 0.030729166666666665
2 0.5385416666666667 0.5729166666666666 0.06458333333333334 0.03177083333333333
2 0.5399305555555556 0.6072916666666667 0.05486111111111111 0.03229166666666667
2 0.5447916666666667 0.6325520833333333 0.04375 0.027083333333333334