0 0.7561875 0.44811979166666666 0.22322916666666662 0.037901041666666656
0 0.9182430555555555 0.4764791666666667 0.08775000000000009 0.04533854166666664
0 0.8005069444444445 0.4815520833333334 0.13257638888888879 0.02635937499999995
1 0.6574513888888889 0.48605208333333333 0.09040277777777782 0.02052604166666671
1 0.7939375 0.5243125000000001 0.154798611111111 0.029489583333333336
1 0.9327013888888889 0.53984375 0.04595833333333322 0.04541145833333336
1 0.6767013888888889 0.5227499999999999 0.06805555555555555 0.01973958333333338
1 0.8561875000000001 0.5554218750000001 0.0898958333333332 0.02258854166666661
3 0.6910347222222223 0.5699427083333333 0.1080833333333334 0.025296875000000087
3 0.8420486111111111 0.5880781249999999 0.1424236111111112 0.021614583333333333
3 0.6816319444444444 0.5950416666666667 0.10568055555555553 0.025119791666666676
3 0.8416041666666667 0.6189531250000001 0.16552777777777786 0.02276041666666657
3 0.6792916666666666 0.6221770833333333 0.12247222222222215 0.02919791666666664
3 0.8387013888888889 0.6468958333333333 0.15719444444444453 0.016135416666666676
3 0.6521458333333333 0.6444791666666667 0.09595833333333338 0.03308854166666677
3 0.8286597222222222 0.6718020833333332 0.14595833333333322 0.018604166666666564
3 0.6510069444444445 0.6721354166666667 0.10631249999999995 0.02400520833333341
3 0.8265763888888888 0.7016822916666666 0.14810416666666665 0.0149166666666666
3 0.6354166666666666 0.6948177083333333 0.11427083333333331 0.032437500000000105
3 0.7935000000000001 0.7293854166666667 0.1273958333333332 0.02013541666666659
3 0.7888263888888889 0.7516406250000001 0.12563194444444434 0.01730208333333323
3 0.7792916666666667 0.7755572916666666 0.13055555555555556 0.01872395833333324
3 0.7640763888888888 0.7994218750000001 0.13169444444444436 0.01721874999999997
3 0.76875 0.8216822916666667 0.09810416666666666 0.018171874999999935
3 0.5920486111111111 0.5668229166666666 0.03636111111111104 0.1012604166666667
3 0.606375 0.7365885416666667 0.14204861111111108 0.06105208333333323
3 0.5817569444444445 0.7907604166666666 0.07512500000000004 0.03681770833333336
3 0.6650902777777777 0.7904270833333332 0.07007638888888895 0.023843750000000104
2 0.6398333333333334 0.20039583333333333 0.26704861111111106 0.026546875000000015
2 0.6328263888888889 0.23790104166666665 0.1457083333333333 0.029588541666666638
2 0.6631319444444445 0.2714739583333333 0.15580555555555547 0.027609374999999995
2 0.5711458333333334 0.29003645833333336 0.11452083333333339 0.030645833333333292
2 0.6387013888888889 0.32626562499999995 0.12588194444444442 0.03396875000000001
2 0.5723472222222222 0.36399479166666665 0.13333333333333333 0.03651041666666662
2 0.5491180555555556 0.40505208333333337 0.1070694444444445 0.032447916666666646
2 0.5380069444444444 0.442265625 0.07979861111111117 0.029223958333333282
2 0.5436875 0.46649479166666663 0.06338194444444444 0.017083333333333308
2 0.5342152777777778 0.48846875 0.07222222222222222 0.026942708333333343
2 0.5308055555555555 0.5085416666666667 0.05277777777777778 0.02163020833333332
2 0.5308055555555555 0.5354375 0.05782638888888888 0.022395833333333334
2 0.5166666666666667 0.5588333333333334 0.04975000000000007 0.02183333333333337
2 0.5119305555555556 0.5778697916666666 0.05921527777777776 0.020890625000000065
2 0.5015763888888889 0.6113489583333334 0.04861111111111111 0.02364583333333338
2 0.49766666666666665 0.6367760416666666 0.038256944444444385 0.020526041666666592