3 0.225 0.3216145833333333 0.34791666666666665 0.03229166666666667
3 0.2170138888888889 0.50078125 0.3020833333333333 0.0390625
3 0.2309027777777778 0.5315104166666667 0.28055555555555556 0.028125
3 0.19826388888888888 0.77109375 0.22430555555555556 0.022395833333333334
3 0.21145833333333333 0.853125 0.2375 0.025520833333333333
2 0.23159722222222223 0.021875 0.3416666666666667 0.04114583333333333
2 0.22708333333333333 0.06354166666666666 0.3298611111111111 0.0484375
2 0.23923611111111112 0.09895833333333333 0.32222222222222224 0.04583333333333333
2 0.2361111111111111 0.13567708333333334 0.3368055555555556 0.041666666666666664
2 0.23020833333333332 0.21536458333333333 0.3104166666666667 0.04479166666666667
2 0.23333333333333334 0.25442708333333336 0.2923611111111111 0.040625
2 0.24791666666666667 0.2872395833333333 0.3034722222222222 0.04114583333333333
2 0.2388888888888889 0.35885416666666664 0.29930555555555555 0.03177083333333333
2 0.24444444444444444 0.39296875 0.2701388888888889 0.0390625
2 0.2267361111111111 0.42942708333333335 0.2548611111111111 0.027604166666666666
2 0.22951388888888888 0.46119791666666665 0.24513888888888888 0.035416666666666666
2 0.22291666666666668 0.56171875 0.2111111111111111 0.015104166666666667
2 0.1736111111111111 0.6453125 0.19444444444444445 0.035416666666666666
2 0.1673611111111111 0.6747395833333333 0.18333333333333332 0.01875
2 0.18506944444444445 0.6989583333333333 0.19791666666666666 0.026041666666666668
2 0.175 0.7252604166666666 0.15138888888888888 0.024479166666666666
2 0.19166666666666668 0.75234375 0.16180555555555556 0.0125
2 0.20555555555555555 0.8020833333333334 0.18472222222222223 0.021354166666666667
2 0.21180555555555555 0.8252604166666667 0.1736111111111111 0.01875
1 0.23125 0.17890625 0.31875 0.0390625
1 0.209375 0.5846354166666666 0.28402777777777777 0.025
0 0.2076388888888889 0.6080729166666666 0.23194444444444445 0.025520833333333333