2 0.4227941176470588 0.12184563758389262 0.6642156862745098 0.05511744966442952
2 0.42549019607843136 0.179748322147651 0.6352941176470588 0.04672818791946308
2 0.4151960784313726 0.2250503355704698 0.6245098039215686 0.03667785234899331
2 0.4252450980392157 0.27555369127516777 0.6200980392156863 0.05380872483221475
2 0.4128186274509804 0.32469798657718124 0.5805392156862745 0.056895973154362456
2 0.41946078431372547 0.37577181208053695 0.5448284313725489 0.04875838926174497
2 0.4147303921568627 0.4275503355704698 0.48985294117647055 0.046845637583892596
2 0.4166666666666667 0.47620805369127517 0.4271813725490195 0.03390939597315442
2 0.3826960784313725 0.5076174496644296 0.4642892156862745 0.06317114093959728
2 0.4245343137254902 0.5616778523489933 0.439436274509804 0.0394463087248322
2 0.4077450980392157 0.5971476510067114 0.4478186274509805 0.052885906040268424
2 0.4017892156862745 0.6444966442953021 0.400906862745098 0.0445134228187919
2 0.40931372549019607 0.8722315436241611 0.4054656862745098 0.03592281879194635
2 0.4282107843137255 0.8350838926174496 0.41526960784313727 0.025855704697986523
2 0.4100245098039215 0.8011577181208054 0.32281862745098033 0.022734899328858985
2 0.41404411764705884 0.763758389261745 0.2923774509803922 0.036140939597315375
2 0.44397058823529406 0.7278020134228188 0.35573529411764704 0.03134228187919455
2 0.4105392156862745 0.6904026845637584 0.3273774509803921 0.033255033557047065
3 0.8120098039215686 0.6209228187919463 0.28578431372549024 0.20088926174496646