3 0.32876971608832806 0.021908302354399008 0.4717981072555205 0.021177199504337055
3 0.3384227129337539 0.04456009913258984 0.42447949526813883 0.018004956629491947
3 0.3438485804416404 0.06473358116480793 0.396782334384858 0.015477075588599745
3 0.34596214511041007 0.1342007434944238 0.4150157728706625 0.016456009913258986
3 0.34665615141955836 0.15361833952912018 0.3743533123028391 0.017286245353159837
3 0.3633123028391167 0.7264436183395291 0.35507886435331226 0.01600991325898398
3 0.3662776025236593 0.7451672862453532 0.3435015772870663 0.01822800495662954
3 0.37258675078864356 0.7674721189591078 0.3280757097791799 0.01327137546468406
3 0.3559305993690851 0.783729863692689 0.37539432176656146 0.01822800495662954
3 0.35927444794952684 0.8078934324659232 0.3435015772870663 0.012862453531598648
3 0.35593059936908517 0.8266171003717473 0.3193059936908517 0.011771995043370507
2 0.34403785488958993 0.08971499380421315 0.407634069400631 0.019454770755885982
2 0.34911671924290216 0.11147459727385377 0.3862460567823343 0.017806691449814133
2 0.34157728706624607 0.1766542750929368 0.40974763406940057 0.019578686493184647
2 0.34173501577287063 0.19752168525402727 0.42059936908517354 0.019727385377943017
2 0.3291167192429022 0.21858736059479555 0.38135646687697167 0.01835192069392813
2 0.3436593059936908 0.23986369268897148 0.3858990536277602 0.025377942998760866
2 0.344384858044164 0.2604460966542751 0.37328075709779185 0.020557620817843836
2 0.347192429022082 0.2821437422552664 0.39293375394321767 0.019058240396530354
2 0.35050473186119874 0.3098141263940521 0.38905362776025243 0.017682775712515503
2 0.35769716088328074 0.32454770755886003 0.39993690851735014 0.019070631970260207
2 0.3580441640378549 0.349182156133829 0.3936277602523659 0.022614622057001238
2 0.354006309148265 0.3722428748451053 0.39608832807570976 0.01724907063197021
2 0.3648895899053628 0.3902850061957868 0.410788643533123 0.0197397769516728
2 0.36050473186119875 0.41121437422552665 0.39151419558359624 0.0197397769516728
2 0.36574132492113565 0.43256505576208176 0.39501577287066253 0.02112763320941754
2 0.3662776025236593 0.45301115241635687 0.399589905362776 0.016579925650557614
2 0.36662460567823346 0.47552664188351923 0.39328075709779187 0.014522924411400281
2 0.3436593059936908 0.5404213135068153 0.35785488958990536 0.013519206939281249
2 0.3364984227129338 0.5605947955390335 0.3750473186119874 0.013940520446096654
2 0.3435015772870663 0.5804213135068154 0.33299684542586755 0.015043370508054507
2 0.3389274447949527 0.6023915737298637 0.3308832807570978 0.016294919454770726
2 0.32826498422712935 0.622627013630731 0.34104100946372246 0.01546468401486991
2 0.32561514195583596 0.6417719950433705 0.34630914826498427 0.012441140024783102
2 0.33334384858044164 0.6601610904584883 0.36173501577287065 0.01754646840148709
2 0.32826498422712935 0.6826765799256506 0.34104100946372246 0.014386617100371623
2 0.34946372239747636 0.7014002478314746 0.3519242902208202 0.013283767038413913
2 0.3589274447949527 0.848909541511772 0.30776025236593063 0.012292441140024873
2 0.37066246056782337 0.8700495662949195 0.30668769716088334 0.01188351920693918
2 0.37435331230283914 0.8889838909541511 0.35261829652996846 0.01257744733581176
2 0.37170347003154575 0.9114993804213135 0.3017981072555205 0.014919454770755841
2 0.36908517350157727 0.9302230483271376 0.3631230283911672 0.013828996282527983
2 0.37558359621451104 0.9499876084262702 0.28287066246056786 0.016171003717472064
2 0.7928391167192429 0.8302478314745972 0.40167192429022075 0.06503097893432468
2 0.8168454258675079 0.8762453531598513 0.35085173501577294 0.0215241635687731
2 0.835615141955836 0.8989591078066915 0.32876971608832817 0.014646840148698806
2 0.8461198738170348 0.9174225526641884 0.3077602523659305 0.012998760842627025
2 0.7027760252365931 0.9302973977695167 0.16123028391167196 0.01809169764560088
2 0.9409463722397475 0.9360718711276331 0.10829652996845439 0.01660470879801746
3 0.3725867507886435 0.4930111524163569 0.3841640378548896 0.008190830235439917
0 0.374006309148265 0.9768277571251548 0.35892744479495264 0.01863692688971495