3 0.5163194444444444 0.4322916666666667 0.6569444444444444 0.11458333333333333
3 0.48680555555555555 0.47552083333333334 0.6347222222222222 0.1234375
3 0.48055555555555557 0.5385416666666667 0.5756944444444444 0.1359375
0 0.5576388888888889 0.284375 0.7652777777777777 0.17395833333333333
1 0.5354166666666667 0.3640625 0.7493055555555556 0.15729166666666666
2 0.4826388888888889 0.615625 0.68125 0.15520833333333334
2 0.46076388888888886 0.6807291666666667 0.5826388888888889 0.1171875
2 0.47118055555555555 0.74296875 0.6048611111111111 0.12916666666666668
2 0.43020833333333336 0.80234375 0.5569444444444445 0.125
2 0.43194444444444446 0.8653645833333333 0.5298611111111111 0.12239583333333333
2 0.42986111111111114 0.93125 0.5138888888888888 0.1234375