2 0.5587222222222222 0.2728177083333333 0.33194444444444443 0.038458333333333324
2 0.5626527777777778 0.3072552083333333 0.3104930555555556 0.025156249999999977
2 0.5623472222222222 0.33480208333333333 0.30987499999999996 0.02007291666666665
2 0.5632708333333334 0.36339583333333336 0.3117291666666667 0.01938541666666668
2 0.5586388888888889 0.3917552083333333 0.3024722222222222 0.018234374999999994
2 0.5622708333333334 0.419421875 0.3050902777777778 0.020322916666666656
2 0.5586388888888889 0.44679687500000004 0.2839513888888888 0.022994791666666715
2 0.5623472222222222 0.47208854166666664 0.29136111111111107 0.01686458333333339
2 0.5612638888888889 0.49865624999999997 0.2737638888888889 0.020229166666666624
2 0.5583333333333333 0.5234687499999999 0.2833333333333333 0.017776041666666725
2 0.5577152777777777 0.5473750000000001 0.2820972222222222 0.02276041666666657
2 0.5582569444444444 0.5760833333333333 0.26620138888888883 0.015359374999999887
2 0.5416666666666666 0.5990572916666667 0.2376527777777778 0.0231197916666666
1 0.28063194444444445 0.4315625 0.22021527777777775 0.023770833333333387
1 0.27970833333333334 0.4541927083333333 0.20602083333333338 0.023890624999999943
1 0.2847222222222222 0.47850000000000004 0.20833333333333334 0.02158333333333336
1 0.2849513888888889 0.5022291666666666 0.19799305555555557 0.020432291666666675
1 0.2858819444444445 0.52625 0.18750000000000003 0.018703125000000043
1 0.2871944444444444 0.5432083333333334 0.19474999999999995 0.019052083333333296
3 0.8061736111111112 0.63203125 0.21728472222222214 0.06822916666666666
3 0.8850277777777779 0.703390625 0.2299375000000001 0.03849479166666659
3 0.9185555555555556 0.7414739583333334 0.16288888888888886 0.02901562500000002