2 0.2375 0.36328125 0.13828125 0.090625
2 0.33515625 0.44453125 0.17109375 0.109375
2 0.4953125 0.43046875 0.14609375 0.09609375
2 0.5203125 0.28203125 0.1375 0.090625
1 0.52421875 0.3375 0.11015625 0.03515625
3 0.409375 0.340625 0.125 0.09765625
2 0.63125 0.2671875 0.06484375 0.08984375
2 0.7375 0.23984375 0.128125 0.0671875
2 0.7453125 0.31796875 0.13671875 0.07421875
2 0.66796875 0.3828125 0.134375 0.1171875
2 0.828125 0.41875 0.15234375 0.11953125
2 0.940625 0.4125 0.11796875 0.12734375
2 0.94609375 0.5625 0.1078125 0.134375
2 0.80390625 0.5578125 0.18125 0.1375
2 0.609375 0.48515625 0.178125 0.14609375
2 0.74921875 0.69765625 0.18515625 0.1578125
2 0.56015625 0.7796875 0.21015625 0.21171875
2 0.34453125 0.64453125 0.21640625 0.16796875
2 0.125 0.7546875 0.20859375 0.221875
2 0.15 0.47265625 0.196875 0.11953125
3 0.05625 0.58359375 0.0953125 0.17109375
3 0.0140625 0.43359375 0.028125 0.1015625