3 0.29765625 0.265625 0.16953125 0.1859375
3 0.35234375 0.84765625 0.3046875 0.3046875
3 0.67578125 0.13984375 0.16796875 0.1765625
3 0.92109375 0.34375 0.1578125 0.19921875
0 0.8484375 0.11171875 0.18671875 0.18671875
0 0.8453125 0.5828125 0.24140625 0.30078125
0 0.3296875 0.5140625 0.22890625 0.2703125
0 0.09296875 0.2796875 0.17421875 0.17265625
2 0.109375 0.52734375 0.1734375 0.296875
2 0.18046875 0.071875 0.16015625 0.1015625
2 0.4953125 0.075 0.159375 0.1171875
2 0.58125 0.47265625 0.23046875 0.24140625
2 0.7125 0.3046875 0.1953125 0.19140625
2 0.940625 0.91796875 0.11875 0.1640625
1 0.68125 0.8015625 0.3125 0.34296875
1 0.5078125 0.24296875 0.196875 0.175