2 0.40234375 0.5453125 0.14765625 0.01484375
2 0.403125 0.5640625 0.16015625 0.03125
2 0.54609375 0.3796875 0.121875 0.00703125
2 0.53984375 0.3875 0.1328125 0.0078125
2 0.54140625 0.40234375 0.1421875 0.00703125
2 0.54140625 0.41171875 0.12734375 0.0046875
2 0.54296875 0.42109375 0.1515625 0.00625
2 0.546875 0.434375 0.1546875 0.00859375
3 0.55078125 0.56328125 0.125 0.0140625
3 0.55078125 0.55078125 0.11953125 0.0109375
3 0.5484375 0.5390625 0.1234375 0.009375
3 0.5484375 0.52734375 0.13125 0.009375
3 0.55234375 0.51484375 0.13515625 0.009375
3 0.5484375 0.5046875 0.13046875 0.00859375
3 0.5453125 0.49453125 0.1359375 0.0078125
3 0.5484375 0.4828125 0.140625 0.00859375
3 0.54609375 0.47421875 0.13203125 0.01015625
3 0.54765625 0.4640625 0.121875 0.00859375
3 0.546875 0.453125 0.13125 0.01328125
3 0.54609375 0.44296875 0.13125 0.009375
1 0.53984375 0.36875 0.125 0.0125
1 0.54375 0.35703125 0.11640625 0.01171875
1 0.53671875 0.34453125 0.11328125 0.0125
1 0.5453125 0.334375 0.13203125 0.009375
1 0.54296875 0.32578125 0.1015625 0.01015625
1 0.5453125 0.3140625 0.0921875 0.00859375
0 0.53515625 0.3046875 0.13359375 0.01328125