2 0.62109375 0.3921875 0.10546875 0.025
3 0.60703125 0.44453125 0.0890625 0.03046875
2 0.80703125 0.51640625 0.07265625 0.0375
2 0.8625 0.5578125 0.0625 0.03984375
2 0.765625 0.56953125 0.10078125 0.046875
2 0.946875 0.51484375 0.10625 0.04296875
2 0.9671875 0.603125 0.0625 0.01328125
2 0.96875 0.615625 0.0625 0.01484375
2 0.96796875 0.62578125 0.0640625 0.009375
2 0.96484375 0.63515625 0.06953125 0.0109375
2 0.96953125 0.6515625 0.06015625 0.0171875
1 0.96484375 0.55390625 0.06953125 0.021875
1 0.96171875 0.5765625 0.07578125 0.0203125
3 0.9671875 0.565625 0.0640625 0.01953125
0 0.95 0.5859375 0.1 0.03125