2 0.22890625 0.13125 0.41484375 0.09375
2 0.240625 0.22578125 0.4390625 0.0421875
2 0.25078125 0.2734375 0.42421875 0.0484375
2 0.234375 0.31328125 0.34765625 0.05390625
2 0.26015625 0.36328125 0.3640625 0.0265625
2 0.2609375 0.40234375 0.34296875 0.0421875
2 0.26484375 0.4375 0.3234375 0.034375
2 0.275 0.4640625 0.33828125 0.03359375
2 0.24453125 0.49140625 0.2921875 0.0296875
3 0.81484375 0.13828125 0.359375 0.1609375
3 0.81484375 0.2265625 0.29609375 0.078125
3 0.78984375 0.28828125 0.303125 0.0265625
3 0.825 0.315625 0.246875 0.05
3 0.81953125 0.353125 0.23515625 0.0296875
3 0.81171875 0.384375 0.18046875 0.03359375
3 0.8140625 0.41796875 0.21015625 0.025