2 0.62265625 0.33125 0.31171875 0.16171875
2 0.925 0.2421875 0.15 0.140625
2 0.92109375 0.55703125 0.1578125 0.1484375
2 0.75625 0.51015625 0.3 0.1078125
2 0.4625 0.4953125 0.240625 0.15078125
2 0.17890625 0.6390625 0.3578125 0.17734375
2 0.52265625 0.66484375 0.3515625 0.18203125
2 0.8 0.67265625 0.27734375 0.1296875
2 0.70390625 0.84375 0.29765625 0.1546875
2 0.50625 0.9546875 0.43828125 0.08984375
3 0.428125 0.81796875 0.328125 0.165625
1 0.18828125 0.24921875 0.29296875 0.1890625
1 0.7375 0.1734375 0.30078125 0.146875
1 0.20546875 0.4625 0.4109375 0.146875
0 0.4515625 0.153125 0.32890625 0.22578125