2 0.6796875 0.60625 0.36328125 0.15546875
2 0.23671875 0.19453125 0.39765625 0.04296875
3 0.24765625 0.234375 0.38828125 0.04453125
2 0.23984375 0.26953125 0.3375 0.03203125
2 0.24296875 0.29296875 0.36875 0.0328125
0 0.23203125 0.32890625 0.35625 0.03046875
2 0.2296875 0.35234375 0.35546875 0.034375
0 0.24921875 0.38515625 0.36328125 0.03125
1 0.24375 0.41328125 0.35078125 0.03203125
1 0.24375 0.44921875 0.35234375 0.03515625
2 0.2421875 0.4765625 0.359375 0.02421875
1 0.240625 0.5046875 0.35546875 0.03203125
1 0.2421875 0.534375 0.3609375 0.028125
2 0.2484375 0.55859375 0.3375 0.021875
3 0.2375 0.5890625 0.31484375 0.02734375
0 0.2265625 0.615625 0.275 0.02890625
1 0.2578125 0.640625 0.3125 0.0390625
0 0.2359375 0.66796875 0.32109375 0.040625