2 0.14296875 0.48515625 0.24375 0.0734375
2 0.3484375 0.4015625 0.22890625 0.0484375
2 0.6125 0.3859375 0.25703125 0.05703125
2 0.8703125 0.3765625 0.259375 0.07890625
2 0.940625 0.29609375 0.11796875 0.05078125
2 0.40234375 0.46875 0.2765625 0.13828125
2 0.703125 0.465625 0.3046875 0.08984375
2 0.875 0.546875 0.25 0.15234375
2 0.78125 0.76953125 0.43359375 0.284375
2 0.1828125 0.61328125 0.30546875 0.16015625
2 0.021875 0.53984375 0.04375 0.1046875
2 0.07265625 0.81796875 0.1453125 0.2546875
3 0.5390625 0.59140625 0.36953125 0.18203125
3 0.50390625 0.3296875 0.23984375 0.07890625
3 0.753125 0.31796875 0.2421875 0.071875
3 0.3734375 0.83359375 0.48671875 0.275
2 0.9453125 0.06015625 0.109375 0.05078125
2 0.37265625 0.1078125 0.1765625 0.03359375
2 0.21875 0.1140625 0.13203125 0.0265625