2 0.51796875 0.24453125 0.240625 0.1484375
2 0.71796875 0.30078125 0.33046875 0.1578125
2 0.5421875 0.4671875 0.2984375 0.175
2 0.35859375 0.6859375 0.2453125 0.1578125
2 0.79140625 0.69296875 0.4171875 0.24453125
2 0.3546875 0.91328125 0.3625 0.1734375
2 0.778125 0.91875 0.4234375 0.16171875
2 0.88359375 0.046875 0.23203125 0.09296875
3 0.59765625 0.07734375 0.25703125 0.0984375
3 0.2015625 0.2046875 0.16171875 0.06875
3 0.3953125 0.38125 0.2265625 0.128125
3 0.06796875 0.621875 0.1359375 0.203125