0 0.36484375 0.021875 0.5625 0.03828125
0 0.365625 0.04765625 0.5890625 0.0953125
1 0.33671875 0.11328125 0.59609375 0.08984375
1 0.36640625 0.1734375 0.6 0.071875
1 0.34921875 0.23046875 0.5484375 0.0859375
1 0.37578125 0.29765625 0.58203125 0.07890625
3 0.36015625 0.35546875 0.5484375 0.096875
3 0.3640625 0.41640625 0.51640625 0.0734375
3 0.365625 0.4765625 0.534375 0.071875
3 0.3734375 0.53125 0.525 0.06484375
3 0.38359375 0.5953125 0.553125 0.084375
2 0.3796875 0.665625 0.5265625 0.06328125
2 0.3640625 0.71953125 0.46640625 0.09453125
2 0.38046875 0.78046875 0.54453125 0.06796875
2 0.396875 0.84375 0.559375 0.0578125
2 0.40546875 0.90078125 0.55859375 0.059375
2 0.39609375 0.95078125 0.5390625 0.05546875
2 0.37109375 0.98046875 0.5546875 0.0390625