2 0.23828125 0.76171875 0.11171875 0.02109375
2 0.38359375 0.68828125 0.0890625 0.01640625
2 0.3859375 0.7015625 0.09375 0.009375
2 0.384375 0.709375 0.09140625 0.00703125
2 0.38515625 0.73125 0.1 0.00546875
2 0.38515625 0.7390625 0.09609375 0.009375
2 0.39140625 0.746875 0.09765625 0.00859375
2 0.390625 0.753125 0.1 0.0046875
2 0.3859375 0.7609375 0.09375 0.00703125
3 0.3828125 0.7671875 0.0859375 0.0046875
3 0.384375 0.71640625 0.09375 0.0046875
1 0.38828125 0.72421875 0.09453125 0.00546875
0 0.38046875 0.77421875 0.078125 0.00859375
1 0.3859375 0.78125 0.0765625 0.00859375
1 0.37890625 0.78984375 0.07421875 0.01171875