2 0.13359375 0.31015625 0.16015625 0.1953125
2 0.315625 0.425 0.17109375 0.19375
2 0.46015625 0.2890625 0.17265625 0.21875
2 0.62578125 0.2328125 0.16953125 0.20625
2 0.46171875 0.784375 0.22109375 0.2109375
2 0.121875 0.78984375 0.15390625 0.225
1 0.28515625 0.684375 0.19296875 0.196875
1 0.43046875 0.5296875 0.1625 0.2234375
1 0.2671875 0.19921875 0.190625 0.209375
3 0.12265625 0.5515625 0.18671875 0.2125
3 0.73671875 0.4046875 0.17421875 0.18125
3 0.89140625 0.5421875 0.19453125 0.23125
3 0.62734375 0.6140625 0.19375 0.22734375
3 0.6609375 0.8671875 0.22578125 0.23984375