2 0.48359375 0.13359375 0.4859375 0.05546875
2 0.46640625 0.178125 0.47421875 0.07109375
2 0.47109375 0.2671875 0.50234375 0.0515625
2 0.4765625 0.30390625 0.46328125 0.05859375
2 0.48515625 0.3546875 0.47421875 0.03984375
2 0.48359375 0.3796875 0.5140625 0.04140625
2 0.51171875 0.46484375 0.48125 0.04140625
2 0.48515625 0.49921875 0.52578125 0.05
2 0.4875 0.5375 0.4421875 0.03984375
2 0.46953125 0.57890625 0.41171875 0.03984375
2 0.46875 0.61796875 0.4421875 0.03046875
2 0.46875 0.65078125 0.40078125 0.05546875
2 0.471875 0.671875 0.3890625 0.05546875
2 0.47421875 0.74609375 0.365625 0.0515625
2 0.49453125 0.840625 0.409375 0.0359375
2 0.478125 0.87578125 0.33125 0.0359375
2 0.47421875 0.90703125 0.365625 0.06015625
1 0.459375 0.7171875 0.36328125 0.05859375
1 0.46796875 0.240625 0.45859375 0.053125
1 0.47578125 0.428125 0.41875 0.05703125
3 0.47578125 0.7734375 0.39140625 0.06015625
3 0.478125 0.79609375 0.47890625 0.02578125
2 0.84296875 0.4125 0.16640625 0.0609375