0 0.775 0.45546875 0.346875 0.09921875
1 0.784375 0.4984375 0.35390625 0.08359375
1 0.79296875 0.534375 0.33046875 0.071875
3 0.7875 0.575 0.2875 0.05859375
3 0.7890625 0.61171875 0.24453125 0.02890625
3 0.81640625 0.6453125 0.20234375 0.0328125
3 0.79140625 0.67421875 0.18046875 0.025
3 0.7890625 0.70078125 0.14296875 0.028125
3 0.753125 0.72421875 0.19375 0.02578125
3 0.77578125 0.75546875 0.13671875 0.01484375
3 0.715625 0.76640625 0.2421875 0.040625
3 0.72578125 0.796875 0.22109375 0.021875
3 0.70234375 0.825 0.26171875 0.0296875
2 0.65859375 0.19765625 0.20234375 0.05859375
2 0.72890625 0.2578125 0.1796875 0.0296875
2 0.61953125 0.2640625 0.21015625 0.0421875
2 0.65703125 0.29609375 0.18046875 0.0390625
2 0.596875 0.30703125 0.17109375 0.04140625
2 0.5921875 0.3375 0.1828125 0.0359375
2 0.5734375 0.35625 0.16015625 0.034375
2 0.54765625 0.3828125 0.13046875 0.021875
2 0.55234375 0.409375 0.128125 0.02265625
2 0.53984375 0.42578125 0.11171875 0.0328125
2 0.53125 0.4578125 0.08828125 0.01484375
2 0.534375 0.48125 0.0953125 0.028125
2 0.5375 0.5078125 0.08046875 0.01640625
2 0.52421875 0.5234375 0.090625 0.01953125
2 0.51953125 0.55 0.0703125 0.02109375
2 0.5203125 0.56328125 0.0640625 0.021875
2 0.4953125 0.59140625 0.05859375 0.02421875
2 0.49921875 0.61875 0.0828125 0.02734375
2 0.5 0.6328125 0.08671875 0.0140625
2 0.503125 0.65390625 0.053125 0.021875
2 0.22421875 0.42265625 0.44765625 0.0875
2 0.25234375 0.484375 0.4078125 0.0453125
2 0.25703125 0.53125 0.38828125 0.05703125
2 0.25234375 0.56875 0.390625 0.0484375
2 0.228125 0.6078125 0.42578125 0.0421875
2 0.23515625 0.65078125 0.37109375 0.0328125
2 0.2734375 0.6875 0.41328125 0.05390625
2 0.2765625 0.7328125 0.328125 0.0140625
2 0.2390625 0.7609375 0.3015625 0.02421875
2 0.21953125 0.78671875 0.3515625 0.0265625
2 0.2171875 0.81015625 0.31640625 0.04375
2 0.209375 0.8484375 0.3859375 0.046875