2 0.20859375 0.034375 0.4171875 0.04921875
2 0.22109375 0.01015625 0.39375 0.0203125
2 0.2125 0.07109375 0.425 0.0515625
2 0.20390625 0.1140625 0.4015625 0.053125
2 0.20546875 0.14375 0.41015625 0.04375
1 0.19453125 0.178125 0.3890625 0.046875
2 0.20234375 0.2125 0.4046875 0.04296875
2 0.203125 0.253125 0.378125 0.04453125
2 0.20546875 0.2828125 0.3921875 0.04375
3 0.20234375 0.31875 0.3875 0.05546875
3 0.20546875 0.3421875 0.37890625 0.040625
3 0.21484375 0.37421875 0.37734375 0.03671875
3 0.21484375 0.40859375 0.3921875 0.0421875
3 0.21953125 0.43203125 0.3484375 0.0390625
3 0.20625 0.4640625 0.346875 0.04765625
3 0.21171875 0.50234375 0.3421875 0.0296875
3 0.20078125 0.52578125 0.33203125 0.05078125
2 0.21328125 0.55859375 0.34296875 0.0375
1 0.2171875 0.5890625 0.321875 0.03203125
0 0.19140625 0.61328125 0.31171875 0.0421875
2 0.1828125 0.63828125 0.25703125 0.04765625
2 0.1921875 0.671875 0.2734375 0.04296875
2 0.1625 0.6984375 0.26640625 0.0359375
2 0.20390625 0.7234375 0.32109375 0.0328125
2 0.196875 0.75234375 0.31484375 0.028125
3 0.21015625 0.78125 0.271875 0.03125
2 0.19765625 0.80078125 0.23046875 0.040625
2 0.2140625 0.83125 0.2328125 0.0328125
3 0.18671875 0.8546875 0.29921875 0.03046875
2 0.540625 0.815625 0.30703125 0.07109375
2 0.540625 0.87265625 0.3328125 0.04921875