1 0.18368229166666666 0.22192187499999996 0.33264062499999997 0.25217708333333333
2 0.526734375 0.19763020833333336 0.2687499999999999 0.23136979166666674
3 0.8453125 0.22105729166666666 0.2982656250000001 0.22614583333333327
1 0.2597239583333334 0.5055156249999999 0.45 0.24297395833333332
0 0.7522552083333333 0.5157499999999999 0.3760416666666667 0.2669218750000001
2 0.19661458333333334 0.8611979166666666 0.3036458333333333 0.2776041666666667
1 0.50625 0.8769322916666666 0.3041666666666666 0.20803125000000006
2 0.8277760416666666 0.8409947916666667 0.2666666666666667 0.2715729166666666
2 0.23038020833333334 0.056546874999999996 0.20034895833333327 0.10545312500000001
1 0.4508697916666666 0.048572916666666674 0.23159895833333333 0.054781250000000004
3 0.4807291666666666 0.7098177083333332 0.23576562499999998 0.07866145833333338