2 0.75 0.6729166666666667 0.1453125 0.11041666666666666
2 0.659375 0.5791666666666667 0.178125 0.13333333333333333
2 0.49921875 0.5697916666666667 0.153125 0.11666666666666667
2 0.4625 0.7145833333333333 0.14375 0.10833333333333334
1 0.46328125 0.6583333333333333 0.1125 0.05
3 0.57734375 0.6708333333333333 0.13125 0.11458333333333333
2 0.3515625 0.7125 0.071875 0.09791666666666667
2 0.24375 0.7260416666666667 0.1328125 0.08333333333333333
2 0.24140625 0.646875 0.1421875 0.09375
2 0.3234375 0.5927083333333333 0.1421875 0.13541666666666666
2 0.1671875 0.5354166666666667 0.1609375 0.13958333333333334
2 0.059375 0.5260416666666666 0.11875 0.14375
2 0.0609375 0.37604166666666666 0.1171875 0.14791666666666667
2 0.20234375 0.4 0.190625 0.1625
2 0.38984375 0.49895833333333334 0.1890625 0.17083333333333334
2 0.26796875 0.26875 0.196875 0.18333333333333332
2 0.4625 0.2125 0.2265625 0.24166666666666667
2 0.665625 0.378125 0.2296875 0.19791666666666666
2 0.890625 0.2989583333333333 0.21875 0.24791666666666667
2 0.84609375 0.5760416666666667 0.2046875 0.14791666666666667
3 0.946875 0.4791666666666667 0.10625 0.18333333333333332
3 0.978125 0.634375 0.0359375 0.10625