2 0.77421875 0.4125 0.146875 0.11666666666666667
2 0.66875 0.475 0.1796875 0.14166666666666666
2 0.51171875 0.43125 0.1546875 0.12291666666666666
2 0.50234375 0.2791666666666667 0.1453125 0.11458333333333333
1 0.49296875 0.334375 0.1140625 0.05625
3 0.60625 0.359375 0.134375 0.12083333333333333
2 0.39453125 0.24583333333333332 0.075 0.1
2 0.2921875 0.19791666666666666 0.134375 0.08958333333333333
2 0.27578125 0.27395833333333336 0.14375 0.1
2 0.34609375 0.353125 0.1453125 0.13958333333333334
2 0.18359375 0.35833333333333334 0.1640625 0.14583333333333334
2 0.07265625 0.33125 0.13125 0.14791666666666667
2 0.05546875 0.478125 0.1109375 0.15208333333333332
2 0.19296875 0.5010416666666667 0.19375 0.17083333333333334
2 0.39296875 0.465625 0.1921875 0.17708333333333334
2 0.2328125 0.65 0.2 0.19166666666666668
2 0.4109375 0.7666666666666667 0.23125 0.25
2 0.6390625 0.671875 0.2328125 0.20833333333333334
2 0.84453125 0.821875 0.228125 0.25625
2 0.84921875 0.5385416666666667 0.2078125 0.15625
3 0.93046875 0.6645833333333333 0.1125 0.1875
3 0.984375 0.5239583333333333 0.03125 0.10625