2 0.23767187499999992 0.36299305555555555 0.13854166666666662 0.09079861111111107
2 0.33541666666666664 0.4442152777777777 0.1708333333333333 0.10972222222222226
2 0.4949635416666666 0.43056249999999996 0.14618229166666658 0.09631250000000004
2 0.520140625 0.28177083333333336 0.1375 0.09038888888888887
1 0.5239583333333333 0.3373125 0.11041666666666661 0.034812499999999955
3 0.4097239583333333 0.34100694444444446 0.125 0.09775694444444447
2 0.6314218749999999 0.26742361111111107 0.06493229166666677 0.0894722222222222
2 0.7375 0.23988888888888887 0.12777604166666662 0.06681250000000004
2 0.745484375 0.31763888888888886 0.13680729166666677 0.07416666666666659
2 0.6677083333333333 0.38311805555555556 0.13402604166666662 0.11716666666666668
2 0.827953125 0.4189861111111111 0.15243229166666666 0.11945833333333328
2 0.9408854166666666 0.4128472222222222 0.11822916666666679 0.12708333333333333
2 0.94609375 0.5628472222222222 0.1078125 0.1340277777777778
2 0.8039947916666665 0.5578333333333333 0.18090104166666662 0.13788194444444432
2 0.6097239583333334 0.48539583333333336 0.17777604166666663 0.14579861111111114
2 0.7489583333333333 0.6975972222222222 0.18541666666666662 0.15815972222222213
2 0.5600677083333332 0.7799722222222222 0.2104166666666666 0.2117916666666666
2 0.34444270833333335 0.6446041666666666 0.21666666666666662 0.16790972222222228
2 0.125 0.7547430555555555 0.20833333333333331 0.22152777777777785
2 0.15034895833333334 0.47244444444444444 0.1965260416666667 0.11988888888888892
3 0.056421874999999996 0.5837430555555555 0.09548437499999998 0.1711874999999999
3 0.013890625 0.4333402777777778 0.02777604166666666 0.1018611111111112