0 0.15711979166666667 0.14608333333333334 0.310765625 0.22896874999999994
0 0.47985937500000003 0.38993229166666665 0.2930572916666666 0.21319791666666665
3 0.1881927083333333 0.6056614583333333 0.2374999999999999 0.23145833333333332
1 0.8354166666666666 0.1559791666666667 0.22639062500000007 0.203625
2 0.4986093749999999 0.12977604166666662 0.24722395833333324 0.17552604166666663
2 0.845140625 0.38073437499999996 0.3013906250000001 0.19827604166666674
2 0.8253489583333333 0.6188489583333333 0.29652604166666663 0.2300625
2 0.8497395833333332 0.8671875 0.30052083333333324 0.18229166666666669
2 0.4986093749999999 0.8812656249999999 0.3166666666666666 0.2271197916666668
2 0.4776041666666666 0.6250989583333333 0.25034895833333337 0.2147864583333332
2 0.14895833333333333 0.3698020833333333 0.2631927083333333 0.18682812499999998
2 0.17135416666666664 0.8663437500000001 0.290625 0.20421874999999998