3 0.29775114155251137 0.26670710542721865 0.1693264840182649 0.18655748201317626
3 0.35078125 0.8487084870848709 0.3046875 0.3025830258302583
3 0.6757990867579908 0.1405112133313114 0.16818493150684918 0.1767443427858936
3 0.9212328767123287 0.3450774233769735 0.1575342465753426 0.19949788538981272
0 0.8485502283105022 0.11196144838160711 0.18644977168949772 0.1870966654872028
0 0.8455136986301369 0.5847175184080607 0.2412442922374428 0.30134964363342254
0 0.32953196347031966 0.5155402786904582 0.22907534246575337 0.27085881817722285
0 0.09284246575342466 0.2804293248411936 0.1742808219178082 0.1735092419417344
2 0.10939497716894978 0.5290198655411211 0.17313926940639263 0.29779103270484747
2 0.18074200913242008 0.07179227956663127 0.1598173515981735 0.10222918667542838
2 0.49534246575342467 0.07491954371598511 0.15924657534246567 0.1175150381640803
2 0.5814269406392694 0.4742388245800266 0.23059360730593603 0.24212033901160923
2 0.7123287671232876 0.30533960134121896 0.1955821917808219 0.19192235757974022
2 0.9390625 0.9188191881918819 0.11875 0.16236162361623616
1 0.6813127853881278 0.8038956005998416 0.31240867579908693 0.3443225665133364
1 0.5076141552511415 0.24336046100187025 0.19711187214611864 0.17580077170634723