2 0.5302083333333333 0.7671875 0.13125 0.190625
2 0.39166666666666666 0.6265625 0.09583333333333334 0.1765625
2 0.3333333333333333 0.43203125 0.11041666666666666 0.1984375
2 0.28541666666666665 0.24140625 0.13958333333333334 0.203125
2 0.16979166666666667 0.20078125 0.08333333333333333 0.0953125
2 0.471875 0.57734375 0.22291666666666668 0.225
2 0.42604166666666665 0.35390625 0.1625 0.2390625
2 0.509375 0.21484375 0.23541666666666666 0.20625
2 0.7916666666666666 0.25625 0.3875 0.35625
2 0.69375 0.7203125 0.25416666666666665 0.2484375
2 0.6197916666666666 0.84921875 0.14583333333333334 0.046875
2 0.9 0.778125 0.2 0.134375
3 0.615625 0.4578125 0.29375 0.3015625
3 0.275 0.5203125 0.1375 0.1890625
3 0.22395833333333334 0.3375 0.12916666666666668 0.1890625
3 0.8708333333333333 0.5546875 0.25833333333333336 0.3875