2 0.58125 0.7609375 0.13958333333333334 0.1921875
2 0.6552083333333333 0.5953125 0.10416666666666667 0.178125
2 0.6302083333333334 0.396875 0.11875 0.1984375
2 0.5979166666666667 0.2046875 0.14791666666666667 0.2046875
2 0.6916666666666667 0.1390625 0.08541666666666667 0.096875
2 0.5583333333333333 0.5671875 0.23125 0.228125
2 0.509375 0.34375 0.17083333333333334 0.240625
2 0.3729166666666667 0.23125 0.24166666666666667 0.2109375
2 0.16041666666666668 0.3359375 0.32083333333333336 0.3625
2 0.40625 0.7546875 0.26458333333333334 0.253125
2 0.5291666666666667 0.86015625 0.14791666666666667 0.05
2 0.20208333333333334 0.86484375 0.26458333333333334 0.1390625
3 0.3729166666666667 0.48671875 0.30416666666666664 0.30625
3 0.7229166666666667 0.4671875 0.14375 0.190625
3 0.6947916666666667 0.28125 0.13541666666666666 0.190625
3 0.153125 0.64375 0.30625 0.390625