2 0.14282638888888888 0.48489062499999996 0.24397916666666664 0.07325
2 0.3483819444444445 0.4014114583333333 0.22916666666666666 0.048656250000000026
2 0.6122708333333333 0.3863125 0.25694444444444453 0.05665104166666666
2 0.8703680555555555 0.37658854166666667 0.2592569444444443 0.0788697916666667
2 0.9409722222222221 0.2964114583333333 0.11805555555555548 0.05045833333333327
2 0.4023125 0.46891145833333325 0.2768541666666666 0.13851562499999998
2 0.7032430555555554 0.46544791666666663 0.30463194444444447 0.08992187500000011
2 0.875 0.5468385416666667 0.25 0.15200520833333328
2 0.7814791666666666 0.7693125 0.43333333333333335 0.28446354166666676
2 0.18263888888888888 0.6134791666666667 0.30509027777777775 0.16029687500000006
2 0.02222222222222222 0.5409427083333332 0.04444444444444444 0.10549479166666664
2 0.07291666666666667 0.8184895833333332 0.14583333333333334 0.2546875
3 0.5391180555555555 0.5914375 0.3699097222222221 0.1821770833333332
3 0.5041666666666667 0.32955729166666664 0.23981249999999996 0.07855729166666663
3 0.7530069444444443 0.31758333333333333 0.2421319444444445 0.07196875
3 0.37314583333333334 0.8338802083333332 0.4870347222222222 0.27470312499999994
2 0.945486111111111 0.06015625 0.10902777777777786 0.05052083333333333
2 0.3729166666666667 0.10758333333333332 0.17638888888888882 0.03391666666666667
2 0.21897916666666664 0.11418229166666664 0.1324097222222222 0.02627604166666666