2 0.39479166666666665 0.534375 0.15 0.0296875
2 0.39166666666666666 0.553125 0.16458333333333333 0.0484375
2 0.5677083333333334 0.3859375 0.12291666666666666 0.01875
2 0.5604166666666667 0.39296875 0.13333333333333333 0.021875
2 0.5583333333333333 0.4078125 0.14166666666666666 0.0203125
2 0.5572916666666666 0.4171875 0.12708333333333333 0.0171875
2 0.5572916666666666 0.4265625 0.15208333333333332 0.021875
2 0.5583333333333333 0.43984375 0.15416666666666667 0.0234375
3 0.5385416666666667 0.56796875 0.12708333333333333 0.0265625
3 0.5395833333333333 0.55546875 0.11875 0.0234375
3 0.540625 0.54375 0.12291666666666666 0.021875
3 0.54375 0.53203125 0.13125 0.0234375
3 0.55 0.5203125 0.13541666666666666 0.0234375
3 0.5479166666666667 0.509375 0.13125 0.021875
3 0.5458333333333333 0.49921875 0.13541666666666666 0.021875
3 0.5510416666666667 0.48828125 0.13958333333333334 0.021875
3 0.55 0.47890625 0.13333333333333333 0.0234375
3 0.553125 0.46953125 0.12291666666666666 0.021875
3 0.5552083333333333 0.45859375 0.13333333333333333 0.0265625
3 0.55625 0.4484375 0.13125 0.0234375
1 0.5645833333333333 0.37421875 0.12708333333333333 0.025
1 0.5697916666666667 0.36328125 0.11666666666666667 0.0234375
1 0.5645833333333333 0.35 0.11458333333333333 0.0234375
1 0.575 0.340625 0.13333333333333333 0.0234375
1 0.575 0.33203125 0.10208333333333333 0.021875
1 0.5802083333333333 0.3203125 0.09166666666666666 0.01875
0 0.5708333333333333 0.31015625 0.13541666666666666 0.028125