2 0.4552083333333333 0.4203125 0.041666666666666664 0.1125
2 0.43125 0.41796875 0.06666666666666667 0.1234375
2 0.6510416666666666 0.553125 0.027083333333333334 0.0921875
2 0.6416666666666667 0.546875 0.03125 0.1
2 0.621875 0.5453125 0.03125 0.10625
2 0.609375 0.54453125 0.027083333333333334 0.0953125
2 0.596875 0.54375 0.03125 0.1140625
2 0.5791666666666667 0.5453125 0.035416666666666666 0.115625
3 0.4083333333333333 0.528125 0.0375 0.0953125
3 0.425 0.52890625 0.03333333333333333 0.0890625
3 0.440625 0.5296875 0.03125 0.0921875
3 0.45625 0.53203125 0.03333333333333333 0.0984375
3 0.471875 0.53671875 0.03333333333333333 0.1015625
3 0.4864583333333333 0.53515625 0.03125 0.0984375
3 0.5 0.534375 0.03125 0.1015625
3 0.515625 0.53828125 0.03125 0.1046875
3 0.5270833333333333 0.53828125 0.03333333333333333 0.1
3 0.5395833333333333 0.540625 0.03125 0.0921875
3 0.5541666666666667 0.5421875 0.0375 0.0984375
3 0.5677083333333334 0.54296875 0.03333333333333333 0.0984375
1 0.6666666666666666 0.55078125 0.035416666666666666 0.0953125
1 0.68125 0.5546875 0.03333333333333333 0.0875
1 0.6989583333333333 0.5515625 0.03333333333333333 0.0859375
1 0.7114583333333333 0.559375 0.03333333333333333 0.1
1 0.7229166666666667 0.55859375 0.03125 0.0765625
1 0.7375 0.56328125 0.027083333333333334 0.06875
0 0.7520833333333333 0.55703125 0.03958333333333333 0.1015625