2 0.40223611111111107 0.5452135416666666 0.14742361111111107 0.014489583333333477
2 0.4034236111111111 0.5637864583333333 0.1601041666666666 0.03143229166666668
2 0.5460902777777777 0.3799583333333333 0.12205555555555557 0.006760416666666646
2 0.53975 0.3876875 0.13315277777777776 0.00795312499999996
2 0.541138888888889 0.40225 0.14227083333333326 0.006760416666666691
2 0.5417291666666666 0.41176041666666663 0.12760416666666666 0.004979166666666579
2 0.5427222222222222 0.42127083333333337 0.15177777777777776 0.006166666666666565
2 0.5470833333333333 0.43419791666666663 0.15495138888888887 0.008249999999999957
3 0.5510416666666667 0.563046875 0.12483333333333331 0.013895833333333307
3 0.5504513888888888 0.5504114583333333 0.11968055555555548 0.011218749999999921
3 0.5480694444444444 0.539265625 0.12364583333333332 0.009140625000000036
3 0.5486666666666667 0.5273802083333333 0.13117361111111117 0.009734375000000028
3 0.5526319444444444 0.5148958333333333 0.13513888888888884 0.009140625000000036
3 0.5486666666666667 0.504640625 0.13038194444444445 0.008249999999999957
3 0.5450972222222222 0.4945364583333333 0.13593055555555555 0.007651041666666636
3 0.5480694444444444 0.482796875 0.14028472222222224 0.008546875000000042
3 0.5460902777777777 0.4740260416666667 0.13236111111111104 0.010031249999999936
3 0.5472777777777778 0.46392187499999993 0.12205555555555557 0.00884374999999995
3 0.5470833333333333 0.4529270833333333 0.131173611111111 0.013005208333333407
3 0.5458958333333332 0.4431145833333333 0.13117361111111117 0.009437499999999942
1 0.5401458333333333 0.3686614583333333 0.12522916666666664 0.012109375
1 0.5435138888888889 0.3573697916666666 0.11611111111111114 0.011515624999999918
1 0.5363819444444444 0.3448854166666666 0.11294444444444451 0.012109375
1 0.5452986111111111 0.334484375 0.13236111111111104 0.009734375000000028
1 0.5427222222222222 0.3261614583333333 0.10184722222222226 0.010328124999999933
1 0.5456944444444444 0.314421875 0.09193749999999994 0.008843750000000039
0 0.5351944444444444 0.30491145833333333 0.1335486111111111 0.01359895833333331