2 0.20740972222222223 0.21621875 0.3037013888888888 0.11923958333333333
2 0.5164375 0.2330520833333333 0.24120138888888884 0.12165625000000002
2 0.8482638888888888 0.2286458333333333 0.30347222222222214 0.08854166666666667
2 0.7287013888888888 0.3626875 0.43888888888888883 0.17607291666666658
2 0.7006944444444444 0.6174479166666667 0.48009027777777763 0.31059374999999995
3 0.3872708333333333 0.40105208333333325 0.30694444444444435 0.13821354166666655
3 0.9756944444444444 0.4071145833333333 0.04861111111111119 0.20936979166666667
0 0.29397916666666657 0.8050520833333333 0.43055555555555547 0.3767708333333334
2 0.014583333333333334 0.14791666666666664 0.029166666666666667 0.053125
2 0.01944444444444444 0.17769791666666665 0.03888888888888888 0.04914583333333333
2 0.025694444444444443 0.2359375 0.05138888888888889 0.0375