2 0.5182509109838626 0.24444560124934928 0.24061773381919144 0.14879229567933372
2 0.7183758459135866 0.3008433107756377 0.3308485163977096 0.15747006767308697
2 0.5425438139857712 0.46742321707444046 0.29845566545202157 0.17482040603852161
2 0.35861183411417663 0.686059344091619 0.2452403262189831 0.15747006767308686
2 0.790625 0.6921875 0.41875 0.24375
2 0.35514141939961824 0.913846954711088 0.36323442651396837 0.17230609057782403
2 0.7785320145757418 0.9190525767829255 0.4233905951761235 0.16189484643414892
2 0.883567586326566 0.04659031754294638 0.23182370293250046 0.09318063508589276
3 0.5980704494187056 0.07700156168662155 0.2568106888773209 0.09847475273295159
3 0.20128405344438663 0.20453930244664237 0.16195037306958188 0.06897449245184797
3 0.3956272774596564 0.38153045288912024 0.22673607496095785 0.12796980739198333
3 0.06802012840534445 0.6215512753774075 0.1360402568106889 0.2030192608016657