2 0.4124236252545825 0.37421875 0.109979633401222 0.0421875
3 0.4124236252545825 0.42734375 0.09572301425661914 0.04375
2 0.1945010183299389 0.4625 0.0814663951120163 0.0484375
2 0.12932790224032586 0.49375 0.07331975560081466 0.05
2 0.2209775967413442 0.521875 0.109979633401222 0.0625
2 0.06008146639511202 0.43671875 0.11608961303462322 0.0609375
2 0.02240325865580448 0.51953125 0.04480651731160896 0.0234375
2 0.021384928716904276 0.53125 0.04276985743380855 0.025
2 0.019348268839103868 0.53984375 0.038696537678207736 0.0203125
2 0.021384928716904276 0.55078125 0.04276985743380855 0.0234375
2 0.015274949083503055 0.56484375 0.03054989816700611 0.0265625
1 0.03360488798370672 0.47109375 0.06720977596741344 0.0328125
1 0.03360488798370672 0.49296875 0.06720977596741344 0.0328125
3 0.029531568228105907 0.4828125 0.059063136456211814 0.03125
0 0.04480651731160896 0.50546875 0.08961303462321792 0.0484375