2 0.3757637474541752 0.39375 0.10590631364562118 0.0265625
3 0.3920570264765784 0.44609375 0.08961303462321792 0.03125
2 0.19144602851323828 0.5203125 0.07331975560081466 0.0390625
2 0.13747454175152748 0.5625 0.06313645621181263 0.0421875
2 0.23625254582484725 0.5734375 0.10183299389002037 0.0484375
2 0.05295315682281059 0.5203125 0.10590631364562118 0.0453125
2 0.03360488798370672 0.609375 0.06313645621181263 0.0140625
2 0.034623217922606926 0.62109375 0.06313645621181263 0.015625
2 0.034623217922606926 0.63125 0.06313645621181263 0.0109375
2 0.03767820773930754 0.640625 0.06924643584521385 0.0140625
2 0.03360488798370672 0.65703125 0.06109979633401222 0.01875
1 0.035641547861507125 0.559375 0.06924643584521385 0.0234375
1 0.03971486761710794 0.58203125 0.07535641547861507 0.021875
3 0.034623217922606926 0.57109375 0.06517311608961303 0.021875
0 0.051934826883910386 0.5921875 0.09979633401221996 0.0328125