2 0.6218453767820775 0.391992 0.10526761710794308 0.025095999999999962
3 0.6074238696537678 0.4442640000000001 0.08939665987780049 0.030079999999999885
2 0.8082092057026476 0.5164479999999999 0.07281661914460268 0.037263999999999874
2 0.86354900203666 0.557928 0.06236806517311601 0.04003199999999989
2 0.7662168635437882 0.569824 0.10057515274949098 0.046671999999999866
2 0.9470468431771895 0.5140625 0.10590631364562118 0.04375
2 0.9680866802443991 0.603424 0.06236806517311601 0.01320800000000002
2 0.9684317718940937 0.61484375 0.06313645621181263 0.0140625
2 0.9684317718940937 0.625 0.06313645621181263 0.009375
2 0.9653767820773931 0.634375 0.06924643584521385 0.0125
2 0.9694501018329938 0.65078125 0.06109979633401222 0.0171875
1 0.9653767820773931 0.553125 0.06924643584521385 0.021875
1 0.9623217922606925 0.57578125 0.07535641547861507 0.0203125
3 0.9674134419551935 0.56484375 0.06517311608961303 0.0203125
0 0.9501018329938901 0.5859375 0.09979633401221996 0.03125