3 0.8637152777777778 0.1578125 0.1371527777777778 0.1453125
3 0.8611111111111112 0.34609375 0.11979166666666667 0.228125
3 0.8888888888888888 0.5421875 0.1284722222222222 0.2125
3 0.7638888888888888 0.653125 0.11979166666666667 0.2171875
3 0.7447916666666666 0.38359375 0.125 0.13125
3 0.6927083333333334 0.18515625 0.13368055555555555 0.2390625
3 0.4930555555555556 0.12890625 0.2222222222222222 0.14375
3 0.19010416666666666 0.2546875 0.3611111111111111 0.38125
3 0.2664930555555556 0.6453125 0.359375 0.40625
3 0.3671875 0.85234375 0.34375 0.2078125
3 0.6206597222222222 0.83828125 0.19791666666666666 0.175
3 0.4973958333333333 0.53671875 0.10416666666666667 0.303125