3 0.057291666666666664 0.71953125 0.11458333333333333 0.1234375
3 0.2361111111111111 0.7703125 0.2534722222222222 0.1078125
3 0.4375 0.84765625 0.2361111111111111 0.115625
3 0.5911458333333334 0.7703125 0.24131944444444445 0.1078125
3 0.3081597222222222 0.67890625 0.14583333333333334 0.1125
3 0.12152777777777778 0.58046875 0.24305555555555555 0.1203125
3 0.10590277777777778 0.39140625 0.1597222222222222 0.2
3 0.3263888888888889 0.16328125 0.4305555555555556 0.3265625
3 0.7196180555555556 0.33828125 0.4513888888888889 0.3234375
3 0.8984375 0.48125 0.203125 0.309375
3 0.8272569444444444 0.69765625 0.19444444444444445 0.178125
3 0.5399305555555556 0.50859375 0.3368055555555556 0.09375