3 0.07274234886175185 0.22309362279511533 0.1454846977235037 0.10628222523744908
3 0.2800391979496457 0.19899592944369066 0.24347957183778085 0.07845318860244235
3 0.49223579074325347 0.14793758480325644 0.22312679029096946 0.08829036635006786
3 0.6316900346751093 0.24344640434192671 0.23066485753052923 0.07914518317503391
3 0.33732850897030003 0.29823609226594305 0.13191617669229613 0.09715061058344646
3 0.12701643298658225 0.3718453188602443 0.2540328659731645 0.08834464043419273
3 0.09271822704658526 0.5579375848032565 0.13266998341625205 0.18575305291723207
3 0.2734375 0.83515625 0.3836805555555556 0.3296875
3 0.6927483793155436 0.6872048846675713 0.4130860847278759 0.2746811397557666
3 0.90625 0.56953125 0.1875 0.2890625
3 0.8551937283280567 0.3454002713704206 0.1726217397859189 0.15754409769335148
3 0.5406754108246646 0.4966892808683854 0.3312980551786523 0.053093622795115356