3 0.38697916666666665 0.7407013888888888 0.0739583333333333 0.1449444444444443
3 0.5438802083333333 0.8797291666666667 0.33515625 0.13362499999999997
3 0.6475260416666666 0.7142638888888888 0.06328125 0.23672222222222222
3 0.4958333333333333 0.6026041666666667 0.22083333333333335 0.08772916666666669
3 0.5502604166666666 0.48228472222222224 0.07447916666666661 0.1894374999999999
3 0.36979166666666663 0.4949583333333333 0.0729166666666667 0.18353472222222222
3 0.41861979166666663 0.3657708333333333 0.17317708333333334 0.09181944444444443
3 0.4829427083333333 0.29475694444444434 0.05703125 0.14771527777777774
3 0.3364583333333333 0.30795138888888884 0.0479166666666667 0.13243749999999999
3 0.10078125 0.5928888888888888 0.07135416666666665 0.18495138888888885
3 0.30182291666666666 0.5263888888888888 0.0776041666666667 0.17347222222222214
3 0.2145833333333333 0.6619930555555555 0.1895833333333333 0.08009027777777765
3 0.1805989583333333 0.43852083333333336 0.12421874999999998 0.0324583333333333