3 0.6765625 0.340625 0.1125 0.10208333333333333
3 0.78671875 0.5447916666666667 0.1109375 0.45
3 0.665625 0.6895833333333333 0.1796875 0.09375
3 0.5765625 0.49166666666666664 0.0734375 0.29583333333333334
3 0.48828125 0.5677083333333334 0.1453125 0.10625
3 0.49140625 0.3260416666666667 0.140625 0.10416666666666667
3 0.39609375 0.396875 0.075 0.23333333333333334
3 0.3453125 0.484375 0.1125 0.07916666666666666
3 0.35078125 0.28958333333333336 0.1015625 0.06875
3 0.5125 0.234375 0.1328125 0.11041666666666666
3 0.6109375 0.12083333333333333 0.065625 0.24166666666666667
3 0.4421875 0.08020833333333334 0.0296875 0.15833333333333333