3 0.403125 0.753125 0.0828125 0.15416666666666667
3 0.56875 0.8739583333333333 0.3421875 0.17083333333333334
3 0.6609375 0.696875 0.078125 0.24375
3 0.503125 0.6020833333333333 0.225 0.1125
3 0.5484375 0.47604166666666664 0.0875 0.19791666666666666
3 0.36953125 0.5104166666666666 0.084375 0.19166666666666668
3 0.41015625 0.37604166666666666 0.178125 0.1125
3 0.46953125 0.29791666666666666 0.065625 0.15416666666666667
3 0.325 0.328125 0.05625 0.1375
3 0.10859375 0.6385416666666667 0.084375 0.19375
3 0.30390625 0.5489583333333333 0.0890625 0.18125
3 0.2265625 0.6947916666666667 0.19375 0.1
3 0.17734375 0.47604166666666664 0.1265625 0.04791666666666667