1 0.3265625 0.5437715179968701 0.126875 0.3920813771517996
1 0.15666666666666668 0.7343974960876368 0.31333333333333335 0.16860719874804392
1 0.16729166666666667 0.38473395931142407 0.3137499999999999 0.11156494522691714
1 0.03875 0.5526838810641628 0.0775 0.20645539906103297
1 0.7029166666666666 0.7281455399061034 0.11416666666666657 0.34141627543036
1 0.5108333333333333 0.9092331768388106 0.34666666666666657 0.1470500782472613
1 0.6396875 0.5600312989045383 0.15229166666666671 0.161697965571205
1 0.4930208333333333 0.5404694835680751 0.23395833333333335 0.11316901408450712
0 0.6238541666666666 0.1238262910798122 0.2622916666666665 0.11243348982785599
0 0.7308333333333333 0.2981924882629108 0.09333333333333318 0.2295539906103286
0 0.5496875 0.39413145539906097 0.30562500000000004 0.15539123630672924