1 0.67265625 0.4518779342723005 0.13125 0.39436619718309857
1 0.83984375 0.25586854460093894 0.315625 0.176056338028169
1 0.834375 0.6068075117370892 0.315625 0.12206572769953052
1 0.959375 0.4354460093896714 0.08125 0.20892018779342722
1 0.29453125 0.27816901408450706 0.11875 0.3427230046948357
1 0.484375 0.0903755868544601 0.3484375 0.1572769953051643
1 0.359375 0.44366197183098594 0.153125 0.16666666666666666
1 0.50625 0.460093896713615 0.2359375 0.11971830985915492
0 0.38046875 0.8791079812206573 0.2640625 0.11971830985915492
0 0.271875 0.7077464788732394 0.096875 0.2323943661971831
0 0.4515625 0.6068075117370892 0.3078125 0.1619718309859155