0 0.05375 0.26298904538341156 0.1075 0.45023474178403744
1 0.9463541666666666 0.2651799687010954 0.10729166666666679 0.4859154929577465
1 0.734375 0.465508607198748 0.45625 0.07775430359937416
1 0.8474999999999999 0.3255790297339593 0.12000000000000002 0.1998278560250391
1 0.5638541666666665 0.20569640062597808 0.10895833333333335 0.3919953051643193
1 0.77109375 0.047339593114241 0.2921875 0.094679186228482
0 0.43947916666666664 0.09252738654147104 0.13270833333333326 0.18505477308294208
0 0.2976041666666666 0.45532081377151795 0.40979166666666667 0.1056338028169014
0 0.46499999999999997 0.28895148669796555 0.07166666666666668 0.22047730829420967
0 0.23229166666666665 0.05359937402190923 0.2854166666666667 0.10719874804381846
0 0.8755208333333332 0.5676995305164318 0.24895833333333323 0.1363458528951487
0 0.6191666666666666 0.5506416275430359 0.2466666666666665 0.10534428794992182
0 0.67109375 0.903755868544601 0.2359375 0.19248826291079812
0 0.8713541666666667 0.912527386541471 0.13562499999999994 0.17301251956181543
0 0.6530208333333333 0.6540923317683881 0.19562499999999988 0.0712519561815337