0 0.08046875 0.7969483568075117 0.1484375 0.4061032863849765
1 0.94375 0.6396713615023474 0.1125 0.5046948356807511
1 0.73515625 0.4847417840375587 0.459375 0.17136150234741784
1 0.86015625 0.6009389671361502 0.1375 0.22300469483568075
1 0.590625 0.778169014084507 0.1453125 0.4107981220657277
1 0.81015625 0.892018779342723 0.2984375 0.15492957746478872
0 0.47734375 0.9049295774647887 0.1484375 0.19014084507042253
0 0.30390625 0.5868544600938967 0.415625 0.19014084507042253
0 0.484375 0.7171361502347418 0.0921875 0.2323943661971831
0 0.275 0.9565727699530516 0.29375 0.08685446009389672
0 0.865625 0.3544600938967136 0.259375 0.18779342723004694
0 0.6140625 0.42488262910798125 0.2546875 0.1572769953051643
0 0.63203125 0.09154929577464789 0.2515625 0.18309859154929578
0 0.8296875 0.056338028169014086 0.15 0.11267605633802817
0 0.6375 0.31572769953051644 0.2 0.11032863849765258