1 0.49453125 0.24530516431924881 0.0859375 0.49061032863849763
1 0.415625 0.03169014084507042 0.1375 0.06338028169014084
1 0.31171875 0.3732394366197183 0.2703125 0.20422535211267606
1 0.2234375 0.13497652582159625 0.084375 0.2699530516431925
0 0.22421875 0.5469483568075117 0.1359375 0.21830985915492956
0 0.45234375 0.7417840375586855 0.1046875 0.5140845070422535
0 0.35625 0.5305164319248826 0.153125 0.13145539906103287
0 0.18046875 0.795774647887324 0.09375 0.3215962441314554
0 0.57578125 0.07042253521126761 0.0984375 0.13615023474178403
0 0.54609375 0.32629107981220656 0.0953125 0.38028169014084506
0 0.78515625 0.2863849765258216 0.1515625 0.3732394366197183
0 0.80546875 0.06807511737089202 0.11875 0.06338028169014084
0 0.61796875 0.2875586854460094 0.0671875 0.2981220657276995