2 0.25729166666666664 0.8453125 0.2604166666666667 0.15625
2 0.34791666666666665 0.67734375 0.2375 0.1609375
2 0.8052083333333333 0.71640625 0.14375 0.1328125
2 0.9010416666666666 0.39765625 0.19791666666666666 0.2078125
2 0.6364583333333333 0.2859375 0.3020833333333333 0.234375
2 0.19583333333333333 0.315625 0.30625 0.36875
2 0.153125 0.56171875 0.30625 0.2734375
3 0.07916666666666666 0.77109375 0.15 0.1640625
3 0.5072916666666667 0.82109375 0.18958333333333333 0.1484375
3 0.8791666666666667 0.56171875 0.21458333333333332 0.165625
1 0.6166666666666667 0.69140625 0.24791666666666667 0.1484375
0 0.5822916666666667 0.51796875 0.29791666666666666 0.178125