2 0.2488402777777777 0.15777083333333333 0.2569444444444444 0.15234375
2 0.34375 0.3253020833333333 0.23379861111111117 0.15755208333333334
2 0.7997708333333333 0.279296875 0.14120138888888883 0.1315104166666666
2 0.9027777777777778 0.5970052083333333 0.19444444444444453 0.2044270833333334
2 0.6412013888888889 0.7124583333333334 0.2962986111111111 0.23046875
2 0.20022916666666662 0.6881510416666666 0.29861111111111105 0.3658854166666667
2 0.15138888888888888 0.4432291666666666 0.30277777777777776 0.26875
3 0.07291666666666667 0.23415624999999993 0.14583333333333334 0.1627604166666666
3 0.5 0.17860416666666667 0.18518749999999998 0.14540104166666662
3 0.8784722222222221 0.4338125 0.21064583333333337 0.1627604166666666
1 0.6122708333333333 0.3070729166666667 0.24305555555555566 0.14540104166666667
0 0.5821736111111112 0.48155208333333344 0.2939791666666667 0.17491145833333338