2 0.10625 0.27421875 0.175 0.2046875
2 0.2875 0.3625 0.2375 0.1921875
2 0.171875 0.69609375 0.19166666666666668 0.121875
2 0.5791666666666667 0.81171875 0.29375 0.16875
2 0.7635416666666667 0.63125 0.3416666666666667 0.2484375
2 0.7625 0.3 0.475 0.265625
2 0.4666666666666667 0.23359375 0.39166666666666666 0.2578125
3 0.20104166666666667 0.15 0.23333333333333334 0.128125
3 0.090625 0.4609375 0.18125 0.153125
3 0.365625 0.7734375 0.24166666666666667 0.1765625
1 0.23125 0.56015625 0.22291666666666668 0.1984375
0 0.465625 0.55859375 0.26666666666666666 0.240625