0 0.03828125 0.39479166666666665 0.0765625 0.3729166666666667
0 0.09921875 0.44895833333333335 0.1421875 0.3854166666666667
0 0.47578125 0.7479166666666667 0.1609375 0.15833333333333333
0 0.20859375 0.8833333333333333 0.115625 0.15208333333333332
0 0.3953125 0.8677083333333333 0.2640625 0.14583333333333334
0 0.5484375 0.9447916666666667 0.096875 0.11041666666666666
1 0.078125 0.7979166666666667 0.15625 0.25833333333333336
1 0.91015625 0.9520833333333333 0.0984375 0.09583333333333334
1 0.6078125 0.828125 0.1140625 0.10833333333333334
1 0.93671875 0.6875 0.1046875 0.12083333333333333
1 0.76015625 0.709375 0.1171875 0.08958333333333333