0 0.026041666666666664 0.5167777777777778 0.05208333333333333 0.366201388888889
0 0.09791666666666668 0.47563888888888883 0.10416666666666666 0.36790277777777775
0 0.5015625 0.24971527777777774 0.1489583333333334 0.1306805555555555
0 0.2518229166666667 0.06653472222222222 0.10260416666666669 0.1330625
0 0.43424479166666663 0.11636111111111111 0.25651041666666663 0.10009027777777778
0 0.5958333333333333 0.05868055555555555 0.08541666666666661 0.1173611111111111
1 0.10364583333333333 0.1245347222222222 0.15520833333333334 0.23100694444444442
1 0.9557291666666666 0.11688194444444444 0.08854166666666678 0.10460416666666665
1 0.6416666666666666 0.1948472222222222 0.10625 0.09038194444444443
1 0.9524739583333333 0.39626388888888886 0.09505208333333322 0.10432638888888886
1 0.7796875 0.34034722222222225 0.1114583333333333 0.06888888888888887