0 0.44375 0.24479166666666666 0.4859375 0.38125
0 0.228125 0.9125 0.3375 0.175
0 0.346875 0.8416666666666667 0.1625 0.31666666666666665
0 0.459375 0.9145833333333333 0.125 0.17083333333333334
0 0.79375 0.6125 0.140625 0.27291666666666664
1 0.16640625 0.7447916666666666 0.29375 0.2708333333333333
1 0.1984375 0.515625 0.209375 0.30625
1 0.05859375 0.440625 0.1171875 0.11041666666666666
1 0.87109375 0.5166666666666667 0.2578125 0.3125
1 0.76640625 0.23854166666666668 0.1390625 0.1375
1 0.89609375 0.18645833333333334 0.1375 0.14791666666666667