0 0.4880208333333333 0.23444444444444443 0.4552083333333334 0.25291666666666673
0 0.15416666666666665 0.8873263888888888 0.3083333333333333 0.22534722222222214
0 0.28815104166666666 0.8190763888888888 0.1049479166666667 0.35620833333333335
0 0.38815104166666664 0.9090277777777778 0.09661458333333331 0.18194444444444452
0 0.7669270833333333 0.6977013888888889 0.10156249999999992 0.2488680555555554
1 0.13385416666666666 0.6385208333333333 0.2677083333333333 0.19495833333333343
1 0.20299479166666665 0.4245763888888889 0.16901041666666666 0.2616458333333333
1 0.06822916666666666 0.3063194444444444 0.13645833333333332 0.07027083333333337
1 0.873046875 0.6324097222222221 0.25390625 0.24329861111111123
1 0.8037760416666666 0.32541666666666663 0.12578125 0.10152777777777781
1 0.939453125 0.31309027777777776 0.12109375 0.11506944444444447