2 0.23800000000000002 0.76193 0.11203999999999997 0.021059999999999947
2 0.3838266666666667 0.68853 0.08900000000000005 0.01631
2 0.38566666666666666 0.70159 0.09349333333333334 0.00943000000000005
2 0.3841333333333334 0.70908 0.09125333333333335 0.0066800000000000635
2 0.38525333333333334 0.73092 0.1 0.005460000000000065
2 0.38494666666666666 0.7387900000000001 0.09573333333333332 0.009280000000000043
2 0.39116 0.7469600000000001 0.09756000000000001 0.008819999999999873
2 0.39096000000000003 0.7533 0.1 0.00470000000000006
2 0.38566666666666666 0.76102 0.09389333333333336 0.006990000000000052
3 0.38270666666666664 0.76751 0.08594666666666662 0.004390000000000072
3 0.3845466666666667 0.7164900000000001 0.09369333333333335 0.00470000000000006
1 0.38810666666666666 0.7239 0.09470666666666669 0.005770000000000053
0 0.38016 0.77385 0.07841333333333331 0.00821000000000005
1 0.38566666666666666 0.78126 0.07637333333333333 0.008970000000000056
1 0.37924 0.7898099999999999 0.07413333333333334 0.01142000000000003