2 0.7864583333333334 0.746875 0.05 0.0875
2 0.7208333333333333 0.625 0.03958333333333333 0.06875
2 0.7385416666666667 0.62578125 0.03125 0.0703125
2 0.7489583333333333 0.628125 0.027083333333333334 0.06875
2 0.778125 0.63203125 0.027083333333333334 0.075
2 0.7875 0.63359375 0.03125 0.071875
2 0.7989583333333333 0.63046875 0.03333333333333333 0.0734375
2 0.8072916666666666 0.6328125 0.027083333333333334 0.075
2 0.8166666666666667 0.63828125 0.027083333333333334 0.0703125
3 0.8239583333333333 0.6421875 0.022916666666666665 0.0640625
3 0.7583333333333333 0.6296875 0.025 0.0703125
1 0.76875 0.628125 0.027083333333333334 0.0703125
0 0.8322916666666667 0.64453125 0.027083333333333334 0.059375
1 0.8427083333333333 0.6421875 0.029166666666666667 0.0578125
1 0.853125 0.64921875 0.029166666666666667 0.0578125