2 0.23125 0.24140625 0.1125 0.021875
2 0.37916666666666665 0.31328125 0.08958333333333333 0.0171875
2 0.38125 0.3 0.09375 0.0109375
2 0.37916666666666665 0.2921875 0.09166666666666666 0.0078125
2 0.3802083333333333 0.2703125 0.1 0.00625
2 0.3802083333333333 0.2625 0.09583333333333334 0.0109375
2 0.38645833333333335 0.2546875 0.09791666666666667 0.0109375
2 0.384375 0.2484375 0.1 0.00625
2 0.37916666666666665 0.240625 0.09375 0.0078125
3 0.37604166666666666 0.234375 0.08541666666666667 0.00625
3 0.37916666666666665 0.28515625 0.09375 0.00625
1 0.38333333333333336 0.27734375 0.09375 0.0078125
0 0.37395833333333334 0.22734375 0.07916666666666666 0.009375
1 0.37916666666666665 0.2203125 0.07708333333333334 0.0109375
1 0.3729166666666667 0.21171875 0.075 0.0125