2 0.13333333333333333 0.31024305555555554 0.16041666666666665 0.19548611111111108
2 0.315625 0.42482638888888885 0.17083333333333334 0.19409722222222225
2 0.4604166666666666 0.2887152777777777 0.1729166666666666 0.21909722222222217
2 0.6255208333333333 0.23246527777777776 0.16979166666666662 0.2065972222222222
2 0.4614583333333333 0.7845486111111111 0.22083333333333335 0.2107638888888888
2 0.121875 0.7901041666666667 0.15416666666666665 0.22465277777777787
1 0.2848958333333333 0.6845486111111111 0.19270833333333331 0.196875
1 0.4302083333333333 0.5296875 0.1625 0.22326388888888882
1 0.2671875 0.1991319444444444 0.190625 0.20937499999999998
3 0.12239583333333333 0.5519097222222221 0.18645833333333334 0.2121527777777778
3 0.7369791666666666 0.4046875 0.1739583333333333 0.18159722222222213
3 0.8911458333333332 0.5421875 0.1947916666666667 0.23159722222222215
3 0.6270833333333333 0.6137152777777778 0.19375 0.22743055555555547
3 0.6609375 0.8671875 0.2260416666666666 0.23993055555555548