2 0.31328125 0.9104166666666667 0.1578125 0.14583333333333334
2 0.41875 0.7333333333333333 0.1671875 0.2520833333333333
2 0.3375 0.5229166666666667 0.1859375 0.2604166666666667
2 0.31875 0.296875 0.1765625 0.25416666666666665
2 0.70625 0.590625 0.1875 0.32083333333333336
2 0.6671875 0.959375 0.178125 0.08125
1 0.60703125 0.809375 0.171875 0.28125
1 0.51171875 0.5958333333333333 0.1875 0.24583333333333332
1 0.24375 0.765625 0.1828125 0.28125
3 0.49296875 0.9333333333333333 0.1703125 0.13333333333333333
3 0.46171875 0.17395833333333333 0.159375 0.25416666666666665
3 0.57578125 0.06666666666666667 0.1828125 0.13333333333333333
3 0.60234375 0.34791666666666665 0.1953125 0.2875
3 0.79453125 0.3385416666666667 0.209375 0.3333333333333333