2 0.30234375 0.09895833333333333 0.159375 0.15
2 0.4125 0.2708333333333333 0.1734375 0.25625
2 0.33671875 0.484375 0.1921875 0.26666666666666666
2 0.32421875 0.7114583333333333 0.18125 0.2604166666666667
2 0.703125 0.4 0.19375 0.325
2 0.65546875 0.036458333333333336 0.1796875 0.07291666666666667
1 0.59921875 0.18541666666666667 0.178125 0.28541666666666665
1 0.509375 0.403125 0.1921875 0.2520833333333333
1 0.2375 0.246875 0.1890625 0.2875
3 0.48046875 0.06770833333333333 0.1734375 0.13541666666666666
3 0.4703125 0.8270833333333333 0.1640625 0.25833333333333336
3 0.5875 0.9291666666666667 0.184375 0.14166666666666666
3 0.60625 0.6479166666666667 0.2015625 0.29375
3 0.7984375 0.6479166666666667 0.215625 0.33958333333333335