2 0.06111111111111111 0.07682291666666666 0.12222222222222222 0.0953125
2 0.3622708333333333 0.08138020833333333 0.2708333333333333 0.08290104166666663
2 0.6307847222222221 0.03797916666666666 0.2291666666666666 0.075953125
2 0.8815972222222221 0.02317708333333333 0.17569444444444451 0.04635416666666666
2 0.1087986111111111 0.177734375 0.21759027777777776 0.12282812500000002
2 0.24884027777777776 0.6942291666666667 0.3634236111111111 0.35026041666666663
2 0.7511597222222223 0.6725260416666666 0.4513888888888888 0.32769270833333336
2 0.9606458333333332 0.4398854166666667 0.07870138888888883 0.247828125
1 0.9513888888888888 0.22894791666666664 0.09722222222222214 0.15928645833333333
3 0.7094930555555554 0.23068750000000002 0.4189791666666667 0.18359375
3 0.34953472222222215 0.254125 0.31481250000000005 0.154078125