2 0.9635416666666666 0.11328125 0.07291666666666667 0.1046875
2 0.6947916666666667 0.09453125 0.28125 0.103125
2 0.4322916666666667 0.03828125 0.23958333333333334 0.0765625
2 0.18645833333333334 0.01328125 0.18125 0.0265625
2 0.9083333333333333 0.21015625 0.18333333333333332 0.1390625
2 0.7229166666666667 0.71328125 0.4083333333333333 0.3765625
2 0.23645833333333333 0.6515625 0.47291666666666665 0.3625
2 0.053125 0.403125 0.10625 0.253125
1 0.08958333333333333 0.1953125 0.11875 0.165625
3 0.32916666666666666 0.215625 0.44166666666666665 0.215625
3 0.6833333333333333 0.2671875 0.33541666666666664 0.178125