2 0.8104166666666667 0.03671875 0.14583333333333334 0.0734375
2 0.51875 0.06875 0.2875 0.1234375
2 0.24375 0.06875 0.24583333333333332 0.1109375
2 0.042708333333333334 0.09296875 0.08541666666666667 0.0734375
2 0.79375 0.12421875 0.24583333333333332 0.1546875
2 0.7864583333333334 0.65078125 0.4270833333333333 0.3984375
2 0.3020833333333333 0.7078125 0.5333333333333333 0.3921875
2 0.053125 0.51328125 0.10625 0.2546875
1 0.026041666666666668 0.3046875 0.052083333333333336 0.171875
3 0.225 0.26796875 0.45 0.2453125
3 0.578125 0.2359375 0.35 0.2