2 0.19722222222222222 0.56640625 0.2916666666666667 0.178125
2 0.08055555555555556 0.73515625 0.16111111111111112 0.0859375
2 0.5916666666666667 0.7375 0.26666666666666666 0.0921875
2 0.5138888888888888 0.64453125 0.19722222222222222 0.1703125
2 0.49166666666666664 0.4796875 0.2722222222222222 0.1390625
2 0.7527777777777778 0.321875 0.32222222222222224 0.2046875
2 0.7930555555555555 0.51640625 0.33055555555555555 0.2015625
2 0.8013888888888889 0.67265625 0.2361111111111111 0.1578125
3 0.9569444444444445 0.46328125 0.08611111111111111 0.1859375
1 0.11666666666666667 0.32109375 0.22777777777777777 0.1671875
1 0.4388888888888889 0.33359375 0.26944444444444443 0.234375
0 0.043055555555555555 0.4671875 0.08611111111111111 0.1875