2 0.6234999999999999 0.331625 0.31182407407407403 0.16137499999999996
2 0.925 0.2421875 0.15 0.140625
2 0.9208333333333333 0.55546875 0.15833333333333333 0.1484375
2 0.7566666666666666 0.5103958333333333 0.30037037037037034 0.1074583333333333
2 0.4632037037037037 0.49550520833333334 0.24122222222222214 0.15058854166666666
2 0.17916666666666667 0.6388020833333333 0.35833333333333334 0.17760416666666662
2 0.5233055555555555 0.6649166666666667 0.352175925925926 0.18211979166666675
2 0.8007407407407408 0.6726666666666666 0.2774166666666667 0.12991666666666662
2 0.7045277777777778 0.8438489583333333 0.2979444444444444 0.1545729166666665
2 0.5065555555555556 0.9548958333333333 0.43902777777777763 0.09020833333333336
3 0.4282962962962963 0.8182135416666666 0.32881481481481484 0.16580208333333343
1 0.18826851851851853 0.24925000000000003 0.29320370370370374 0.189328125
1 0.7385185185185186 0.17352604166666669 0.3011018518518518 0.14725520833333333
1 0.20596296296296296 0.46235937499999996 0.4119259259259259 0.14680729166666656
0 0.45172222222222225 0.15275 0.3293796296296296 0.22550520833333332