2 0.3263888888888889 0.65390625 0.35555555555555557 0.1890625
2 0.04861111111111111 0.7125 0.09722222222222222 0.153125
2 0.10277777777777777 0.40390625 0.20277777777777778 0.1609375
2 0.25 0.46484375 0.3277777777777778 0.1359375
2 0.5347222222222222 0.5078125 0.2833333333333333 0.171875
2 0.8263888888888888 0.39453125 0.3472222222222222 0.2109375
2 0.5277777777777778 0.33515625 0.4027777777777778 0.2140625
2 0.2569444444444444 0.30078125 0.3138888888888889 0.1546875
2 0.40555555555555556 0.14140625 0.3416666666666667 0.18125
2 0.6333333333333333 0.05859375 0.46111111111111114 0.1171875
3 0.6694444444444444 0.19375 0.375 0.1953125
1 0.7291666666666666 0.77734375 0.3472222222222222 0.215625
1 0.16666666666666666 0.79765625 0.3333333333333333 0.1734375
1 0.7763888888888889 0.565625 0.44722222222222224 0.184375
0 0.44027777777777777 0.84609375 0.39444444444444443 0.253125