3 0.5736111111111111 0.5890625 0.8416666666666667 0.13125
3 0.5347222222222222 0.5015625 0.65 0.1265625
3 0.5375 0.4359375 0.5555555555555556 0.09375
3 0.5333333333333333 0.3765625 0.49722222222222223 0.08125
3 0.5513888888888889 0.3328125 0.46944444444444444 0.0859375
3 0.5291666666666667 0.28671875 0.4083333333333333 0.0640625
3 0.5152777777777777 0.253125 0.3972222222222222 0.0703125
3 0.49583333333333335 0.22109375 0.32222222222222224 0.0515625
3 0.47638888888888886 0.19375 0.3333333333333333 0.0546875
3 0.4986111111111111 0.1703125 0.3416666666666667 0.04375
3 0.49166666666666664 0.15078125 0.24444444444444444 0.034375
3 0.8708333333333333 0.1671875 0.15833333333333333 0.2828125