3 0.3527777777777778 0.39765625 0.12777777777777777 0.0453125
3 0.2986111111111111 0.475 0.07222222222222222 0.1015625
3 0.3611111111111111 0.5390625 0.1527777777777778 0.0359375
3 0.3194444444444444 0.60703125 0.075 0.096875
3 0.1875 0.63359375 0.1638888888888889 0.0484375
3 0.13333333333333333 0.725 0.08055555555555556 0.1265625
3 0.04722222222222222 0.7546875 0.06944444444444445 0.0734375
3 0.04583333333333333 0.48984375 0.08888888888888889 0.165625
3 0.19722222222222222 0.2875 0.19722222222222222 0.0578125
3 0.1875 0.409375 0.19444444444444445 0.04375
3 0.022222222222222223 0.25703125 0.044444444444444446 0.0609375
3 0.059722222222222225 0.384375 0.11944444444444445 0.06875