3 0.5625 0.59140625 0.8416666666666667 0.0984375
3 0.5333333333333333 0.503125 0.6472222222222223 0.103125
3 0.5458333333333333 0.4375 0.5555555555555556 0.071875
3 0.5486111111111112 0.378125 0.49722222222222223 0.0625
3 0.5722222222222222 0.33515625 0.46944444444444444 0.0671875
3 0.5555555555555556 0.2890625 0.4083333333333333 0.0484375
3 0.5458333333333333 0.2546875 0.39444444444444443 0.0546875
3 0.5305555555555556 0.221875 0.32222222222222224 0.0390625
3 0.5152777777777777 0.19375 0.3333333333333333 0.0421875
3 0.5388888888888889 0.17109375 0.3416666666666667 0.03125
3 0.5347222222222222 0.1515625 0.24444444444444444 0.025
3 0.9111111111111111 0.1828125 0.125 0.28125