3 0.14583333333333334 0.3734375 0.2916666666666667 0.24375
3 0.14166666666666666 0.65234375 0.2833333333333333 0.2515625
3 0.4152777777777778 0.6953125 0.2388888888888889 0.171875
3 0.6652777777777777 0.7171875 0.23055555555555557 0.1328125
3 0.8402777777777778 0.61640625 0.1527777777777778 0.13125
3 0.6111111111111112 0.57890625 0.09166666666666666 0.1765625
3 0.42777777777777776 0.428125 0.2222222222222222 0.05625
3 0.35138888888888886 0.5296875 0.11944444444444445 0.1234375
3 0.6291666666666667 0.3890625 0.09722222222222222 0.1453125
3 0.8263888888888888 0.4859375 0.18055555555555555 0.1421875
3 0.4486111111111111 0.296875 0.28055555555555556 0.1484375