3 0.6861111111111111 0.22734375 0.46111111111111114 0.3015625
3 0.2125 0.23828125 0.425 0.3203125
3 0.1527777777777778 0.46953125 0.3055555555555556 0.1421875
3 0.12916666666666668 0.61171875 0.25 0.1375
3 0.3236111111111111 0.7015625 0.24166666666666667 0.09375
3 0.36944444444444446 0.56953125 0.31666666666666665 0.0609375
3 0.6208333333333333 0.453125 0.1111111111111111 0.1265625
3 0.43472222222222223 0.41953125 0.225 0.0734375
3 0.7083333333333334 0.56328125 0.2611111111111111 0.0609375
3 0.5527777777777778 0.68203125 0.2611111111111111 0.1078125
3 0.8541666666666666 0.453125 0.2777777777777778 0.1640625