3 0.3125 0.57919921875 0.0752256944444444 0.0705078125
3 0.4482118055555556 0.612890625 0.17881944444444445 0.03698242187499989
3 0.5642361111111112 0.579853515625 0.057864583333333365 0.0848339843749999
3 0.6840277777777778 0.60556640625 0.1701388888888889 0.03860351562499993
3 0.7262673611111111 0.680126953125 0.08102430555555544 0.09006835937499993
3 0.8868576388888889 0.713974609375 0.22279513888888908 0.040585937499999857
3 0.9354687500000001 0.815400390625 0.12904513888888877 0.14251953125000014
3 0.7983159722222223 0.87724609375 0.21932291666666678 0.044863281250000143
3 0.3619791666666667 0.8884863281249998 0.08737847222222221 0.12918945312500013
3 0.5352951388888888 0.9334082031249998 0.23147569444444446 0.07581054687500029
3 0.6238368055555555 0.8357421875 0.11921874999999997 0.11484375
3 0.46644097222222225 0.75435546875 0.2905034722222223 0.04319335937499993
3 0.11197916666666667 0.6623828125 0.09664930555555556 0.10992187499999986
3 0.328125 0.67263671875 0.07175347222222221 0.10764648437499993
3 0.05237847222222223 0.821259765625 0.10473958333333333 0.146416015625
3 0.2806770833333333 0.77876953125 0.11574652777777783 0.137626953125