3 0.6055555555555555 0.3828125 0.1361111111111111 0.053125
3 0.6875 0.45234375 0.09722222222222222 0.1046875
3 0.65 0.521875 0.15833333333333333 0.046875
3 0.7166666666666667 0.58359375 0.09722222222222222 0.1
3 0.8555555555555555 0.59375 0.17222222222222222 0.0609375
3 0.9416666666666667 0.67734375 0.10833333333333334 0.1296875
3 0.9375 0.4375 0.125 0.16875
3 0.7166666666666667 0.25703125 0.20833333333333334 0.0734375
3 0.7722222222222223 0.375 0.2 0.059375
3 0.8847222222222222 0.20625 0.07777777777777778 0.0640625
3 0.8916666666666667 0.3359375 0.14722222222222223 0.0765625