3 0.27999999999999997 0.7648203125 0.42666666666666664 0.2852656249999999
3 0.7791666666666667 0.7735703125000001 0.44166666666666665 0.302765625
3 0.8486111111111111 0.54415625 0.30277777777777776 0.1314375
3 0.8833333333333333 0.4033515625 0.23333333333333334 0.12796093749999998
3 0.7008333333333334 0.3064609375 0.2294444444444445 0.0841796875
3 0.6383333333333334 0.435859375 0.31000000000000005 0.04794531249999991
3 0.3736111111111111 0.5418125 0.09722222222222222 0.12361718750000002
3 0.5561111111111111 0.5828984375 0.21666666666666667 0.06607812499999995
3 0.3005555555555556 0.42867187500000004 0.2566666666666667 0.05232812500000002
3 0.4688888888888889 0.31678125 0.24888888888888897 0.09856249999999997
3 0.13999999999999999 0.5324375 0.2577777777777778 0.154875