3 0.5480381944444445 0.40550781249999995 0.8356423611111111 0.05841796875000007
3 0.53328125 0.49520507812500003 0.6383159722222221 0.07178710937500003
3 0.5561284722222222 0.5603125 0.5509201388888889 0.04576171874999986
3 0.5671354166666667 0.61859375 0.4918923611111111 0.038613281249999964
3 0.5969270833333333 0.660908203125 0.4647048611111111 0.04513671875000007
3 0.5873784722222222 0.708115234375 0.4050868055555556 0.028867187499999857
3 0.5830381944444443 0.7424609375 0.39062499999999994 0.035712890624999896
3 0.5740798611111112 0.775673828125 0.3206076388888889 0.02400390624999993
3 0.5619270833333334 0.804482421875 0.3310243055555555 0.02628906250000007
3 0.5908506944444444 0.8261328125 0.3425868055555556 0.014248046874999786
3 0.5885416666666666 0.84501953125 0.24536458333333344 0.012949218749999858
3 0.9583333333333334 0.7958984375 0.08333333333333333 0.27734375