2 0.6510416666666666 0.37109375 0.22708333333333333 0.2796875
2 0.07916666666666666 0.68125 0.07916666666666666 0.3
3 0.13333333333333333 0.675 0.07916666666666666 0.2921875
2 0.17916666666666667 0.6828125 0.058333333333333334 0.2546875
2 0.21041666666666667 0.68203125 0.0625 0.278125
0 0.25833333333333336 0.69140625 0.06041666666666667 0.26875
2 0.28958333333333336 0.6953125 0.06458333333333334 0.26875
0 0.334375 0.68203125 0.06041666666666667 0.275
1 0.37083333333333335 0.6875 0.06041666666666667 0.2640625
1 0.41875 0.6890625 0.06666666666666667 0.265625
2 0.4552083333333333 0.69140625 0.052083333333333336 0.2703125
1 0.49270833333333336 0.69453125 0.0625 0.26875
1 0.5322916666666667 0.69453125 0.05625 0.271875
2 0.5645833333333333 0.69140625 0.04583333333333333 0.2546875
3 0.6052083333333333 0.7015625 0.05416666666666667 0.2375
0 0.6395833333333333 0.71015625 0.052083333333333336 0.2078125
1 0.675 0.68828125 0.06875 0.2359375
0 0.709375 0.70703125 0.07083333333333333 0.2421875