2 0.6793958333333333 0.6060208333333332 0.3634236111111112 0.1557864583333334
2 0.23664583333333328 0.19483854166666664 0.39787500000000003 0.043109374999999985
3 0.24784027777777776 0.23398958333333333 0.38827777777777783 0.04428645833333329
2 0.2395 0.26971875 0.3373125 0.03175520833333332
2 0.24281249999999996 0.29327604166666665 0.36907638888888894 0.032593749999999935
0 0.2318472222222222 0.3291770833333333 0.35627777777777775 0.03068750000000007
2 0.2293333333333333 0.3525625 0.3558263888888888 0.03461458333333338
0 0.24921527777777777 0.3851197916666666 0.36359027777777775 0.03116666666666661
1 0.24384027777777775 0.4136458333333334 0.3505694444444444 0.031661458333333316
1 0.2437291666666667 0.44885937499999995 0.35262499999999997 0.035239583333333435
2 0.24236111111111114 0.47692708333333333 0.3590208333333333 0.024536458333333223
1 0.2405277777777778 0.5046875 0.3553680555555555 0.03205729166666664
1 0.24224305555555556 0.5342447916666666 0.3610763888888889 0.027755208333333316
2 0.24863888888888883 0.5589166666666665 0.33731249999999996 0.022255208333333342
3 0.23721527777777773 0.5890729166666666 0.31445833333333334 0.027718749999999837
0 0.22670138888888883 0.6152916666666666 0.27515277777777775 0.02872916666666665
1 0.258125 0.6409895833333333 0.31286111111111115 0.03899479166666655
0 0.23584722222222218 0.6683177083333334 0.3208611111111111 0.04052083333333343