2 0.684375 0.6015625 0.36875 0.165625
2 0.22291666666666668 0.2015625 0.4 0.0546875
3 0.23541666666666666 0.24140625 0.38958333333333334 0.053125
2 0.22916666666666666 0.2765625 0.33958333333333335 0.040625
2 0.23333333333333334 0.3 0.37083333333333335 0.0421875
0 0.225 0.3359375 0.35833333333333334 0.040625
2 0.22291666666666668 0.359375 0.35833333333333334 0.04375
0 0.24375 0.3921875 0.36666666666666664 0.040625
1 0.23958333333333334 0.4203125 0.35208333333333336 0.040625
1 0.24166666666666667 0.45625 0.3541666666666667 0.0453125
2 0.24166666666666667 0.48359375 0.35833333333333334 0.034375
1 0.240625 0.51171875 0.35833333333333334 0.0421875
1 0.24479166666666666 0.54140625 0.3625 0.0375
2 0.2520833333333333 0.56484375 0.3375 0.03125
3 0.24166666666666667 0.59609375 0.31666666666666665 0.0359375
0 0.23229166666666667 0.62265625 0.27708333333333335 0.0359375
1 0.26458333333333334 0.646875 0.3145833333333333 0.046875
0 0.24375 0.675 0.3229166666666667 0.0484375