2 0.6736112412177986 0.4876125 0.5220983606557377 0.05635000000000012
1 0.6751100702576113 0.5328875 0.525096018735363 0.05181250000000013
1 0.6846838407494145 0.5781750000000001 0.5629789227166275 0.05728749999999998
2 0.6865573770491803 0.617075 0.5742201405152225 0.0375
2 0.6803747072599531 0.656475 0.5355878220140515 0.04873750000000001
2 0.6657423887587822 0.6995000000000001 0.5438501170960188 0.044712499999999974
2 0.6648056206088994 0.7402750000000001 0.5307166276346604 0.031174999999999998
0 0.658248243559719 0.77905 0.5138360655737705 0.04365000000000006
1 0.6565433255269321 0.822575 0.484215456674473 0.040625
2 0.6651803278688525 0.8679 0.4789508196721311 0.03617500000000007
2 0.6542950819672132 0.9036750000000001 0.4497049180327869 0.032649999999999936
2 0.6730491803278689 0.9413124999999999 0.4872131147540983 0.05538749999999979
2 0.28805620608899296 0.1471125 0.47108196721311485 0.030962500000000004
3 0.2861826697892272 0.19113750000000002 0.48983606557377063 0.02893749999999997
2 0.2775456674473068 0.22553750000000003 0.5100889929742388 0.03016249999999996
2 0.2873067915690867 0.2646875 0.529592505854801 0.025887499999999973
2 0.27117564402810307 0.2947 0.5348384074941452 0.03587499999999997
0 0.2767962529274005 0.3361125 0.553592505854801 0.02108749999999997
2 0.2775456674473068 0.36375 0.46508665105386415 0.0338375000000001
3 0.25935362997658085 0.4114 0.4774519906323186 0.026549999999999983
1 0.29498829039812646 0.4384625 0.4962060889929743 0.04061249999999994
3 0.22823419203747072 0.4808625 0.3626978922716629 0.03783750000000001
1 0.21884777517564405 0.5132625000000001 0.38143325526932087 0.025062499999999942
1 0.2134145199063232 0.544775 0.35930679156908674 0.028037499999999937
2 0.22654800936768152 0.5744250000000001 0.3480655737704918 0.04478749999999998
3 0.24530210772833727 0.6100625000000001 0.2655550351288057 0.04351250000000011
3 0.20985480093676817 0.6405875000000001 0.3634473067915691 0.04448749999999997
2 0.21753629976580793 0.6784874999999999 0.3450679156908666 0.032712500000000054
3 0.2278594847775176 0.7123875 0.33942857142857136 0.022937499999999923
2 0.21378922716627638 0.7445250000000001 0.3375550351288055 0.03467500000000001
2 0.20891803278688525 0.778175 0.3503138173302108 0.029400000000000048
2 0.23029508196721316 0.8118250000000001 0.3255644028103045 0.03412499999999987
0 0.23329274004683842 0.8556000000000001 0.331559718969555 0.036599999999999966