2 0.6709601873536299 0.52265625 0.5269320843091335 0.0859375
1 0.6791569086651054 0.47734375 0.5292740046838408 0.08125
1 0.6943793911007026 0.4328125 0.5667447306791569 0.090625
2 0.7002341920374707 0.39375 0.5761124121779859 0.0703125
2 0.7002341920374707 0.3546875 0.5409836065573771 0.0796875
2 0.6920374707259953 0.3109375 0.5480093676814989 0.0765625
2 0.6955503512880562 0.26953125 0.5339578454332553 0.0625
0 0.6943793911007026 0.23125 0.5175644028103045 0.0734375
1 0.6978922716627635 0.1875 0.48711943793911006 0.06875
2 0.7131147540983607 0.14296875 0.48243559718969553 0.0640625
2 0.7072599531615925 0.10625 0.4519906323185012 0.059375
2 0.7306791569086651 0.0703125 0.4918032786885246 0.0828125
2 0.2423887587822014 0.83984375 0.47306791569086654 0.0578125
3 0.2459016393442623 0.7953125 0.4918032786885246 0.0578125
2 0.24941451990632318 0.759375 0.49882903981264637 0.059375
2 0.2611241217798595 0.72109375 0.522248243559719 0.0578125
2 0.25644028103044497 0.69140625 0.5128805620608899 0.0671875
0 0.265807962529274 0.65 0.531615925058548 0.053125
2 0.2611241217798595 0.62265625 0.468384074941452 0.0609375
3 0.24824355971896955 0.57421875 0.48009367681498827 0.0546875
1 0.28805620608899296 0.54921875 0.49882903981264637 0.06875
3 0.22716627634660422 0.503125 0.36768149882903983 0.0578125
1 0.22131147540983606 0.4703125 0.3840749414519906 0.046875
1 0.22014051522248243 0.4390625 0.36065573770491804 0.0484375
2 0.23653395784543327 0.41015625 0.35362997658079626 0.065625
3 0.25995316159250587 0.37578125 0.2693208430913349 0.059375
3 0.22950819672131148 0.34296875 0.36768149882903983 0.0640625
2 0.2423887587822014 0.30625 0.34660421545667447 0.053125
3 0.2576112412177986 0.27265625 0.34192037470725994 0.04375
2 0.24707259953161592 0.23984375 0.3395784543325527 0.053125
2 0.2459016393442623 0.20625 0.35362997658079626 0.05
2 0.2728337236533958 0.1734375 0.32786885245901637 0.053125
0 0.2810304449648712 0.13046875 0.33489461358313816 0.0546875