2 0.4426229508196721 0.38984375 0.1990632318501171 0.3515625
1 0.5081967213114754 0.378125 0.19437939110070257 0.353125
1 0.572599531615925 0.3625 0.2107728337236534 0.378125
2 0.6288056206088993 0.35234375 0.18266978922716628 0.38125
2 0.6873536299765808 0.34765625 0.1920374707259953 0.359375
2 0.7540983606557377 0.346875 0.1873536299765808 0.3640625
2 0.8138173302107728 0.33828125 0.16627634660421545 0.353125
0 0.8711943793911007 0.334375 0.18032786885245902 0.34375
1 0.9250585480093677 0.325 0.14988290398126464 0.321875
3 0.09718969555035128 0.70859375 0.15456674473067916 0.325
2 0.14988290398126464 0.70625 0.1592505854800937 0.3390625
2 0.20491803278688525 0.69140625 0.15690866510538642 0.35
2 0.25175644028103045 0.69453125 0.17330210772833723 0.3546875
0 0.31030444964871196 0.68203125 0.15456674473067916 0.3640625
2 0.351288056206089 0.675 0.15456674473067916 0.3109375
3 0.42505854800936765 0.6765625 0.1451990632318501 0.3171875
1 0.45550351288056207 0.646875 0.17096018735362997 0.33125
3 0.5339578454332553 0.68046875 0.1358313817330211 0.24375
1 0.5831381733021077 0.6796875 0.12177985948477751 0.253125
1 0.629976580796253 0.6765625 0.12177985948477751 0.2390625
2 0.6697892271662763 0.66171875 0.1451990632318501 0.2375
3 0.7177985948477752 0.64140625 0.12412177985948478 0.18125
3 0.7704918032786885 0.65703125 0.1451990632318501 0.2453125
2 0.8231850117096019 0.64375 0.12646370023419204 0.23125
3 0.8711943793911007 0.62890625 0.11007025761124122 0.2265625
2 0.9215456674473068 0.63046875 0.12646370023419204 0.2265625
2 0.955503512880562 0.6265625 0.08899297423887588 0.234375
2 0.9765807962529274 0.6046875 0.0468384074941452 0.21875