0 0.3645833333333333 0.022083115979829593 0.5625 0.038601982263954095
0 0.36527777777777776 0.047817770822465654 0.5888888888888888 0.09563554164493131
1 0.3368055555555555 0.11319770474700051 0.5958333333333332 0.0900712919492262
1 0.3666666666666666 0.17370892018779344 0.6 0.07198748043818466
1 0.34930555555555554 0.23074247956877061 0.548611111111111 0.08589810467744738
1 0.37569444444444444 0.2982090071291949 0.5819444444444444 0.07894279255781605
3 0.3604166666666666 0.3559380977221353 0.548611111111111 0.09702660406885763
3 0.3638888888888888 0.41644931316292816 0.5166666666666666 0.07337854286211097
3 0.3659722222222222 0.47696052860372107 0.5347222222222222 0.07198748043818466
3 0.37361111111111106 0.5319074943488089 0.525 0.06503216831855327
3 0.3833333333333333 0.5958963658494175 0.5527777777777777 0.08450704225352113
2 0.3798611111111111 0.6661450182576942 0.5263888888888889 0.06364110589462696
2 0.3638888888888888 0.720396452790819 0.4666666666666666 0.09424447922100497
2 0.38055555555555554 0.7809076682316118 0.5444444444444443 0.06781429316640582
2 0.39652777777777776 0.8442010085202574 0.5597222222222223 0.05807685619892189
2 0.40555555555555556 0.9019300991131975 0.5583333333333332 0.0594679186228482
2 0.3958333333333333 0.9513128151625803 0.5388888888888888 0.055294731351069264
2 0.37109375 0.9812206572769953 0.5546875 0.03755868544600939