0 0.44921875 0.036776212832550864 0.5609375 0.07355242566510173
0 0.4453125 0.0649452269170579 0.596875 0.1298904538341158
1 0.40546875 0.09311424100156494 0.6015625 0.18622848200312989
1 0.425 0.15571205007824726 0.603125 0.1752738654147105
1 0.3984375 0.20892018779342722 0.5546875 0.17996870109546165
1 0.4125 0.2793427230046948 0.5859375 0.1784037558685446
3 0.3875 0.33411580594679186 0.55625 0.19092331768388107
3 0.38046875 0.3935837245696401 0.521875 0.162754303599374
3 0.371875 0.45461658841940533 0.5390625 0.1643192488262911
3 0.36953125 0.5093896713615024 0.528125 0.1564945226917058
3 0.36875 0.5743348982785602 0.559375 0.17996870109546165
2 0.353125 0.6424100156494522 0.5296875 0.15492957746478872
2 0.328125 0.6940532081377152 0.4765625 0.17370892018779344
2 0.33359375 0.755868544600939 0.546875 0.16118935837245696
2 0.3390625 0.8208137715179968 0.5609375 0.15492957746478872
2 0.3375 0.8794992175273866 0.559375 0.15492957746478872
2 0.31953125 0.9264475743348983 0.540625 0.14710485133020346
2 0.2890625 0.9420970266040689 0.553125 0.11580594679186229