0 0.72578125 0.9311424100156495 0.5484375 0.13771517996870108
0 0.71328125 0.9029733959311425 0.5734375 0.19405320813771518
1 0.71953125 0.8435054773082942 0.5609375 0.21283255086071987
1 0.6984375 0.7910798122065728 0.6015625 0.19561815336463223
1 0.703125 0.7316118935837246 0.5546875 0.19874804381846636
1 0.66328125 0.6713615023474179 0.584375 0.19718309859154928
3 0.66640625 0.6118935837245696 0.55625 0.20970266040688576
3 0.65 0.55320813771518 0.521875 0.17996870109546165
3 0.6359375 0.4945226917057903 0.5375 0.18153364632237873
3 0.6171875 0.44209702660406885 0.5265625 0.17370892018779344
3 0.59375 0.38184663536776214 0.5578125 0.19718309859154928
2 0.58359375 0.3129890453834116 0.528125 0.17214397496087636
2 0.5875 0.25586854460093894 0.4765625 0.18935837245696402
2 0.55859375 0.20031298904538342 0.5453125 0.1784037558685446
2 0.5296875 0.14162754303599373 0.559375 0.17370892018779344
2 0.50859375 0.08685446009389672 0.5578125 0.17370892018779344
2 0.50703125 0.0594679186228482 0.5390625 0.1189358372456964
2 0.5265625 0.03912363067292645 0.55 0.0782472613458529