2 0.971875 0.4984375 0.05625 0.365625
2 0.9302083333333333 0.4859375 0.11041666666666666 0.3578125
2 0.8114583333333333 0.4859375 0.08541666666666667 0.378125
2 0.7625 0.48984375 0.09583333333333334 0.3484375
2 0.69375 0.49375 0.06875 0.3578125
2 0.6604166666666667 0.49140625 0.07291666666666667 0.3875
2 0.546875 0.51015625 0.07083333333333333 0.3625
2 0.5010416666666667 0.4890625 0.08541666666666667 0.3953125
2 0.45 0.4890625 0.06666666666666667 0.3328125
2 0.3958333333333333 0.47421875 0.06666666666666667 0.3109375
2 0.34375 0.47265625 0.05625 0.3328125
2 0.3 0.47109375 0.0875 0.3015625
2 0.271875 0.47265625 0.0875 0.29375
2 0.17291666666666666 0.47265625 0.08125 0.2765625
2 0.04583333333333333 0.48359375 0.0625 0.309375
2 0.014583333333333334 0.47109375 0.029166666666666667 0.2484375
1 0.2125 0.46171875 0.09166666666666666 0.2734375
1 0.846875 0.48515625 0.0875 0.3453125
1 0.596875 0.484375 0.08958333333333333 0.315625
3 0.13645833333333332 0.47265625 0.09583333333333334 0.2953125
3 0.10625 0.4734375 0.05 0.359375
2 0.6041666666666666 0.76015625 0.0875 0.1265625