2 0.48379861111111117 0.13346354166666666 0.4861111111111112 0.055119791666666675
2 0.46643749999999995 0.177734375 0.4745347222222222 0.0707447916666667
2 0.47106250000000005 0.2671458333333333 0.5023125 0.051651041666666675
2 0.47685416666666663 0.3036041666666666 0.4629652777777776 0.05859375
2 0.4849513888888889 0.3548177083333333 0.4745347222222223 0.039494791666666626
2 0.48379861111111117 0.3799895833333333 0.513888888888889 0.041234375000000024
2 0.5115763888888888 0.4650625 0.4814791666666668 0.041234374999999976
2 0.4849513888888889 0.49891666666666656 0.5254652777777777 0.049911458333333235
2 0.4872708333333333 0.537109375 0.44213194444444426 0.039494791666666626
2 0.46990972222222216 0.5787760416666666 0.4120347222222223 0.039494791666666626
2 0.46875 0.6178385416666666 0.4421319444444445 0.03081770833333337
2 0.46875 0.6508229166666666 0.40046527777777785 0.055119791666666626
2 0.4722222222222222 0.67165625 0.38888888888888895 0.055119791666666626
2 0.47453472222222215 0.7463124999999999 0.36574305555555536 0.051651041666666765
2 0.4942152777777777 0.8409270833333332 0.40972222222222215 0.036026041666666585
2 0.4780069444444444 0.8756510416666666 0.3310208333333333 0.036026041666666585
2 0.47453472222222215 0.9069010416666666 0.36574305555555536 0.060328124999999844
1 0.4594930555555555 0.716796875 0.36342361111111116 0.05859375
1 0.4675902777777778 0.240234375 0.4583333333333333 0.0533854166666667
1 0.4756944444444444 0.427734375 0.4189791666666666 0.056859375000000024
3 0.4756944444444444 0.77321875 0.39120138888888883 0.060328125000000024
3 0.47800694444444436 0.7957916666666667 0.4791666666666666 0.02560937499999998
2 0.8425902777777776 0.412109375 0.16666666666666666 0.06119791666666665