2 0.5333333333333333 0.134375 0.4875 0.0671875
2 0.5479166666666667 0.17890625 0.47708333333333336 0.0828125
2 0.5395833333333333 0.26796875 0.5041666666666667 0.0640625
2 0.5322916666666667 0.3046875 0.46458333333333335 0.071875
2 0.5208333333333334 0.35546875 0.47708333333333336 0.0515625
2 0.521875 0.38046875 0.5166666666666667 0.0546875
2 0.490625 0.46484375 0.48333333333333334 0.053125
2 0.5145833333333333 0.49921875 0.5270833333333333 0.0640625
2 0.5104166666666666 0.5375 0.44375 0.05
2 0.5260416666666666 0.5796875 0.41458333333333336 0.05
2 0.5260416666666666 0.61875 0.44375 0.0421875
2 0.5239583333333333 0.6515625 0.40208333333333335 0.065625
2 0.5197916666666667 0.67265625 0.39166666666666666 0.065625
2 0.5135416666666667 0.746875 0.36875 0.0609375
2 0.490625 0.840625 0.4125 0.046875
2 0.5041666666666667 0.87578125 0.3333333333333333 0.0453125
2 0.50625 0.9078125 0.36875 0.0703125
1 0.5302083333333333 0.71796875 0.3645833333333333 0.06875
1 0.5447916666666667 0.24140625 0.46041666666666664 0.065625
1 0.5270833333333333 0.42890625 0.42083333333333334 0.0671875
3 0.5114583333333333 0.77421875 0.39375 0.071875
3 0.5083333333333333 0.796875 0.4791666666666667 0.0375
2 0.16145833333333334 0.40390625 0.16875 0.065625