0 0.7748124999999999 0.455328125 0.34699999999999986 0.09959895833333335
1 0.7843194444444445 0.49810937499999997 0.35413194444444446 0.0835572916666667
1 0.792638888888889 0.5342083333333333 0.33036805555555543 0.07196874999999991
3 0.7878819444444444 0.5747604166666667 0.28758333333333325 0.058598958333333506
3 0.7890763888888889 0.61175 0.24480555555555555 0.029187499999999922
3 0.8164027777777777 0.6456145833333332 0.20202083333333315 0.03275520833333321
3 0.7914513888888889 0.6745833333333333 0.18063194444444453 0.024734374999999885
3 0.7890763888888889 0.7004270833333333 0.14260416666666653 0.02829687500000002
3 0.7528263888888888 0.724046875 0.19370138888888894 0.025624999999999964
3 0.775409722222222 0.7552447916666666 0.13665972222222228 0.014927083333333258
3 0.7153958333333333 0.7663854166666667 0.24242361111111113 0.04077604166666671
3 0.7260902777777777 0.7971302083333333 0.22103472222222229 0.02205729166666659
3 0.7023263888888889 0.8252083333333333 0.26143750000000004 0.030078125
2 0.6583541666666667 0.19775 0.2020208333333334 0.058598958333333326
2 0.7290624999999998 0.25746874999999997 0.17944444444444443 0.030078125
2 0.6197291666666666 0.263703125 0.21034027777777783 0.042557291666666684
2 0.6571666666666667 0.2957916666666666 0.1806319444444443 0.03899479166666673
2 0.5965555555555555 0.30693229166666663 0.17112499999999997 0.0416666666666667
2 0.5918055555555556 0.337234375 0.18300694444444446 0.036317708333333344
2 0.5733888888888888 0.355953125 0.16043055555555555 0.03453645833333328
2 0.5478333333333333 0.3826927083333333 0.13072222222222224 0.02205729166666659
2 0.5525902777777778 0.408984375 0.12834027777777776 0.022947916666666623
2 0.5395138888888888 0.42547395833333324 0.11170833333333328 0.03275520833333338
2 0.5312013888888888 0.45755729166666664 0.0879374999999999 0.014927083333333434
2 0.5347638888888888 0.4811770833333333 0.09506944444444448 0.02829687500000002
2 0.5371388888888888 0.5074687499999999 0.08080555555555549 0.016713541666666564
2 0.5240694444444444 0.5230677083333333 0.09031249999999993 0.01938541666666662
2 0.5199097222222222 0.5498020833333332 0.07011111111111118 0.0211666666666666
2 0.5205 0.5636197916666668 0.06417361111111118 0.02205729166666668
2 0.49495138888888884 0.5912499999999999 0.058229166666666644 0.023843750000000163
2 0.4991111111111111 0.6188802083333333 0.08318749999999996 0.027406249999999945
2 0.49970833333333337 0.6326927083333332 0.08675000000000004 0.014036458333333179
2 0.5032708333333333 0.6536354166666667 0.0534791666666667 0.02205729166666668
2 0.22400694444444444 0.4223541666666666 0.4480138888888889 0.08711979166666665
2 0.25252777777777774 0.48429687499999996 0.4076111111111111 0.045234374999999896
2 0.25727777777777777 0.5310885416666666 0.38859722222222215 0.05681770833333335
2 0.25252777777777774 0.56896875 0.3909722222222222 0.04879687500000003
2 0.22816666666666668 0.6077343749999999 0.42543749999999997 0.042557291666666684
2 0.2352986111111111 0.6509635416666666 0.37077083333333327 0.03275520833333321
2 0.2733263888888889 0.6875052083333333 0.41354861111111113 0.054145833333333296
2 0.2768888888888889 0.732515625 0.32798611111111114 0.014036458333333179
2 0.23886111111111105 0.7605885416666667 0.3018472222222222 0.023843750000000163
2 0.21984722222222222 0.7868802083333333 0.3517569444444444 0.026515624999999866
2 0.21747222222222226 0.8105 0.3161041666666666 0.043447916666666676
2 0.20974305555555553 0.848828125 0.38621527777777787 0.047015624999999873