0 0.775 0.54453125 0.34791666666666665 0.1
1 0.784375 0.5015625 0.3541666666666667 0.0828125
1 0.7927083333333333 0.465625 0.33125 0.071875
3 0.7875 0.425 0.2875 0.059375
3 0.7895833333333333 0.38828125 0.24583333333333332 0.0296875
3 0.8166666666666667 0.3546875 0.20208333333333334 0.0328125
3 0.7916666666666666 0.32578125 0.18125 0.025
3 0.7895833333333333 0.29921875 0.14166666666666666 0.028125
3 0.753125 0.27578125 0.19375 0.025
3 0.775 0.24453125 0.1375 0.015625
3 0.715625 0.23359375 0.24166666666666667 0.040625
3 0.7260416666666667 0.203125 0.22083333333333333 0.021875
3 0.7020833333333333 0.175 0.2604166666666667 0.0296875
2 0.6583333333333333 0.80234375 0.20208333333333334 0.059375
2 0.7291666666666666 0.7421875 0.17916666666666667 0.0296875
2 0.6197916666666666 0.7359375 0.21041666666666667 0.0421875
2 0.6572916666666667 0.70390625 0.18125 0.0390625
2 0.596875 0.69296875 0.17083333333333334 0.0421875
2 0.5916666666666667 0.6625 0.18333333333333332 0.0359375
2 0.5729166666666666 0.64375 0.16041666666666668 0.034375
2 0.5479166666666667 0.6171875 0.13125 0.021875
2 0.5520833333333334 0.590625 0.12916666666666668 0.0234375
2 0.5395833333333333 0.57421875 0.1125 0.0328125
2 0.53125 0.5421875 0.0875 0.015625
2 0.534375 0.51875 0.09583333333333334 0.028125
2 0.5375 0.4921875 0.08125 0.0171875
2 0.5239583333333333 0.4765625 0.08958333333333333 0.01875
2 0.5197916666666667 0.45 0.07083333333333333 0.021875
2 0.5208333333333334 0.43671875 0.06458333333333334 0.021875
2 0.4947916666666667 0.40859375 0.058333333333333334 0.0234375
2 0.49895833333333334 0.38125 0.08333333333333333 0.028125
2 0.5 0.3671875 0.0875 0.0140625
2 0.503125 0.34609375 0.05416666666666667 0.021875
2 0.22395833333333334 0.57734375 0.4479166666666667 0.0875
2 0.2520833333333333 0.515625 0.4083333333333333 0.0453125
2 0.25729166666666664 0.46875 0.38958333333333334 0.05625
2 0.2520833333333333 0.43125 0.39166666666666666 0.0484375
2 0.228125 0.3921875 0.425 0.0421875
2 0.23541666666666666 0.34921875 0.37083333333333335 0.0328125
2 0.27291666666666664 0.3125 0.41458333333333336 0.0546875
2 0.27708333333333335 0.2671875 0.32708333333333334 0.0140625
2 0.23854166666666668 0.2390625 0.3020833333333333 0.0234375
2 0.21979166666666666 0.21328125 0.35208333333333336 0.0265625
2 0.21770833333333334 0.18984375 0.31666666666666665 0.04375
2 0.209375 0.1515625 0.3854166666666667 0.046875