0 0.21875 0.503125 0.36875 0.15625
1 0.22291666666666668 0.54609375 0.37083333333333335 0.140625
1 0.225 0.5828125 0.34375 0.1265625
3 0.24270833333333333 0.621875 0.29791666666666666 0.10625
3 0.25104166666666666 0.6578125 0.24791666666666667 0.0703125
3 0.23541666666666666 0.6953125 0.20625 0.065625
3 0.2677083333333333 0.71875 0.18333333333333332 0.0546875
3 0.278125 0.74453125 0.14583333333333334 0.0515625
3 0.32083333333333336 0.7609375 0.19583333333333333 0.0578125
3 0.30833333333333335 0.7953125 0.13958333333333334 0.0390625
3 0.3697916666666667 0.79609375 0.24791666666666667 0.0796875
3 0.36875 0.82734375 0.22083333333333333 0.0578125
3 0.4010416666666667 0.85078125 0.2625 0.0734375
2 0.2552083333333333 0.23203125 0.21458333333333332 0.0921875
2 0.20416666666666666 0.30234375 0.18333333333333332 0.059375
2 0.3125 0.290625 0.21666666666666667 0.0765625
2 0.28541666666666665 0.328125 0.1875 0.06875
2 0.34791666666666665 0.328125 0.17916666666666667 0.0703125
2 0.3614583333333333 0.35703125 0.18958333333333333 0.065625
2 0.3854166666666667 0.371875 0.16666666666666666 0.0609375
2 0.41770833333333335 0.39375 0.13541666666666666 0.04375
2 0.421875 0.4203125 0.13333333333333333 0.0453125
2 0.4395833333333333 0.434375 0.11875 0.0515625
2 0.45729166666666665 0.4640625 0.08958333333333333 0.0296875
2 0.46041666666666664 0.4875 0.10208333333333333 0.04375
2 0.465625 0.5140625 0.08333333333333333 0.0296875
2 0.48333333333333334 0.5265625 0.09375 0.0328125
2 0.49583333333333335 0.55234375 0.075 0.0328125
2 0.49895833333333334 0.56484375 0.06875 0.0328125
2 0.5322916666666667 0.58828125 0.06458333333333334 0.0328125
2 0.5364583333333334 0.615625 0.08958333333333333 0.0421875
2 0.5395833333333333 0.6296875 0.08958333333333333 0.028125
2 0.5427083333333333 0.65078125 0.058333333333333334 0.0296875
2 0.7458333333333333 0.378125 0.4625 0.1609375
2 0.7364583333333333 0.44296875 0.4125 0.1125
2 0.7458333333333333 0.48984375 0.3958333333333333 0.1203125
2 0.7625 0.525 0.3958333333333333 0.1125
2 0.7916666666666666 0.559375 0.4166666666666667 0.1125
2 0.803125 0.60234375 0.37083333333333335 0.0953125
2 0.7770833333333333 0.64453125 0.42083333333333334 0.1234375
2 0.7875 0.6890625 0.3229166666666667 0.06875
2 0.8333333333333334 0.71015625 0.3020833333333333 0.0734375
2 0.8416666666666667 0.73203125 0.31666666666666665 0.0859375
2 0.853125 0.75390625 0.29375 0.0953125
2 0.8458333333333333 0.78984375 0.30833333333333335 0.1109375