2 0.990625 0.70703125 0.01875 0.3015625
2 0.9739583333333334 0.7078125 0.052083333333333336 0.309375
1 0.9395833333333333 0.7171875 0.07708333333333334 0.29375
2 0.89375 0.71328125 0.07291666666666667 0.3046875
2 0.8395833333333333 0.7140625 0.07291666666666667 0.2859375
2 0.8 0.71328125 0.07291666666666667 0.2953125
3 0.7520833333333333 0.7171875 0.08541666666666667 0.2921875
3 0.7208333333333333 0.715625 0.06666666666666667 0.2859375
3 0.6770833333333334 0.709375 0.06041666666666667 0.284375
3 0.63125 0.7109375 0.07083333333333333 0.2953125
3 0.6 0.7078125 0.06458333333333334 0.2625
3 0.5583333333333333 0.71875 0.075 0.2609375
3 0.5072916666666667 0.71640625 0.052083333333333336 0.2578125
3 0.47604166666666664 0.725 0.07916666666666666 0.25
2 0.4322916666666667 0.71640625 0.0625 0.2578125
1 0.39166666666666666 0.71484375 0.05416666666666667 0.2421875
0 0.359375 0.73515625 0.06666666666666667 0.2359375
2 0.32708333333333334 0.74296875 0.07083333333333333 0.19375
2 0.28125 0.73671875 0.06666666666666667 0.20625
2 0.246875 0.76015625 0.05625 0.2015625
2 0.2125 0.7296875 0.05416666666666667 0.2421875
2 0.17395833333333333 0.7359375 0.04791666666666667 0.2375
3 0.13541666666666666 0.7265625 0.052083333333333336 0.20625
2 0.109375 0.73671875 0.0625 0.175
2 0.06875 0.7265625 0.052083333333333336 0.1765625
3 0.03854166666666667 0.746875 0.05 0.2265625
2 0.078125 0.48046875 0.10416666666666667 0.23125
2 0.019791666666666666 0.48125 0.03958333333333333 0.25