2 0.7354166666666667 0.97265625 0.42083333333333334 0.0546875
2 0.7197916666666667 0.99140625 0.39375 0.0171875
2 0.7364583333333333 0.9453125 0.42916666666666664 0.078125
2 0.75 0.90390625 0.40625 0.0796875
2 0.7520833333333333 0.87421875 0.41458333333333336 0.0703125
1 0.7666666666666667 0.840625 0.39375 0.071875
2 0.7635416666666667 0.80625 0.4083333333333333 0.0703125
2 0.7666666666666667 0.765625 0.38333333333333336 0.0703125
2 0.76875 0.7359375 0.3958333333333333 0.06875
3 0.7760416666666666 0.7 0.39166666666666666 0.0796875
3 0.775 0.6765625 0.38333333333333336 0.065625
3 0.7697916666666667 0.64375 0.37916666666666665 0.0609375
3 0.7739583333333333 0.609375 0.3958333333333333 0.0671875
3 0.7708333333333334 0.5859375 0.35208333333333336 0.0609375
3 0.7885416666666667 0.5546875 0.35 0.06875
3 0.7875 0.51640625 0.34375 0.0515625
3 0.8010416666666667 0.49375 0.33541666666666664 0.071875
2 0.7916666666666666 0.46015625 0.34375 0.059375
1 0.7916666666666666 0.4296875 0.3229166666666667 0.053125
0 0.8208333333333333 0.40703125 0.31666666666666665 0.0625
2 0.8322916666666667 0.3828125 0.2604166666666667 0.0640625
2 0.8270833333333333 0.34921875 0.27708333333333335 0.059375
2 0.859375 0.32421875 0.2708333333333333 0.053125
2 0.8208333333333333 0.296875 0.3229166666666667 0.053125
2 0.83125 0.26875 0.31666666666666665 0.0484375
3 0.8208333333333333 0.2390625 0.275 0.0484375
2 0.8354166666666667 0.2203125 0.23541666666666666 0.05625
2 0.8239583333333333 0.1890625 0.23541666666666666 0.0484375
3 0.85 0.16640625 0.3 0.0484375
2 0.49583333333333335 0.1828125 0.3125 0.090625
2 0.503125 0.12578125 0.3375 0.071875