2 0.20868055555555554 0.034375 0.41736111111111107 0.048958333333333326
2 0.22118055555555555 0.01015625 0.39375 0.0203125
2 0.21284722222222222 0.07161458333333333 0.42569444444444443 0.05052083333333333
2 0.20418055555555553 0.11369791666666666 0.4015972222222222 0.05307291666666666
2 0.2052013888888889 0.14375 0.41039583333333335 0.04337499999999998
1 0.19436805555555553 0.17781770833333335 0.3887291666666666 0.04678645833333335
2 0.20249305555555555 0.21214062499999997 0.4049791666666666 0.04308854166666667
2 0.2034513888888889 0.252859375 0.37813888888888886 0.04457291666666663
2 0.2055208333333333 0.28292708333333333 0.3924236111111111 0.04379166666666663
3 0.20238888888888884 0.31852083333333325 0.38785416666666656 0.055333333333333366
3 0.20565277777777774 0.34219791666666666 0.3791527777777778 0.04050000000000002
3 0.2150625 0.3738489583333333 0.3776666666666667 0.036541666666666736
3 0.2147777777777778 0.4089114583333333 0.3923263888888889 0.0419375
3 0.21991666666666662 0.43226041666666665 0.3484583333333332 0.03914062500000011
3 0.20626388888888889 0.4642604166666667 0.3465277777777777 0.0473020833333333
3 0.2116944444444444 0.502578125 0.34215972222222213 0.030020833333333385
3 0.20060416666666664 0.5255885416666667 0.33183333333333326 0.050661458333333444
2 0.21362499999999998 0.55821875 0.3426388888888888 0.037239583333333395
1 0.21756250000000002 0.5892604166666666 0.3217569444444444 0.03206249999999997
0 0.1912847222222222 0.6128958333333333 0.3114930555555555 0.04252083333333321
2 0.18271527777777777 0.6382916666666667 0.2571319444444444 0.04763020833333318
2 0.19180555555555553 0.6720260416666666 0.2736180555555555 0.042760416666666676
2 0.16286805555555553 0.6983229166666666 0.26650694444444445 0.03570312500000004
2 0.20375694444444445 0.7234375 0.3212083333333334 0.03263020833333332
2 0.19649305555555555 0.7521927083333333 0.3151527777777777 0.027958333333333307
3 0.21047222222222223 0.7812604166666667 0.2720347222222222 0.031515625000000116
2 0.19748611111111108 0.8010208333333333 0.2308402777777778 0.04057812499999995
2 0.2137708333333333 0.8313645833333332 0.23293749999999996 0.0327395833333334
3 0.18697916666666667 0.8549166666666667 0.2995069444444444 0.030348958333333443
2 0.5409861111111111 0.8155416666666666 0.30696527777777766 0.0708906250000001
2 0.5404791666666665 0.8726614583333333 0.3328958333333333 0.04933333333333323