2 0.81640625 0.809375 0.1640625 0.38125
2 0.72421875 0.79140625 0.1171875 0.4171875
2 0.6796875 0.78515625 0.121875 0.425
2 0.6375 0.79375 0.1140625 0.3515625
2 0.59296875 0.76015625 0.0890625 0.3625
2 0.5546875 0.75234375 0.1015625 0.34375
2 0.52109375 0.7421875 0.090625 0.325
2 0.49609375 0.728125 0.0921875 0.340625
2 0.4640625 0.753125 0.0796875 0.2921875
3 0.9 0.253125 0.2 0.38125
3 0.82421875 0.2375 0.128125 0.3046875
3 0.75859375 0.2515625 0.078125 0.303125
3 0.73828125 0.21171875 0.0921875 0.2515625
3 0.7 0.2109375 0.0703125 0.2359375
3 0.66796875 0.21328125 0.065625 0.1828125
3 0.63515625 0.2046875 0.0609375 0.2109375