2 0.7953125 0.15546875 0.409375 0.1296875
2 0.78046875 0.24921875 0.4390625 0.0796875
2 0.76796875 0.29609375 0.4265625 0.0859375
2 0.78125 0.3375 0.35 0.084375
2 0.75078125 0.384375 0.365625 0.0578125
2 0.746875 0.4234375 0.3453125 0.071875
2 0.73984375 0.45859375 0.325 0.0625
2 0.72734375 0.48359375 0.340625 0.0640625
2 0.75546875 0.5140625 0.29375 0.0546875
3 0.21796875 0.1125 0.371875 0.1921875
3 0.21015625 0.2 0.3015625 0.103125
3 0.2296875 0.2640625 0.3046875 0.053125
3 0.1921875 0.28828125 0.25 0.071875
3 0.19453125 0.32578125 0.2359375 0.05
3 0.19921875 0.3578125 0.18125 0.05
3 0.19453125 0.390625 0.2109375 0.04375