2 0.2285885416666667 0.1309739583333333 0.41518229166666654 0.09397395833333332
2 0.2404375 0.22613020833333333 0.43888541666666664 0.04182291666666664
2 0.25059895833333334 0.2735416666666667 0.42398437499999986 0.04859374999999995
2 0.23400520833333333 0.3135 0.34745312500000003 0.05401562499999999
2 0.26008333333333333 0.3629427083333333 0.36438541666666674 0.02692187500000003
2 0.2607604166666667 0.4022291666666666 0.3427083333333333 0.04182291666666664
2 0.264484375 0.437109375 0.3230677083333333 0.034375
2 0.27497916666666666 0.463859375 0.33864583333333337 0.03369791666666675
2 0.2441666666666667 0.4916302083333333 0.2919114583333333 0.029630208333333387
3 0.8151249999999999 0.13808333333333334 0.35964583333333333 0.16102604166666667
3 0.8151249999999999 0.22680729166666666 0.2959791666666664 0.07839583333333333
3 0.7900625 0.2884427083333333 0.3027499999999999 0.02692187500000003
3 0.8249427083333334 0.3155364583333333 0.2465364583333333 0.04994791666666672
3 0.8191875 0.3534635416666666 0.23502083333333346 0.029630208333333387
3 0.812078125 0.38461979166666665 0.18016145833333325 0.03369791666666666
3 0.8141093749999999 0.4181458333333333 0.20996354166666675 0.024890624999999923