1 0.8548611111111111 0.435546875 0.26805555555555555 0.0515625
1 0.8618055555555556 0.46015625 0.26666666666666666 0.04765625
1 0.8784722222222222 0.483203125 0.24305555555555555 0.05078125
1 0.8930555555555556 0.50625 0.21388888888888888 0.0421875
1 0.9083333333333333 0.529296875 0.18333333333333332 0.04140625
1 0.9159722222222222 0.5515625 0.16805555555555557 0.0375
1 0.9208333333333333 0.5734375 0.15833333333333333 0.0390625
1 0.9298611111111111 0.592578125 0.14027777777777778 0.03515625
1 0.9368055555555556 0.6125 0.12638888888888888 0.0375
1 0.9430555555555555 0.631640625 0.11388888888888889 0.03515625
1 0.9527777777777777 0.6515625 0.09444444444444444 0.0265625
0 0.9694444444444444 0.672265625 0.06111111111111111 0.03515625
0 0.9875 0.694140625 0.025 0.02109375
0 0.9868055555555556 0.715234375 0.02638888888888889 0.02421875
0 0.9791666666666666 0.758203125 0.041666666666666664 0.02578125
0 0.9694444444444444 0.7796875 0.06111111111111111 0.0296875
0 0.9763888888888889 0.80234375 0.04722222222222222 0.03125
0 0.9805555555555555 0.819921875 0.03888888888888889 0.02734375
0 0.9833333333333333 0.83671875 0.03333333333333333 0.028125
0 0.9840277777777777 0.873046875 0.03194444444444444 0.03046875
0 0.9472222222222222 0.89453125 0.10555555555555556 0.0375