3 0.7710590277777778 0.354375 0.4356423611111112 0.02594726562500005
3 0.7800868055555555 0.38322265625 0.43980902777777786 0.01618164062500005
3 0.7689756944444445 0.413701171875 0.4268576388888889 0.01984375000000005
3 0.7697916666666667 0.4446875 0.4030034722222221 0.029746093750000036
3 0.7488368055555555 0.472041015625 0.39119791666666676 0.027148437499999956
3 0.7570659722222222 0.50380859375 0.4006944444444446 0.022988281249999964
3 0.7592534722222221 0.530244140625 0.3888888888888888 0.026386718749999982
3 0.760295138888889 0.562216796875 0.3793923611111112 0.01871093750000008
3 0.7741840277777778 0.58896484375 0.39791666666666653 0.02662109374999999
3 0.73078125 0.62158203125 0.2810243055555556 0.02806640625000001
2 0.75046875 0.025087890625 0.4731423611111111 0.028310546875000002
2 0.7679340277777778 0.0569921875 0.4641145833333334 0.028056640624999997
2 0.78796875 0.09052734375 0.4185243055555554 0.030800781249999992
2 0.7951388888888888 0.125107421875 0.4097222222222222 0.02729492187499999
2 0.7946701388888889 0.156162109375 0.3995312500000001 0.02977539062500001
2 0.7813715277777777 0.190771484375 0.36133680555555553 0.02712890625000003
2 0.7854166666666667 0.2222265625 0.36249999999999993 0.039248046875
2 0.7984895833333334 0.255625 0.3863368055555556 0.03287109374999997
2 0.7932812500000002 0.289619140625 0.3689756944444445 0.029492187500000044
2 0.8008159722222222 0.3223046875 0.36319444444444454 0.029765625000000018
1 0.7584548611111112 0.653857421875 0.3108854166666666 0.01968750000000008
1 0.7508159722222223 0.6787890625 0.3743055555555555 0.02919921875000009
1 0.74953125 0.708154296875 0.3324131944444445 0.021523437499999964
1 0.7513888888888889 0.7370703125 0.33611111111111114 0.02726562500000007
1 0.7444444444444445 0.763564453125 0.32222222222222224 0.019062499999999982
1 0.7459548611111112 0.788642578125 0.295138888888889 0.021025390624999973
0 0.7579861111111111 0.81734375 0.3469965277777779 0.019843749999999938
0 0.7520833333333332 0.8460546875 0.36064236111111103 0.023886718750000036
0 0.7338020833333334 0.876142578125 0.32869791666666676 0.02416015625000001
0 0.7291666666666666 0.901796875 0.375 0.031191406250000053
0 0.7472222222222222 0.94060546875 0.35555555555555546 0.03068359375000007
0 0.7424826388888889 0.968798828125 0.31133680555555565 0.01805664062500001
0 0.7372743055555556 0.990947265625 0.3310243055555555 0.018095703124999973