2 0.5885416666666666 0.59375 0.3645833333333333 0.193359375
2 0.6041666666666666 0.7080078125 0.19618055555555555 0.0380859375
2 0.6128472222222222 0.72021484375 0.16666666666666666 0.0283203125
2 0.6241319444444444 0.732421875 0.16493055555555555 0.0302734375
2 0.6223958333333334 0.74560546875 0.13368055555555555 0.021484375
2 0.6614583333333334 0.748046875 0.11458333333333333 0.01953125
2 0.6762152777777778 0.75634765625 0.08680555555555555 0.0205078125
2 0.7013888888888888 0.76171875 0.0798611111111111 0.01953125
0 0.19444444444444445 0.1455078125 0.3888888888888889 0.1796875
0 0.2795138888888889 0.21826171875 0.11805555555555555 0.037109375
0 0.3142361111111111 0.236328125 0.11458333333333333 0.03125
0 0.3098958333333333 0.2578125 0.08333333333333333 0.0205078125
0 0.3177083333333333 0.27197265625 0.09722222222222222 0.0234375
0 0.3333333333333333 0.2861328125 0.0954861111111111 0.01953125
0 0.3359375 0.298828125 0.08680555555555555 0.0244140625
0 0.3506944444444444 0.31982421875 0.08333333333333333 0.0244140625
0 0.3446180555555556 0.33837890625 0.0625 0.015625
0 0.34375 0.35498046875 0.06597222222222222 0.0166015625
0 0.3784722222222222 0.37255859375 0.09895833333333333 0.025390625
0 0.3810763888888889 0.39013671875 0.0920138888888889 0.02734375
0 0.3862847222222222 0.4052734375 0.08854166666666667 0.0185546875
0 0.3862847222222222 0.42138671875 0.0798611111111111 0.0322265625
0 0.3949652777777778 0.43359375 0.08159722222222222 0.015625
0 0.3975694444444444 0.4443359375 0.07118055555555555 0.0224609375
0 0.4053819444444444 0.4580078125 0.06770833333333333 0.0234375
0 0.4192708333333333 0.4716796875 0.07118055555555555 0.0224609375
0 0.4210069444444444 0.48486328125 0.057291666666666664 0.0263671875
0 0.11805555555555555 0.29736328125 0.2361111111111111 0.1787109375
0 0.09635416666666667 0.3984375 0.19270833333333334 0.048828125
0 0.0954861111111111 0.41845703125 0.1909722222222222 0.0419921875
0 0.11024305555555555 0.435546875 0.2204861111111111 0.046875
0 0.09461805555555555 0.45947265625 0.1892361111111111 0.0419921875
0 0.10416666666666667 0.4775390625 0.20833333333333334 0.0390625
0 0.1076388888888889 0.49267578125 0.17881944444444445 0.029296875
0 0.11197916666666667 0.51025390625 0.19270833333333334 0.0380859375
0 0.13020833333333334 0.5283203125 0.1736111111111111 0.0322265625
0 0.13194444444444445 0.54345703125 0.1545138888888889 0.029296875
0 0.16493055555555555 0.552734375 0.19618055555555555 0.0341796875
0 0.14322916666666666 0.57177734375 0.140625 0.03125
0 0.1623263888888889 0.5859375 0.14930555555555555 0.0302734375