3 0.58390625 0.3975 0.8321701388888889 0.179443359375
3 0.6148784722222222 0.519580078125 0.7002256944444445 0.05249999999999999
3 0.6656597222222222 0.573828125 0.6079340277777777 0.045449218749999964
3 0.6584201388888888 0.628447265625 0.5066493055555554 0.03912109374999995
3 0.6759201388888889 0.6680859375 0.46932291666666676 0.02236328125000009
3 0.6403298611111111 0.70462890625 0.3229166666666667 0.02872070312500008
3 0.65421875 0.74060546875 0.3391145833333334 0.02580078125000007
3 0.6498784722222222 0.7694921875 0.31307291666666676 0.02010742187499992
3 0.6261631944444445 0.79123046875 0.2887673611111112 0.01962890624999991
3 0.6196527777777778 0.813603515625 0.25550347222222214 0.013935546874999982
3 0.6137152777777778 0.832001953125 0.26967013888888897 0.021425781250000053
3 0.6401909722222222 0.8532421875 0.23293402777777772 0.023222656249999973