2 0.5850694444444444 0.5947265625 0.3611111111111111 0.1904296875
2 0.5980902777777778 0.708984375 0.19618055555555555 0.0361328125
2 0.6059027777777778 0.72119140625 0.1684027777777778 0.0263671875
2 0.6163194444444444 0.7333984375 0.16493055555555555 0.0283203125
2 0.6154513888888888 0.74658203125 0.13368055555555555 0.0205078125
2 0.6536458333333334 0.74951171875 0.11458333333333333 0.0185546875
2 0.6684027777777778 0.7578125 0.08680555555555555 0.01953125
2 0.6935763888888888 0.763671875 0.0798611111111111 0.0185546875
0 0.1996527777777778 0.14306640625 0.3993055555555556 0.1767578125
0 0.2881944444444444 0.21630859375 0.11805555555555555 0.0361328125
0 0.3220486111111111 0.234375 0.11458333333333333 0.0302734375
0 0.3168402777777778 0.255859375 0.08333333333333333 0.01953125
0 0.3246527777777778 0.27001953125 0.09722222222222222 0.0224609375
0 0.3394097222222222 0.28466796875 0.0954861111111111 0.0185546875
0 0.3420138888888889 0.29736328125 0.08680555555555555 0.0244140625
0 0.3559027777777778 0.318359375 0.08333333333333333 0.0234375
0 0.3498263888888889 0.3369140625 0.0625 0.0146484375
0 0.3480902777777778 0.353515625 0.06597222222222222 0.015625
0 0.3819444444444444 0.37158203125 0.09895833333333333 0.0244140625
0 0.3845486111111111 0.38916015625 0.0920138888888889 0.0263671875
0 0.3888888888888889 0.40380859375 0.08854166666666667 0.017578125
0 0.3880208333333333 0.419921875 0.0798611111111111 0.0322265625
0 0.3967013888888889 0.4326171875 0.08159722222222222 0.0146484375
0 0.3993055555555556 0.44287109375 0.07118055555555555 0.021484375
0 0.40625 0.45703125 0.06770833333333333 0.0234375
0 0.4201388888888889 0.47119140625 0.07118055555555555 0.021484375
0 0.4210069444444444 0.484375 0.057291666666666664 0.0263671875
0 0.12065972222222222 0.29296875 0.24131944444444445 0.17578125
0 0.09809027777777778 0.3935546875 0.19618055555555555 0.046875
0 0.09722222222222222 0.41455078125 0.19444444444444445 0.0400390625
0 0.1111111111111111 0.43212890625 0.2222222222222222 0.0439453125
0 0.09635416666666667 0.45556640625 0.19270833333333334 0.0400390625
0 0.10503472222222222 0.4736328125 0.20833333333333334 0.037109375
0 0.1076388888888889 0.48876953125 0.17881944444444445 0.0283203125
0 0.1111111111111111 0.50634765625 0.19270833333333334 0.0361328125
0 0.1293402777777778 0.5244140625 0.1736111111111111 0.0302734375
0 0.1310763888888889 0.53955078125 0.15625 0.02734375
0 0.16319444444444445 0.5498046875 0.19618055555555555 0.0322265625
0 0.14149305555555555 0.568359375 0.140625 0.029296875
0 0.1597222222222222 0.58251953125 0.14930555555555555 0.0283203125