3 0.5876736111111112 0.40625 0.8246527777777778 0.25
3 0.6076388888888888 0.529296875 0.7065972222222222 0.11328125
3 0.6432291666666666 0.58740234375 0.6128472222222222 0.0986328125
3 0.6206597222222222 0.640625 0.5121527777777778 0.0830078125
3 0.6267361111111112 0.681640625 0.4704861111111111 0.0634765625
3 0.5815972222222222 0.71435546875 0.3263888888888889 0.056640625
3 0.5850694444444444 0.7509765625 0.3420138888888889 0.0556640625
3 0.5729166666666666 0.779296875 0.3142361111111111 0.0478515625
3 0.5434027777777778 0.798828125 0.2899305555555556 0.044921875
3 0.53125 0.8203125 0.2569444444444444 0.0361328125
3 0.5199652777777778 0.837890625 0.2725694444444444 0.044921875
3 0.5399305555555556 0.861328125 0.2361111111111111 0.04296875