3 0.28020833333333334 0.69921875 0.4097222222222222 0.1390625
3 0.27743055555555557 0.7911458333333333 0.33541666666666664 0.057291666666666664
0 0.7590277777777777 0.6408854166666667 0.3597222222222222 0.1328125
0 0.7826388888888889 0.7229166666666667 0.32013888888888886 0.04739583333333333
0 0.815625 0.7588541666666667 0.3215277777777778 0.04479166666666667
1 0.24270833333333333 0.5450520833333333 0.2826388888888889 0.08489583333333334
1 0.24513888888888888 0.5934895833333333 0.25069444444444444 0.026041666666666668
1 0.15763888888888888 0.6171875 0.08680555555555555 0.0234375
2 0.5298611111111111 0.50625 0.24583333333333332 0.08125
2 0.54375 0.56015625 0.2625 0.03333333333333333
2 0.49375 0.5869791666666667 0.1326388888888889 0.03125
2 0.49166666666666664 0.60625 0.09166666666666666 0.0359375
2 0.6357638888888889 0.5260416666666666 0.004861111111111111 0.05416666666666667