3 0.30416666666666664 0.7127604166666667 0.4201388888888889 0.16458333333333333
3 0.3121527777777778 0.8046875 0.3375 0.07864583333333333
0 0.7746527777777777 0.6234375 0.37083333333333335 0.1546875
0 0.8072916666666666 0.7036458333333333 0.3215277777777778 0.06770833333333333
0 0.8413194444444444 0.7372395833333333 0.3173611111111111 0.06510416666666667
1 0.24895833333333334 0.56171875 0.28888888888888886 0.10260416666666666
1 0.2569444444444444 0.6096354166666667 0.25069444444444444 0.0421875
1 0.17256944444444444 0.6390625 0.08888888888888889 0.029166666666666667
2 0.5305555555555556 0.5041666666666667 0.2520833333333333 0.09635416666666667
2 0.5506944444444445 0.55703125 0.26319444444444445 0.05
2 0.5038194444444445 0.5869791666666667 0.13472222222222222 0.03958333333333333
2 0.5041666666666667 0.60625 0.09513888888888888 0.041666666666666664
2 0.6385416666666667 0.5171875 0.011111111111111112 0.05364583333333333