2 0.6065972222222222 0.4817708333333333 0.21597222222222223 0.029166666666666667
2 0.6142361111111111 0.5208333333333334 0.19722222222222222 0.029166666666666667
2 0.6121527777777778 0.5390625 0.1736111111111111 0.0265625
2 0.6173611111111111 0.5752604166666667 0.18055555555555555 0.0265625
2 0.6333333333333333 0.6494791666666667 0.16458333333333333 0.023958333333333335
2 0.6475694444444444 0.7036458333333333 0.15694444444444444 0.026041666666666668
0 0.6048611111111111 0.45859375 0.21875 0.035416666666666666
0 0.6184027777777777 0.5567708333333333 0.22430555555555556 0.027604166666666666
0 0.61875 0.5950520833333334 0.19375 0.030208333333333334
0 0.65 0.7395833333333334 0.18888888888888888 0.024479166666666666
0 0.6489583333333333 0.7760416666666666 0.16458333333333333 0.027083333333333334
3 0.6111111111111112 0.5010416666666667 0.18125 0.028645833333333332
3 0.6427083333333333 0.7221354166666667 0.1701388888888889 0.0234375
1 0.6295138888888889 0.6127604166666667 0.1673611111111111 0.029166666666666667
1 0.63125 0.6296875 0.16666666666666666 0.028645833333333332
1 0.6361111111111111 0.66484375 0.19027777777777777 0.035416666666666666
1 0.6461805555555555 0.6856770833333333 0.1597222222222222 0.027083333333333334
1 0.6569444444444444 0.7559895833333333 0.15486111111111112 0.029166666666666667