2 0.6090277777777777 0.4973958333333333 0.21666666666666667 0.0265625
2 0.6065972222222222 0.53671875 0.19722222222222222 0.0265625
2 0.6003472222222223 0.5541666666666667 0.1736111111111111 0.024479166666666666
2 0.5961805555555556 0.590625 0.18055555555555555 0.024479166666666666
2 0.5927083333333333 0.665625 0.16458333333333333 0.021875
2 0.5930555555555556 0.72109375 0.15694444444444444 0.024479166666666666
0 0.6135416666666667 0.47421875 0.21875 0.0328125
0 0.6017361111111111 0.57265625 0.22430555555555556 0.025
0 0.5923611111111111 0.6104166666666667 0.19375 0.028125
0 0.5864583333333333 0.7565104166666666 0.18958333333333333 0.021875
0 0.5760416666666667 0.7924479166666667 0.16458333333333333 0.025
3 0.6086805555555556 0.5169270833333334 0.18125 0.026041666666666668
3 0.5836805555555555 0.7385416666666667 0.1701388888888889 0.020833333333333332
1 0.5982638888888889 0.6291666666666667 0.1673611111111111 0.027083333333333334
1 0.5958333333333333 0.64609375 0.16666666666666666 0.0265625
1 0.5916666666666667 0.68125 0.19027777777777777 0.0328125
1 0.5961805555555556 0.703125 0.1597222222222222 0.025
1 0.5888888888888889 0.7736979166666667 0.15486111111111112 0.027604166666666666