3 0.564453125 0.34423828125 0.7799479166666666 0.3271484375
3 0.5670572916666666 0.54150390625 0.4947916666666667 0.0771484375
3 0.5813802083333334 0.57470703125 0.3046875 0.0439453125
2 0.5807291666666666 0.603515625 0.3723958333333333 0.0625
2 0.583984375 0.6416015625 0.328125 0.0615234375
2 0.58203125 0.6728515625 0.2708333333333333 0.0458984375
2 0.5911458333333334 0.6953125 0.3098958333333333 0.0478515625
2 0.607421875 0.716796875 0.2890625 0.0380859375
2 0.5950520833333334 0.7412109375 0.2578125 0.041015625
2 0.6119791666666666 0.7607421875 0.24348958333333334 0.033203125
2 0.6217447916666666 0.78076171875 0.23307291666666666 0.033203125
2 0.6263020833333334 0.80126953125 0.20963541666666666 0.033203125