2 0.40347222222222223 0.36276041666666664 0.38680555555555557 0.06979166666666667
2 0.4152777777777778 0.3971354166666667 0.3541666666666667 0.06354166666666666
2 0.41388888888888886 0.43255208333333334 0.35208333333333336 0.06354166666666666
2 0.4326388888888889 0.45989583333333334 0.32916666666666666 0.051041666666666666
2 0.4440972222222222 0.4864583333333333 0.32569444444444445 0.04791666666666667
2 0.4392361111111111 0.5190104166666667 0.30833333333333335 0.052083333333333336
2 0.4423611111111111 0.55234375 0.29375 0.05416666666666667
2 0.4444444444444444 0.5809895833333333 0.2798611111111111 0.05416666666666667
2 0.44131944444444443 0.6130208333333333 0.25277777777777777 0.04739583333333333
2 0.4423611111111111 0.6463541666666667 0.24444444444444444 0.04583333333333333
2 0.446875 0.6791666666666667 0.2465277777777778 0.0484375
2 0.4465277777777778 0.7109375 0.2298611111111111 0.04375
2 0.4600694444444444 0.7375 0.25069444444444444 0.0421875
2 0.45625 0.7674479166666667 0.23333333333333334 0.049479166666666664
1 0.12916666666666668 0.5346354166666667 0.2548611111111111 0.04739583333333333
1 0.13680555555555557 0.5684895833333333 0.25833333333333336 0.04635416666666667
1 0.13854166666666667 0.59609375 0.24930555555555556 0.04739583333333333
1 0.14027777777777778 0.6231770833333333 0.23402777777777778 0.044270833333333336
1 0.14583333333333334 0.6494791666666667 0.24027777777777778 0.042708333333333334
1 0.15069444444444444 0.6755208333333333 0.23541666666666666 0.041666666666666664
1 0.15729166666666666 0.6979166666666666 0.23333333333333334 0.03854166666666667
1 0.1625 0.7213541666666666 0.22916666666666666 0.041666666666666664
1 0.16909722222222223 0.7502604166666667 0.21805555555555556 0.04583333333333333
0 0.7916666666666666 0.6252604166666667 0.4166666666666667 0.1171875
0 0.8079861111111111 0.6911458333333333 0.3840277777777778 0.075
3 0.8256944444444444 0.7408854166666666 0.3486111111111111 0.07239583333333334
3 0.8378472222222222 0.7747395833333334 0.32430555555555557 0.0703125
3 0.8527777777777777 0.8143229166666667 0.29444444444444445 0.0796875