2 0.3680555555555556 0.6462821403752605 0.44375 0.1250868658790827
2 0.3326388888888889 0.7056984016678248 0.36736111111111114 0.10979847116052814
2 0.3572916666666667 0.7762334954829743 0.36527777777777776 0.10910354412786658
2 0.35520833333333335 0.8276580958999306 0.3861111111111111 0.11118832522585129
2 0.325 0.8801250868658791 0.3388888888888889 0.10006949270326616
2 0.3107638888888889 0.9249478804725504 0.33819444444444446 0.09034051424600417
2 0.2934027777777778 0.9551772063933287 0.3548611111111111 0.08964558721334259
0 0.4684027777777778 0.03161917998610146 0.5909722222222222 0.06323835997220292
0 0.4583333333333333 0.056636553161918 0.5694444444444444 0.113273106323836
1 0.4510416666666667 0.10910354412786658 0.55 0.16400277970813065
1 0.43368055555555557 0.16817234190410008 0.5444444444444444 0.1674774148714385
1 0.4232638888888889 0.2334954829742877 0.5305555555555556 0.15149409312022238
1 0.4201388888888889 0.28318276580959 0.5298611111111111 0.14940931202223767
3 0.41006944444444443 0.3561501042390549 0.47638888888888886 0.13273106323835998
3 0.38229166666666664 0.40757470465601114 0.4201388888888889 0.1299513551077137
3 0.3753472222222222 0.46143154968728284 0.44305555555555554 0.11396803335649756
3 0.37256944444444445 0.5135510771369006 0.4625 0.12161223071577484
3 0.3579861111111111 0.5715774843641418 0.40625 0.11813759555246699