2 0.4423611111111111 0.6883252258512856 0.4395833333333333 0.16191799861014594
2 0.43506944444444445 0.7571230020847811 0.3645833333333333 0.13968033356497567
2 0.4875 0.810632383599722 0.3625 0.13898540653231412
2 0.5072916666666667 0.8582348853370396 0.38263888888888886 0.14315496872828354
2 0.5017361111111112 0.9186935371785963 0.33611111111111114 0.12786657400972898
2 0.5076388888888889 0.953092425295344 0.3347222222222222 0.09381514940931203
2 0.5052083333333334 0.9701181375955524 0.3506944444444444 0.059763724808895066
0 0.27534722222222224 0.07400972897845726 0.5506944444444445 0.1480194579569145
0 0.2743055555555556 0.09937456567060458 0.5486111111111112 0.1959694232105629
1 0.290625 0.16643502432244614 0.5458333333333333 0.20917303683113272
1 0.29965277777777777 0.22724113968033358 0.5409722222222222 0.2126476719944406
1 0.3177083333333333 0.29082696316886725 0.5256944444444445 0.19527449617790132
1 0.33611111111111114 0.3373870743571925 0.525 0.1931897150799166
3 0.3576388888888889 0.40757470465601114 0.4722222222222222 0.1723419041000695
3 0.3541666666666667 0.4662960389159138 0.4173611111111111 0.1646977067407922
3 0.3704861111111111 0.51772063933287 0.43819444444444444 0.15149409312022238
3 0.3902777777777778 0.56636553161918 0.45694444444444443 0.16052814454482278
3 0.4017361111111111 0.6250868658790827 0.4027777777777778 0.15149409312022238