3 0.478125 0.778125 0.35833333333333334 0.0296875
3 0.475 0.8067708333333333 0.2916666666666667 0.025520833333333333
2 0.4840277777777778 0.14348958333333334 0.49236111111111114 0.0640625
2 0.4826388888888889 0.1859375 0.46875 0.034375
2 0.48020833333333335 0.2786458333333333 0.45069444444444445 0.03229166666666667
2 0.4732638888888889 0.31145833333333334 0.4326388888888889 0.033854166666666664
2 0.46875 0.35208333333333336 0.4236111111111111 0.028645833333333332
2 0.46458333333333335 0.3890625 0.4284722222222222 0.028645833333333332
2 0.47708333333333336 0.4778645833333333 0.3840277777777778 0.028125
2 0.4857638888888889 0.5036458333333333 0.38472222222222224 0.028125
2 0.46770833333333334 0.5419270833333333 0.3548611111111111 0.0328125
2 0.47291666666666665 0.5731770833333333 0.34444444444444444 0.029166666666666667
2 0.4708333333333333 0.6091145833333333 0.3236111111111111 0.029166666666666667
2 0.4621527777777778 0.64609375 0.3104166666666667 0.026041666666666668
2 0.4732638888888889 0.6770833333333334 0.3125 0.028125
2 0.4600694444444444 0.74453125 0.29097222222222224 0.027604166666666666
2 0.4600694444444444 0.84140625 0.25 0.027604166666666666
2 0.478125 0.8729166666666667 0.2763888888888889 0.03697916666666667
2 0.46805555555555556 0.9067708333333333 0.2513888888888889 0.034375
1 0.4840277777777778 0.23645833333333333 0.4527777777777778 0.043229166666666666
1 0.4690972222222222 0.4388020833333333 0.3701388888888889 0.028645833333333332
1 0.4732638888888889 0.7138020833333333 0.2743055555555556 0.023958333333333335