2 0.41180555555555554 0.184375 0.2902777777777778 0.052083333333333336
2 0.409375 0.21223958333333334 0.25763888888888886 0.043229166666666666
2 0.40520833333333334 0.23098958333333333 0.25 0.03697916666666667
2 0.40034722222222224 0.2552083333333333 0.24444444444444444 0.03697916666666667
2 0.39375 0.2794270833333333 0.23958333333333334 0.044270833333333336
2 0.39166666666666666 0.30364583333333334 0.2388888888888889 0.041666666666666664
2 0.39166666666666666 0.32421875 0.24375 0.043229166666666666
2 0.38993055555555556 0.3463541666666667 0.2569444444444444 0.044270833333333336
2 0.38958333333333334 0.36666666666666664 0.2722222222222222 0.04635416666666667
2 0.37430555555555556 0.40989583333333335 0.24583333333333332 0.04583333333333333
2 0.37743055555555555 0.4296875 0.24583333333333332 0.03958333333333333
2 0.37395833333333334 0.44869791666666664 0.23958333333333334 0.0390625
2 0.36041666666666666 0.4901041666666667 0.23541666666666666 0.0359375
2 0.3614583333333333 0.5104166666666666 0.2361111111111111 0.03697916666666667
2 0.35347222222222224 0.5276041666666667 0.22569444444444445 0.0375
2 0.3506944444444444 0.5481770833333334 0.22777777777777777 0.0375
2 0.3368055555555556 0.56796875 0.2 0.04114583333333333
2 0.32534722222222223 0.6341145833333334 0.19444444444444445 0.03333333333333333
2 0.30277777777777776 0.69375 0.19305555555555556 0.0375
2 0.32083333333333336 0.7192708333333333 0.2125 0.028645833333333332
2 0.3121527777777778 0.7408854166666666 0.18055555555555555 0.03333333333333333
2 0.3013888888888889 0.7609375 0.1763888888888889 0.030208333333333334
2 0.29618055555555556 0.7796875 0.16041666666666668 0.029166666666666667
2 0.29930555555555555 0.8200520833333333 0.16319444444444445 0.029166666666666667
2 0.29131944444444446 0.8424479166666666 0.1486111111111111 0.025520833333333333
1 0.36701388888888886 0.38723958333333336 0.22847222222222222 0.0390625
1 0.31666666666666665 0.65703125 0.18819444444444444 0.033854166666666664
3 0.284375 0.8666666666666667 0.1625 0.034895833333333334
3 0.29618055555555556 0.80078125 0.15486111111111112 0.030729166666666665
3 0.3368055555555556 0.6158854166666666 0.18958333333333333 0.03333333333333333
3 0.33784722222222224 0.5911458333333334 0.2152777777777778 0.03958333333333333
3 0.3590277777777778 0.47265625 0.22291666666666668 0.03958333333333333
0 0.3267361111111111 0.6755208333333333 0.17777777777777778 0.029166666666666667