2 0.2670138888888889 0.22916666666666666 0.2881944444444444 0.07760416666666667
2 0.2777777777777778 0.2557291666666667 0.25555555555555554 0.065625
2 0.2829861111111111 0.27421875 0.2465277777777778 0.059375
2 0.2899305555555556 0.2981770833333333 0.24166666666666667 0.058854166666666666
2 0.2954861111111111 0.32265625 0.2375 0.06510416666666667
2 0.30486111111111114 0.3458333333333333 0.23680555555555555 0.0625
2 0.31493055555555555 0.3651041666666667 0.24166666666666667 0.06458333333333334
2 0.32395833333333335 0.38619791666666664 0.2548611111111111 0.06666666666666667
2 0.3333333333333333 0.40520833333333334 0.26944444444444443 0.06979166666666667
2 0.33958333333333335 0.44973958333333336 0.24444444444444444 0.0671875
2 0.35173611111111114 0.4671875 0.24305555555555555 0.0609375
2 0.3579861111111111 0.4859375 0.23680555555555555 0.06041666666666667
2 0.36493055555555554 0.5283854166666667 0.2326388888888889 0.05677083333333333
2 0.3753472222222222 0.546875 0.23333333333333334 0.0578125
2 0.3763888888888889 0.5651041666666666 0.22291666666666668 0.057291666666666664
2 0.3836805555555556 0.58515625 0.22569444444444445 0.0578125
2 0.3798611111111111 0.6072916666666667 0.19930555555555557 0.058333333333333334
2 0.4010416666666667 0.6721354166666667 0.19236111111111112 0.050520833333333334
2 0.4083333333333333 0.7338541666666667 0.19236111111111112 0.05416666666666667
2 0.4375 0.7528645833333333 0.20972222222222223 0.04791666666666667
2 0.43993055555555555 0.7752604166666667 0.17916666666666667 0.04895833333333333
2 0.4392361111111111 0.7971354166666667 0.175 0.04583333333333333
2 0.44340277777777776 0.8161458333333333 0.1597222222222222 0.043229166666666666
2 0.4652777777777778 0.8526041666666667 0.1625 0.043229166666666666
2 0.46875 0.87578125 0.14722222222222223 0.03854166666666667
1 0.321875 0.43046875 0.2263888888888889 0.058854166666666666
1 0.40381944444444445 0.69609375 0.18680555555555556 0.05
3 0.4739583333333333 0.9002604166666667 0.16180555555555556 0.04895833333333333
3 0.4534722222222222 0.8356770833333333 0.15416666666666667 0.044270833333333336
3 0.403125 0.6520833333333333 0.18819444444444444 0.05
3 0.3920138888888889 0.62890625 0.21388888888888888 0.058333333333333334
3 0.35520833333333335 0.5122395833333333 0.22083333333333333 0.058854166666666666
0 0.4222222222222222 0.7104166666666667 0.17569444444444443 0.04479166666666667