3 0.2465277777777778 0.30442708333333335 0.34930555555555554 0.0546875
3 0.21805555555555556 0.4822916666666667 0.30486111111111114 0.058854166666666666
3 0.22847222222222222 0.5138020833333333 0.28194444444444444 0.04635416666666667
3 0.16805555555555557 0.7502604166666667 0.22569444444444445 0.03697916666666667
3 0.17152777777777778 0.8330729166666667 0.2388888888888889 0.040625
2 0.2878472222222222 0.019010416666666665 0.34375 0.03802083333333333
2 0.27881944444444445 0.04739583333333333 0.3333333333333333 0.06979166666666667
2 0.28715277777777776 0.08333333333333333 0.325 0.06614583333333333
2 0.2791666666666667 0.11979166666666667 0.33958333333333335 0.06354166666666666
2 0.2642361111111111 0.19869791666666667 0.3138888888888889 0.06458333333333334
2 0.26284722222222223 0.23802083333333332 0.2951388888888889 0.059375
2 0.27361111111111114 0.2716145833333333 0.30625 0.06041666666666667
2 0.2565972222222222 0.3424479166666667 0.30069444444444443 0.051041666666666666
2 0.25763888888888886 0.3768229166666667 0.27291666666666664 0.05677083333333333
2 0.2361111111111111 0.4119791666666667 0.25625 0.044270833333333336
2 0.23506944444444444 0.44375 0.24722222222222223 0.0515625
2 0.21666666666666667 0.5434895833333333 0.2111111111111111 0.029166666666666667
2 0.1579861111111111 0.6234375 0.19722222222222222 0.04791666666666667
2 0.1482638888888889 0.65234375 0.1840277777777778 0.030729166666666665
2 0.16319444444444445 0.6776041666666667 0.19930555555555557 0.0390625
2 0.15 0.703125 0.1527777777777778 0.033854166666666664
2 0.16354166666666667 0.73125 0.1625 0.022916666666666665
2 0.17152777777777778 0.7815104166666667 0.18611111111111112 0.03333333333333333
2 0.175 0.8052083333333333 0.175 0.030208333333333334
1 0.26944444444444443 0.1625 0.32083333333333336 0.059895833333333336
1 0.20069444444444445 0.5651041666666666 0.2847222222222222 0.043229166666666666
0 0.19618055555555555 0.5885416666666666 0.23333333333333334 0.04010416666666667