2 0.33177083333333335 0.0828125 0.45625 0.165625
2 0.29791666666666666 0.165625 0.38958333333333334 0.12291666666666666
2 0.2791666666666667 0.22109375 0.25364583333333335 0.096875
2 0.28046875 0.2734375 0.23229166666666667 0.07864583333333333
2 0.28125 0.30833333333333335 0.21822916666666667 0.0796875
2 0.27421875 0.34869791666666666 0.1953125 0.06979166666666667
2 0.284375 0.3924479166666667 0.19583333333333333 0.06770833333333333
2 0.26901041666666664 0.41796875 0.18125 0.0546875
2 0.44505208333333335 0.3341145833333333 0.12291666666666666 0.20052083333333334
3 0.8497395833333333 0.22447916666666667 0.30052083333333335 0.2125
3 0.8736979166666666 0.32838541666666665 0.2526041666666667 0.09114583333333333
3 0.8864583333333333 0.36770833333333336 0.22708333333333333 0.08125
3 0.8786458333333333 0.40546875 0.19947916666666668 0.0671875
3 0.8356770833333333 0.42734375 0.265625 0.08229166666666667
3 0.8473958333333333 0.4591145833333333 0.21145833333333333 0.0671875
3 0.8322916666666667 0.4869791666666667 0.2015625 0.06770833333333333
3 0.6973958333333333 0.3296875 0.096875 0.18125