2 0.22682291666666668 0.09921875 0.43645833333333334 0.15520833333333334
2 0.22291666666666668 0.22447916666666667 0.3921875 0.042708333333333334
2 0.21822916666666667 0.2828125 0.25104166666666666 0.04635416666666667
2 0.23203125 0.3333333333333333 0.23229166666666667 0.03125
2 0.24140625 0.36692708333333335 0.2171875 0.0359375
2 0.24427083333333333 0.4078125 0.19479166666666667 0.030208333333333334
2 0.26484375 0.4479166666666667 0.19583333333333333 0.027604166666666666
2 0.2559895833333333 0.47630208333333335 0.1828125 0.0171875
2 0.40677083333333336 0.35234375 0.08645833333333333 0.18802083333333333
3 0.81015625 0.13854166666666667 0.35833333333333334 0.1421875
3 0.8338541666666667 0.23984375 0.28020833333333334 0.033854166666666664
3 0.8453125 0.27786458333333336 0.23125 0.034375
3 0.8442708333333333 0.31666666666666665 0.2 0.0265625
3 0.8080729166666667 0.34817708333333336 0.2677083333333333 0.027604166666666666
3 0.8270833333333333 0.3763020833333333 0.2125 0.0234375
3 0.81953125 0.40703125 0.20208333333333334 0.0265625
3 0.6502604166666667 0.2869791666666667 0.0625 0.1734375