2 0.32107843137254904 0.14093959731543623 0.6421568627450981 0.1476510067114094
2 0.32965686274509803 0.19714765100671142 0.6348039215686274 0.13590604026845637
2 0.3333333333333333 0.24328859060402686 0.6225490196078431 0.12416107382550336
2 0.3590686274509804 0.2911073825503356 0.6225490196078431 0.14093959731543623
2 0.36151960784313725 0.34060402684563756 0.5857843137254902 0.13758389261744966
2 0.38357843137254904 0.3901006711409396 0.5465686274509803 0.12583892617449666
2 0.3946078431372549 0.4412751677852349 0.49264705882352944 0.11577181208053691
2 0.4117647058823529 0.48825503355704697 0.42892156862745096 0.09395973154362416
2 0.3872549019607843 0.5243288590604027 0.4730392156862745 0.12751677852348994
2 0.44485294117647056 0.5713087248322147 0.4411764705882353 0.10067114093959731
2 0.4387254901960784 0.6082214765100671 0.4534313725490196 0.11577181208053691
2 0.44730392156862747 0.6552013422818792 0.4068627450980392 0.10067114093959731
2 0.5245098039215687 0.8766778523489933 0.4068627450980392 0.09228187919463088
2 0.5318627450980392 0.8380872483221476 0.41421568627450983 0.08389261744966443
2 0.5036764705882353 0.8070469798657718 0.3235294117647059 0.06879194630872483
2 0.4963235294117647 0.7701342281879194 0.2965686274509804 0.07718120805369127
2 0.5147058823529411 0.7307046979865772 0.35784313725490197 0.08053691275167785
2 0.47058823529411764 0.6988255033557047 0.33088235294117646 0.07885906040268456
3 0.8357843137254902 0.572986577181208 0.3284313725490196 0.23657718120805368