2 0.5392156862745098 0.11912751677852348 0.6666666666666666 0.1476510067114094
2 0.5245098039215687 0.1761744966442953 0.6348039215686274 0.13590604026845637
2 0.5 0.21895973154362416 0.6225490196078431 0.12416107382550336
2 0.4950980392156863 0.2701342281879195 0.6225490196078431 0.14093959731543623
2 0.4681372549019608 0.3162751677852349 0.5857843137254902 0.13758389261744966
2 0.45955882352941174 0.36661073825503354 0.5465686274509803 0.12583892617449666
2 0.4387254901960784 0.41694630872483224 0.49264705882352944 0.11577181208053691
2 0.4252450980392157 0.46476510067114096 0.42892156862745096 0.09395973154362416
2 0.38235294117647056 0.49077181208053694 0.4730392156862745 0.12751677852348994
2 0.4068627450980392 0.549496644295302 0.4411764705882353 0.10067114093959731
2 0.3799019607843137 0.5822147651006712 0.4534313725490196 0.11577181208053691
2 0.3602941176470588 0.62751677852349 0.4068627450980392 0.10067114093959731
2 0.2977941176470588 0.8515100671140939 0.4068627450980392 0.09228187919463088
2 0.3284313725490196 0.8179530201342282 0.41421568627450983 0.08389261744966443
2 0.32107843137254904 0.7818791946308725 0.3235294117647059 0.06879194630872483
2 0.33578431372549017 0.7458053691275168 0.2965686274509804 0.07718120805369127
2 0.3762254901960784 0.714765100671141 0.35784313725490197 0.08053691275167785
2 0.3541666666666667 0.6736577181208053 0.33088235294117646 0.07885906040268456
3 0.7683823529411765 0.662751677852349 0.34068627450980393 0.23657718120805368