1 0.5123106060606061 0.35473815461346636 0.4791666666666667 0.07481296758104738
1 0.4990530303030303 0.6913965087281796 0.2916666666666667 0.03366583541147132
2 0.5236742424242424 0.4295511221945137 0.4412878787878788 0.02743142144638404
2 0.5321969696969697 0.46384039900249374 0.4166666666666667 0.034912718204488775
2 0.5198863636363636 0.4981296758104738 0.3693181818181818 0.028678304239401497
2 0.5227272727272727 0.6034912718204489 0.35984848484848486 0.0399002493765586
2 0.5265151515151515 0.6620947630922693 0.3390151515151515 0.03366583541147132
2 0.5369318181818182 0.7263092269326683 0.3143939393939394 0.03366583541147132
0 0.5189393939393939 0.5392768079800498 0.4053030303030303 0.03615960099750624
3 0.5113636363636364 0.5679551122194514 0.32386363636363635 0.02369077306733167
3 0.5028409090909091 0.6321695760598504 0.3409090909090909 0.029925187032418952