1 0.5350378787878788 0.3566084788029925 0.48674242424242425 0.10723192019950124
1 0.46875 0.6907730673316709 0.29545454545454547 0.05361596009975062
2 0.5350378787878788 0.4314214463840399 0.4412878787878788 0.057356608478802994
2 0.5378787878787878 0.46633416458852867 0.4185606060606061 0.06359102244389027
2 0.5198863636363636 0.4993765586034913 0.3693181818181818 0.05361596009975062
2 0.5056818181818182 0.6047381546134664 0.36174242424242425 0.06483790523690773
2 0.5009469696969697 0.662718204488778 0.3428030303030303 0.05610972568578554
2 0.5009469696969697 0.7275561097256857 0.3162878787878788 0.05486284289276808
0 0.5132575757575758 0.5405236907730673 0.4071969696969697 0.06359102244389027
3 0.5009469696969697 0.5685785536159601 0.32386363636363635 0.046134663341645885
3 0.48200757575757575 0.6315461346633416 0.3428030303030303 0.05361596009975062