3 0.6261829652996845 0.026022304832713755 0.47003154574132494 0.05204460966542751
3 0.6230283911671924 0.04275092936802974 0.4227129337539432 0.058240396530359353
3 0.6167192429022083 0.06257744733581165 0.3943217665615142 0.05328376703841388
3 0.5757097791798107 0.13073110285006195 0.41324921135646686 0.055762081784386616
3 0.5646687697160884 0.1493184634448575 0.3753943217665615 0.05204460966542751
3 0.22712933753943218 0.7069392812887236 0.35331230283911674 0.04956629491945477
3 0.2192429022082019 0.724907063197026 0.3438485804416404 0.05080545229244114
3 0.2113564668769716 0.7472118959107806 0.3280757097791798 0.04460966542750929
3 0.1861198738170347 0.7614622057001239 0.3722397476340694 0.05328376703841388
3 0.17350157728706625 0.7856257744733581 0.34069400630914826 0.04460966542750929
3 0.15930599369085174 0.8029739776951673 0.3186119873817035 0.042131350681536554
2 0.6009463722397477 0.08736059479553904 0.4069400630914827 0.057001239157372985
2 0.5930599369085173 0.10842627013630732 0.38485804416403785 0.05452292441140025
2 0.5457413249211357 0.17100371747211895 0.41009463722397477 0.058240396530359353
2 0.5331230283911672 0.19144981412639406 0.4195583596214511 0.05947955390334572
2 0.5078864353312302 0.21065675340768278 0.38170347003154576 0.05452292441140025
2 0.5078864353312302 0.23296158612143741 0.3911671924290221 0.06071871127633209
2 0.4968454258675079 0.2527881040892193 0.3753943217665615 0.055762081784386616
2 0.48580441640378547 0.2738537794299876 0.3943217665615142 0.055762081784386616
2 0.471608832807571 0.30111524163568776 0.38801261829652994 0.05452292441140025
2 0.47003154574132494 0.3159851301115242 0.40063091482649843 0.057001239157372985
2 0.4558359621451104 0.34014869888475835 0.3943217665615142 0.05947955390334572
2 0.43690851735015773 0.362453531598513 0.3943217665615142 0.05452292441140025
2 0.43690851735015773 0.38042131350681535 0.41009463722397477 0.058240396530359353
2 0.4195583596214511 0.40086741016109045 0.3911671924290221 0.055762081784386616
2 0.4116719242902208 0.42193308550185876 0.39747634069400634 0.058240396530359353
2 0.3990536277602524 0.44175960346964066 0.39747634069400634 0.05452292441140025
2 0.3864353312302839 0.4634448574969021 0.3911671924290221 0.05204460966542751
2 0.32334384858044163 0.5241635687732342 0.35646687697160884 0.04708798017348203
2 0.30441640378548895 0.5433705080545229 0.3722397476340694 0.04956629491945477
2 0.2981072555205047 0.5631970260223048 0.3312302839116719 0.04584882280049566
2 0.2807570977917981 0.5842627013630731 0.3312302839116719 0.04708798017348203
2 0.25709779179810727 0.6028500619578686 0.34069400630914826 0.04708798017348203
2 0.24290220820189273 0.620817843866171 0.3438485804416404 0.04460966542750929
2 0.23974763406940064 0.6394052044609665 0.3627760252365931 0.05080545229244114
2 0.22082018927444794 0.661090458488228 0.34069400630914826 0.04584882280049566
2 0.2302839116719243 0.6809169764560099 0.3501577287066246 0.04584882280049566
2 0.1498422712933754 0.8246592317224287 0.2996845425867508 0.040892193308550186
2 0.1498422712933754 0.8469640644361834 0.2996845425867508 0.040892193308550186
2 0.15615141955835962 0.8655514250309789 0.31230283911671924 0.04584882280049566
2 0.13564668769716087 0.8866171003717472 0.27129337539432175 0.04337050805452292
2 0.14353312302839116 0.9052044609665427 0.2870662460567823 0.048327137546468404
2 0.12145110410094637 0.9244114002478315 0.24290220820189273 0.042131350681536554
2 0.580441640378549 0.8482032218091697 0.42902208201892744 0.10161090458488228
2 0.5757097791798107 0.8952912019826518 0.35331230283911674 0.05452292441140025
2 0.580441640378549 0.9188351920693928 0.3280757097791798 0.04584882280049566
2 0.5788643533123028 0.9380421313506815 0.305993690851735 0.042131350681536554
2 0.43217665615141954 0.9368029739776952 0.167192429022082 0.03345724907063197
2 0.6593059936908517 0.9653035935563816 0.1167192429022082 0.026022304832713755
3 0.3801261829652997 0.48141263940520446 0.3785488958990536 0.04460966542750929
0 0.1309148264984227 0.9504337050805453 0.2618296529968454 0.05204460966542751