3 0.3280757097791798 0.02168525402726146 0.47318611987381703 0.021065675340768277
3 0.3391167192429022 0.04460966542750929 0.42586750788643535 0.01858736059479554
3 0.3438485804416404 0.0644361833952912 0.39747634069400634 0.01486988847583643
3 0.34542586750788645 0.13444857496902107 0.416403785488959 0.0161090458488228
3 0.3470031545741325 0.1536555142503098 0.3753943217665615 0.01734820322180917
3 0.3627760252365931 0.7261462205700124 0.35646687697160884 0.0161090458488228
3 0.3659305993690852 0.7453531598513011 0.3438485804416404 0.01858736059479554
3 0.3722397476340694 0.7676579925650557 0.3280757097791798 0.013630731102850062
3 0.35646687697160884 0.7837670384138785 0.3753943217665615 0.01858736059479554
3 0.35962145110410093 0.8079306071871127 0.3438485804416404 0.012391573729863693
3 0.35646687697160884 0.8265179677819083 0.3186119873817035 0.012391573729863693
2 0.3438485804416404 0.08983890954151177 0.4069400630914827 0.01982651796778191
2 0.34858044164037855 0.11152416356877323 0.38485804416403785 0.01734820322180917
2 0.3422712933753943 0.17657992565055763 0.41009463722397477 0.01982651796778191
2 0.3422712933753943 0.1976456009913259 0.4195583596214511 0.01982651796778191
2 0.32965299684542587 0.21871127633209417 0.38170347003154576 0.01858736059479554
2 0.3438485804416404 0.23977695167286245 0.38485804416403785 0.024783147459727387
2 0.3438485804416404 0.26022304832713755 0.3722397476340694 0.021065675340768277
2 0.3470031545741325 0.281908302354399 0.3943217665615142 0.01858736059479554
2 0.3501577287066246 0.3097893432465923 0.38801261829652994 0.01734820322180917
2 0.3580441640378549 0.3246592317224288 0.40063091482649843 0.01858736059479554
2 0.3580441640378549 0.34944237918215615 0.3943217665615142 0.022304832713754646
2 0.35331230283911674 0.37236679058240396 0.39747634069400634 0.01734820322180917
2 0.3643533123028391 0.3903345724907063 0.41009463722397477 0.01982651796778191
2 0.361198738170347 0.4114002478314746 0.3911671924290221 0.01982651796778191
2 0.3659305993690852 0.43246592317224286 0.3943217665615142 0.021065675340768277
2 0.3659305993690852 0.45291201982651796 0.40063091482649843 0.0161090458488228
2 0.3659305993690852 0.4758364312267658 0.3943217665615142 0.01486988847583643
2 0.3438485804416404 0.540272614622057 0.35646687697160884 0.013630731102850062
2 0.3359621451104101 0.5607187112763321 0.3753943217665615 0.013630731102850062
2 0.3438485804416404 0.580545229244114 0.334384858044164 0.01486988847583643
2 0.3391167192429022 0.6022304832713755 0.3312302839116719 0.0161090458488228
2 0.3280757097791798 0.6226765799256505 0.34069400630914826 0.01486988847583643
2 0.3249211356466877 0.6418835192069393 0.3470031545741325 0.012391573729863693
2 0.33280757097791797 0.6604708798017348 0.3627760252365931 0.01734820322180917
2 0.3280757097791798 0.6827757125154895 0.34069400630914826 0.01486988847583643
2 0.3501577287066246 0.701363073110285 0.35331230283911674 0.013630731102850062
2 0.35962145110410093 0.8488228004956629 0.30914826498422715 0.012391573729863693
2 0.37066246056782337 0.8698884758364313 0.305993690851735 0.012391573729863693
2 0.37381703470031546 0.88909541511772 0.35331230283911674 0.012391573729863693
2 0.3722397476340694 0.9114002478314746 0.3028391167192429 0.01486988847583643
2 0.36908517350157727 0.9299876084262702 0.3627760252365931 0.013630731102850062
2 0.3753943217665615 0.949814126394052 0.28391167192429023 0.0161090458488228
2 0.7933753943217665 0.8302354399008675 0.40063091482649843 0.0644361833952912
2 0.8170347003154574 0.8760842627013631 0.3501577287066246 0.021065675340768277
2 0.8359621451104101 0.8990086741016109 0.3280757097791798 0.01486988847583643
2 0.8454258675078864 0.9175960346964065 0.30914826498422715 0.012391573729863693
2 0.7034700315457413 0.9306071871127634 0.1608832807570978 0.01858736059479554
2 0.9416403785488959 0.936183395291202 0.10725552050473186 0.0161090458488228
3 0.3722397476340694 0.49318463444857497 0.38485804416403785 0.008674101610904586
0 0.37381703470031546 0.9770755885997522 0.35962145110410093 0.01858736059479554