3 0.2815972222222222 0.4778645833333333 0.26458333333333334 0.022395833333333334
3 0.2767361111111111 0.5026041666666666 0.22777777777777777 0.020833333333333332
3 0.2746527777777778 0.52734375 0.20416666666666666 0.016666666666666666
3 0.27534722222222224 0.5494791666666666 0.19444444444444445 0.015104166666666667
3 0.29097222222222224 0.5684895833333333 0.20069444444444445 0.017708333333333333
3 0.28194444444444444 0.58828125 0.18541666666666667 0.0171875
0 0.2798611111111111 0.36354166666666665 0.30694444444444446 0.0203125
0 0.28194444444444444 0.38828125 0.30069444444444443 0.020833333333333332
0 0.28020833333333334 0.41067708333333336 0.29791666666666666 0.022916666666666665
0 0.28368055555555555 0.4354166666666667 0.30069444444444443 0.0296875
2 0.28368055555555555 0.6130208333333333 0.26944444444444443 0.018229166666666668
2 0.27152777777777776 0.6333333333333333 0.23125 0.017708333333333333
2 0.2777777777777778 0.6578125 0.21180555555555555 0.01875
2 0.26979166666666665 0.6815104166666667 0.19583333333333333 0.0171875
2 0.2673611111111111 0.7057291666666666 0.1763888888888889 0.013541666666666667
2 0.2826388888888889 0.7231770833333333 0.1763888888888889 0.013541666666666667
2 0.2777777777777778 0.7466145833333333 0.17430555555555555 0.016145833333333335
2 0.27361111111111114 0.76640625 0.13333333333333333 0.015625
2 0.26944444444444443 0.7828125 0.16041666666666668 0.013541666666666667
1 0.27326388888888886 0.8026041666666667 0.19583333333333333 0.022395833333333334
1 0.2604166666666667 0.82578125 0.17708333333333334 0.0125
1 0.26493055555555556 0.84453125 0.17916666666666667 0.0171875
1 0.26180555555555557 0.8674479166666667 0.1451388888888889 0.019791666666666666