2 0.6493055555555556 0.5268229166666667 0.39444444444444443 0.0578125
2 0.6541666666666667 0.578125 0.3645833333333333 0.0515625
2 0.6552083333333333 0.6216145833333333 0.3 0.041666666666666664
2 0.6819444444444445 0.7598958333333333 0.28402777777777777 0.04010416666666667
2 0.6815972222222222 0.7885416666666667 0.24861111111111112 0.035416666666666666
2 0.696875 0.8588541666666667 0.2520833333333333 0.0375
2 0.7180555555555556 0.89375 0.26805555555555555 0.0421875
1 0.6788194444444444 0.6549479166666666 0.2513888888888889 0.040625
1 0.6996527777777778 0.7278645833333334 0.2965277777777778 0.04739583333333333
3 0.6840277777777778 0.6901041666666666 0.28402777777777777 0.04375
3 0.6895833333333333 0.8270833333333333 0.2513888888888889 0.043229166666666666