1 0.46597222222222223 0.27057291666666666 0.39861111111111114 0.08333333333333333
1 0.4913194444444444 0.3533854166666667 0.4111111111111111 0.08020833333333334
1 0.5159722222222223 0.46067708333333335 0.375 0.07864583333333333
2 0.44895833333333335 0.09401041666666667 0.47430555555555554 0.10364583333333334
2 0.4625 0.1359375 0.44513888888888886 0.09270833333333334
2 0.4753472222222222 0.18072916666666666 0.4270833333333333 0.08854166666666667
2 0.471875 0.22265625 0.39166666666666666 0.08854166666666667
2 0.49756944444444445 0.30833333333333335 0.42569444444444443 0.08333333333333333
0 0.49756944444444445 0.38723958333333336 0.3993055555555556 0.08072916666666667
0 0.5100694444444445 0.421875 0.38472222222222224 0.0765625
0 0.5215277777777778 0.4940104166666667 0.3715277777777778 0.06979166666666667
0 0.5236111111111111 0.56484375 0.3729166666666667 0.065625
3 0.51875 0.5302083333333333 0.3284722222222222 0.06302083333333333
3 0.5302083333333333 0.5997395833333333 0.3 0.06458333333333334
3 0.553125 0.63125 0.3194444444444444 0.0640625
3 0.5638888888888889 0.6630208333333333 0.2923611111111111 0.06145833333333333
3 0.5739583333333333 0.69765625 0.26180555555555557 0.0546875
3 0.5829861111111111 0.72109375 0.23055555555555557 0.04739583333333333
3 0.5857638888888889 0.7877604166666666 0.2743055555555556 0.05260416666666667
2 0.5868055555555556 0.75703125 0.23819444444444443 0.0484375
2 0.5899305555555555 0.81796875 0.22013888888888888 0.04114583333333333
2 0.590625 0.8471354166666667 0.21180555555555555 0.04479166666666667
2 0.6048611111111111 0.878125 0.19930555555555557 0.044270833333333336