1 0.5677083333333334 0.2747395833333333 0.39861111111111114 0.08854166666666667
1 0.5552083333333333 0.359375 0.41041666666666665 0.08541666666666667
1 0.5322916666666667 0.4666666666666667 0.37430555555555556 0.08333333333333333
2 0.628125 0.10364583333333334 0.47430555555555554 0.10989583333333333
2 0.6225694444444444 0.14661458333333333 0.44513888888888886 0.0984375
2 0.6152777777777778 0.1921875 0.4270833333333333 0.09427083333333333
2 0.59375 0.23072916666666668 0.3909722222222222 0.09322916666666667
2 0.5809027777777778 0.3182291666666667 0.425 0.08854166666666667
0 0.5465277777777777 0.3927083333333333 0.3993055555555556 0.0859375
0 0.54375 0.42864583333333334 0.38472222222222224 0.08125
0 0.5229166666666667 0.49947916666666664 0.3715277777777778 0.07447916666666667
0 0.49409722222222224 0.5671875 0.37222222222222223 0.0703125
3 0.5048611111111111 0.5333333333333333 0.3277777777777778 0.0671875
3 0.48541666666666666 0.6015625 0.3 0.06875
3 0.4934027777777778 0.6372395833333333 0.31875 0.06822916666666666
3 0.4895833333333333 0.6697916666666667 0.2916666666666667 0.06510416666666667
3 0.4840277777777778 0.7049479166666667 0.26180555555555557 0.0578125
3 0.4826388888888889 0.7291666666666666 0.23055555555555557 0.050520833333333334
3 0.45625 0.79296875 0.27361111111111114 0.05625
2 0.4704861111111111 0.7643229166666666 0.23819444444444443 0.0515625
2 0.446875 0.82265625 0.21944444444444444 0.044270833333333336
2 0.43506944444444445 0.8502604166666666 0.21180555555555555 0.04739583333333333
2 0.43506944444444445 0.8830729166666667 0.19930555555555557 0.046875