3 0.4878472222222222 0.4317708333333333 0.6569444444444444 0.11458333333333333
3 0.4774305555555556 0.47994791666666664 0.6347222222222222 0.1234375
3 0.49756944444444445 0.5411458333333333 0.5756944444444444 0.1359375
0 0.46597222222222223 0.28177083333333336 0.7652777777777777 0.17395833333333333
1 0.4774305555555556 0.3625 0.7493055555555556 0.15729166666666666
2 0.53125 0.6140625 0.68125 0.15520833333333334
2 0.5371527777777778 0.6809895833333334 0.5826388888888889 0.1171875
2 0.5725694444444445 0.7377604166666667 0.6048611111111111 0.12916666666666668
2 0.5579861111111111 0.8036458333333333 0.5569444444444445 0.125
2 0.5861111111111111 0.86328125 0.5298611111111111 0.12239583333333333
2 0.6111111111111112 0.9263020833333333 0.5138888888888888 0.1234375