2 0.6003472222222223 0.28125 0.33611111111111114 0.07291666666666667
2 0.5979166666666667 0.315625 0.31180555555555556 0.057291666666666664
2 0.5923611111111111 0.34296875 0.3104166666666667 0.052083333333333336
2 0.5878472222222222 0.37135416666666665 0.3125 0.0515625
2 0.578125 0.39895833333333336 0.30277777777777776 0.049479166666666664
2 0.5767361111111111 0.42682291666666666 0.3055555555555556 0.052083333333333336
2 0.5680555555555555 0.45338541666666665 0.28541666666666665 0.05260416666666667
2 0.5670138888888889 0.47890625 0.2916666666666667 0.046875
2 0.5607638888888888 0.5049479166666667 0.275 0.0484375
2 0.5534722222222223 0.5294270833333333 0.28402777777777777 0.04739583333333333
2 0.5482638888888889 0.5528645833333333 0.2833333333333333 0.052083333333333336
2 0.5434027777777778 0.5815104166666667 0.26666666666666666 0.043229166666666666
2 0.5229166666666667 0.60234375 0.23958333333333334 0.04791666666666667
1 0.2954861111111111 0.409375 0.2222222222222222 0.04635416666666667
1 0.2902777777777778 0.4317708333333333 0.20833333333333334 0.0453125
1 0.29097222222222224 0.45625 0.21041666666666667 0.043229166666666666
1 0.2864583333333333 0.4796875 0.2 0.04114583333333333
1 0.2829861111111111 0.5036458333333333 0.18888888888888888 0.03802083333333333
1 0.28125 0.5205729166666667 0.19652777777777777 0.0390625
3 0.7788194444444444 0.6627604166666666 0.22777777777777777 0.09010416666666667
3 0.8434027777777777 0.7416666666666667 0.23472222222222222 0.06197916666666667
3 0.8697916666666666 0.7828125 0.16666666666666666 0.04583333333333333