2 0.5850694444444444 0.27760416666666665 0.33541666666666664 0.059895833333333336
2 0.5847222222222223 0.31197916666666664 0.3125 0.0453125
2 0.58125 0.33958333333333335 0.3111111111111111 0.04010416666666667
2 0.5788194444444444 0.36796875 0.3125 0.03958333333333333
2 0.5708333333333333 0.39609375 0.3034722222222222 0.03802083333333333
2 0.5715277777777777 0.4236979166666667 0.30625 0.04010416666666667
2 0.5645833333333333 0.45078125 0.28541666666666665 0.041666666666666664
2 0.5652777777777778 0.47630208333333335 0.2923611111111111 0.0359375
2 0.5611111111111111 0.5026041666666666 0.275 0.03802083333333333
2 0.5555555555555556 0.5270833333333333 0.28402777777777777 0.036458333333333336
2 0.5520833333333334 0.5510416666666667 0.2833333333333333 0.04114583333333333
2 0.5493055555555556 0.5796875 0.26666666666666666 0.0328125
2 0.5298611111111111 0.6013020833333333 0.23958333333333334 0.03854166666666667
1 0.28958333333333336 0.41744791666666664 0.2222222222222222 0.03802083333333333
1 0.2857638888888889 0.43984375 0.20833333333333334 0.0375
1 0.2881944444444444 0.46458333333333335 0.20972222222222223 0.034895833333333334
1 0.28541666666666665 0.48828125 0.19930555555555557 0.03333333333333333
1 0.28368055555555555 0.5122395833333333 0.18888888888888888 0.030729166666666665
1 0.2829861111111111 0.5291666666666667 0.19652777777777777 0.03177083333333333
3 0.7895833333333333 0.6515625 0.22430555555555556 0.08229166666666667
3 0.8600694444444444 0.7278645833333334 0.23333333333333334 0.053125
3 0.8888888888888888 0.76796875 0.16597222222222222 0.03958333333333333