0 0.15703125 0.14609375 0.3109375 0.22890625
0 0.4796875 0.38984375 0.29296875 0.21328125
3 0.18828125 0.60546875 0.2375 0.23125
1 0.83515625 0.15625 0.2265625 0.20390625
2 0.4984375 0.1296875 0.246875 0.17578125
2 0.8453125 0.38046875 0.3015625 0.1984375
2 0.825 0.61875 0.296875 0.2296875
2 0.84921875 0.86640625 0.3015625 0.1828125
2 0.4984375 0.88125 0.31640625 0.22734375
2 0.47734375 0.625 0.25 0.21484375
2 0.14921875 0.36953125 0.26328125 0.18671875
2 0.17109375 0.86640625 0.290625 0.20390625