2 0.6734375 0.4875 0.521875 0.05625
1 0.675 0.5328125 0.525 0.0515625
1 0.684375 0.578125 0.5625 0.05703125
2 0.6859375 0.6171875 0.57421875 0.0375
2 0.6796875 0.65625 0.53515625 0.0484375
2 0.665625 0.69921875 0.54375 0.04453125
2 0.66484375 0.740625 0.53046875 0.03125
0 0.6578125 0.77890625 0.51328125 0.04375
1 0.65625 0.82265625 0.484375 0.040625
2 0.66484375 0.86796875 0.47890625 0.0359375
2 0.65390625 0.90390625 0.44921875 0.0328125
2 0.67265625 0.94140625 0.48671875 0.05546875
2 0.28828125 0.146875 0.47109375 0.03125
3 0.2859375 0.19140625 0.48984375 0.02890625
2 0.27734375 0.22578125 0.51015625 0.03046875
2 0.2875 0.26484375 0.5296875 0.02578125
2 0.27109375 0.29453125 0.534375 0.0359375
0 0.2765625 0.3359375 0.553125 0.02109375
2 0.27734375 0.3640625 0.46484375 0.03359375
3 0.259375 0.41171875 0.47734375 0.0265625
1 0.29453125 0.43828125 0.49609375 0.040625
3 0.228125 0.48125 0.3625 0.0375
1 0.21875 0.51328125 0.38125 0.025
1 0.21328125 0.54453125 0.359375 0.028125
2 0.2265625 0.57421875 0.34765625 0.04453125
3 0.2453125 0.61015625 0.265625 0.04375
3 0.209375 0.640625 0.36328125 0.04453125
2 0.2171875 0.678125 0.34453125 0.0328125
3 0.228125 0.7125 0.3390625 0.02265625
2 0.2140625 0.74453125 0.3375 0.034375
2 0.20859375 0.778125 0.35 0.0296875
2 0.23046875 0.81171875 0.32578125 0.034375
0 0.2328125 0.85546875 0.33125 0.03671875